cryptoCurrency;cryptoValue;cryptoTimestamp
IOP,0.00061,"2017-06-17 00:15:00"
IOP,0.00063436,"2017-06-17 00:20:00"
IOP,0.00063436,"2017-06-17 00:25:00"
IOP,0.00063436,"2017-06-17 00:30:00"
IOP,0.00063436,"2017-06-17 00:35:00"
IOP,0.00063436,"2017-06-17 00:40:00"
IOP,0.00063436,"2017-06-17 00:45:00"
IOP,0.00063436,"2017-06-17 00:50:00"
IOP,0.00063436,"2017-06-17 00:55:00"
IOP,0.00063436,"2017-06-17 01:00:00"
IOP,0.00063436,"2017-06-17 01:05:00"
IOP,0.00063436,"2017-06-17 01:10:00"
IOP,0.00063436,"2017-06-17 01:15:00"
IOP,0.00063436,"2017-06-17 01:20:00"
IOP,0.00063436,"2017-06-17 01:25:00"
IOP,0.00063436,"2017-06-17 01:30:00"
IOP,0.00063436,"2017-06-17 01:35:00"
IOP,0.00063436,"2017-06-17 01:40:00"
IOP,0.00063436,"2017-06-17 01:45:00"
IOP,0.00063436,"2017-06-17 01:50:00"
IOP,0.00063436,"2017-06-17 01:55:00"
IOP,0.00063436,"2017-06-17 02:00:00"
IOP,0.00063436,"2017-06-17 02:05:00"
IOP,0.00061622,"2017-06-17 02:10:00"
IOP,0.00061622,"2017-06-17 02:15:00"
IOP,0.00061622,"2017-06-17 02:20:00"
IOP,0.00061622,"2017-06-17 02:25:00"
IOP,0.00061622,"2017-06-17 02:30:00"
IOP,0.00061622,"2017-06-17 02:35:00"
IOP,0.00061622,"2017-06-17 02:40:00"
IOP,0.00061622,"2017-06-17 02:45:00"
IOP,0.00061622,"2017-06-17 02:50:00"
IOP,0.00061622,"2017-06-17 02:55:00"
IOP,0.00061622,"2017-06-17 03:00:00"
IOP,0.00061622,"2017-06-17 03:05:00"
IOP,0.00061622,"2017-06-17 03:10:00"
IOP,0.00061622,"2017-06-17 03:15:00"
IOP,0.00061622,"2017-06-17 03:20:00"
IOP,0.00061622,"2017-06-17 03:25:00"
IOP,0.00061622,"2017-06-17 03:30:00"
IOP,0.00061622,"2017-06-17 03:35:00"
IOP,0.00061622,"2017-06-17 03:40:00"
IOP,0.00061622,"2017-06-17 03:45:00"
IOP,0.00061622,"2017-06-17 03:50:00"
IOP,0.00061622,"2017-06-17 03:55:00"
IOP,0.00061622,"2017-06-17 04:00:00"
IOP,0.00061622,"2017-06-17 04:05:00"
IOP,0.00061622,"2017-06-17 04:10:00"
IOP,0.00061622,"2017-06-17 04:15:00"
IOP,0.00061622,"2017-06-17 04:20:00"
IOP,0.00061622,"2017-06-17 04:25:00"
IOP,0.00061622,"2017-06-17 04:30:00"
IOP,0.00061622,"2017-06-17 04:35:00"
IOP,0.00061622,"2017-06-17 04:40:00"
IOP,0.00061622,"2017-06-17 04:45:00"
IOP,0.00061622,"2017-06-17 04:50:00"
IOP,0.00061622,"2017-06-17 04:55:00"
IOP,0.00061622,"2017-06-17 05:00:00"
IOP,0.00061622,"2017-06-17 05:05:00"
IOP,0.00061622,"2017-06-17 05:10:00"
IOP,0.00061622,"2017-06-17 05:15:00"
IOP,0.00061622,"2017-06-17 05:20:00"
IOP,0.00061622,"2017-06-17 05:25:00"
IOP,0.00061622,"2017-06-17 05:30:00"
IOP,0.00061622,"2017-06-17 05:35:00"
IOP,0.00061622,"2017-06-17 05:40:00"
IOP,0.00061622,"2017-06-17 05:45:00"
IOP,0.00061622,"2017-06-17 05:50:00"
IOP,0.00061622,"2017-06-17 05:55:00"
IOP,0.00061622,"2017-06-17 06:00:00"
IOP,0.00061622,"2017-06-17 06:05:00"
IOP,0.00061622,"2017-06-17 06:10:00"
IOP,0.00061622,"2017-06-17 06:15:00"
IOP,0.00061622,"2017-06-17 06:20:00"
IOP,0.00061622,"2017-06-17 06:25:00"
IOP,0.00061622,"2017-06-17 06:30:00"
IOP,0.00061622,"2017-06-17 06:35:00"
IOP,0.00061622,"2017-06-17 06:40:00"
IOP,0.00061618,"2017-06-17 06:45:00"
IOP,0.00061618,"2017-06-17 06:50:00"
IOP,0.00061618,"2017-06-17 06:55:00"
IOP,0.00061618,"2017-06-17 07:00:00"
IOP,0.00061618,"2017-06-17 07:05:00"
IOP,0.00061618,"2017-06-17 07:10:00"
IOP,0.00061618,"2017-06-17 07:15:00"
IOP,0.00061618,"2017-06-17 07:20:00"
IOP,0.00061618,"2017-06-17 07:25:00"
IOP,0.00061618,"2017-06-17 07:30:00"
IOP,0.00061618,"2017-06-17 07:35:00"
IOP,0.00061618,"2017-06-17 07:40:00"
IOP,0.00061618,"2017-06-17 07:45:00"
IOP,0.00061618,"2017-06-17 07:50:00"
IOP,0.00061618,"2017-06-17 07:55:00"
IOP,0.00061618,"2017-06-17 08:00:00"
IOP,0.00061618,"2017-06-17 08:05:00"
IOP,0.00061618,"2017-06-17 08:10:00"
IOP,0.00061618,"2017-06-17 08:15:00"
IOP,0.00061618,"2017-06-17 08:20:00"
IOP,0.00061618,"2017-06-17 08:25:00"
IOP,0.00061618,"2017-06-17 08:30:00"
IOP,0.00061618,"2017-06-17 08:35:00"
IOP,0.00061618,"2017-06-17 08:40:00"
IOP,0.00061618,"2017-06-17 08:45:00"
IOP,0.00063014,"2017-06-17 08:50:00"
IOP,0.00063,"2017-06-17 08:55:00"
IOP,0.00063,"2017-06-17 09:00:00"
IOP,0.00063,"2017-06-17 09:05:00"
IOP,0.00063,"2017-06-17 09:10:00"
IOP,0.00063,"2017-06-17 09:15:00"
IOP,0.00063,"2017-06-17 09:20:00"
IOP,0.00063,"2017-06-17 09:25:00"
IOP,0.00063,"2017-06-17 09:30:00"
IOP,0.00063,"2017-06-17 09:35:00"
IOP,0.00063,"2017-06-17 09:40:00"
IOP,0.00066003,"2017-06-17 09:45:00"
IOP,0.00065989,"2017-06-17 09:50:00"
IOP,0.00065989,"2017-06-17 09:55:00"
IOP,0.00065989,"2017-06-17 10:00:00"
IOP,0.00065989,"2017-06-17 10:05:00"
IOP,0.00065989,"2017-06-17 10:10:00"
IOP,0.00065989,"2017-06-17 10:15:00"
IOP,0.00065989,"2017-06-17 10:20:00"
IOP,0.00065989,"2017-06-17 10:25:00"
IOP,0.00065989,"2017-06-17 10:30:00"
IOP,0.00065989,"2017-06-17 10:35:00"
IOP,0.00065989,"2017-06-17 10:40:00"
IOP,0.00065989,"2017-06-17 10:45:00"
IOP,0.00065989,"2017-06-17 10:50:00"
IOP,0.00065989,"2017-06-17 10:55:00"
IOP,0.00065989,"2017-06-17 11:00:00"
IOP,0.00065989,"2017-06-17 11:05:00"
IOP,0.00065989,"2017-06-17 11:10:00"
IOP,0.00065989,"2017-06-17 11:15:00"
IOP,0.00065989,"2017-06-17 11:20:00"
IOP,0.00065989,"2017-06-17 11:25:00"
IOP,0.00065989,"2017-06-17 11:30:00"
IOP,0.00065989,"2017-06-17 11:35:00"
IOP,0.00065989,"2017-06-17 11:40:00"
IOP,0.00065989,"2017-06-17 11:45:00"
IOP,0.00065989,"2017-06-17 11:50:00"
IOP,0.00065989,"2017-06-17 11:55:00"
IOP,0.00065989,"2017-06-17 12:00:00"
IOP,0.00065989,"2017-06-17 12:05:00"
IOP,0.00065989,"2017-06-17 12:10:00"
IOP,0.00065989,"2017-06-17 12:15:00"
IOP,0.00065989,"2017-06-17 12:20:00"
IOP,0.00065989,"2017-06-17 12:25:00"
IOP,0.00065989,"2017-06-17 12:30:00"
IOP,0.00065989,"2017-06-17 12:35:00"
IOP,0.00065989,"2017-06-17 12:40:00"
IOP,0.00065989,"2017-06-17 12:45:00"
IOP,0.00065989,"2017-06-17 12:50:00"
IOP,0.00065989,"2017-06-17 12:55:00"
IOP,0.00065989,"2017-06-17 13:00:00"
IOP,0.00065989,"2017-06-17 13:05:00"
IOP,0.00065989,"2017-06-17 13:10:00"
IOP,0.00065989,"2017-06-17 13:15:00"
IOP,0.00065989,"2017-06-17 13:20:00"
IOP,0.00065989,"2017-06-17 13:25:00"
IOP,0.00065989,"2017-06-17 13:30:00"
IOP,0.00065989,"2017-06-17 13:35:00"
IOP,0.00065989,"2017-06-17 13:40:00"
IOP,0.00065989,"2017-06-17 13:45:00"
IOP,0.00065989,"2017-06-17 13:50:00"
IOP,0.00065989,"2017-06-17 13:55:00"
IOP,0.00065989,"2017-06-17 14:00:00"
IOP,0.00065989,"2017-06-17 14:05:00"
IOP,0.00065989,"2017-06-17 14:10:00"
IOP,0.00063,"2017-06-17 14:15:00"
IOP,0.00063,"2017-06-17 14:20:00"
IOP,0.00063,"2017-06-17 14:25:00"
IOP,0.00063,"2017-06-17 14:30:00"
IOP,0.00063,"2017-06-17 14:35:00"
IOP,0.00063,"2017-06-17 14:40:00"
IOP,0.00063,"2017-06-17 14:45:00"
IOP,0.00063,"2017-06-17 14:50:00"
IOP,0.00063,"2017-06-17 14:55:00"
IOP,0.00063,"2017-06-17 15:00:00"
IOP,0.00063,"2017-06-17 15:05:00"
IOP,0.00063,"2017-06-17 15:10:00"
IOP,0.00063,"2017-06-17 15:15:00"
IOP,0.00063,"2017-06-17 15:20:00"
IOP,0.00063,"2017-06-17 15:25:00"
IOP,0.00063,"2017-06-17 15:30:00"
IOP,0.00063,"2017-06-17 15:35:00"
IOP,0.00063,"2017-06-17 15:40:00"
IOP,0.00063,"2017-06-17 15:45:00"
IOP,0.00063,"2017-06-17 15:50:00"
IOP,0.00063,"2017-06-17 15:55:00"
IOP,0.00063,"2017-06-17 16:00:00"
IOP,0.00063,"2017-06-17 16:05:00"
IOP,0.00063,"2017-06-17 16:10:00"
IOP,0.00063,"2017-06-17 16:15:00"
IOP,0.00063,"2017-06-17 16:20:00"
IOP,0.00063,"2017-06-17 16:25:00"
IOP,0.00063,"2017-06-17 16:30:00"
IOP,0.00066468,"2017-06-17 16:35:00"
IOP,0.00066468,"2017-06-17 16:40:00"
IOP,0.00066468,"2017-06-17 16:45:00"
IOP,0.00066468,"2017-06-17 16:50:00"
IOP,0.00066468,"2017-06-17 16:55:00"
IOP,0.00066468,"2017-06-17 17:00:00"
IOP,0.00066468,"2017-06-17 17:05:00"
IOP,0.00066468,"2017-06-17 17:10:00"
IOP,0.00066498,"2017-06-17 17:15:00"
IOP,0.00066498,"2017-06-17 17:20:00"
IOP,0.00066498,"2017-06-17 17:25:00"
IOP,0.00066498,"2017-06-17 17:30:00"
IOP,0.00066498,"2017-06-17 17:35:00"
IOP,0.00066498,"2017-06-17 17:40:00"
IOP,0.00066498,"2017-06-17 17:45:00"
IOP,0.00066498,"2017-06-17 17:50:00"
IOP,0.00066498,"2017-06-17 17:55:00"
IOP,0.00066498,"2017-06-17 18:00:00"
IOP,0.00066778,"2017-06-17 18:05:00"
IOP,0.00066778,"2017-06-17 18:10:00"
IOP,0.00066842,"2017-06-17 18:15:00"
IOP,0.00066842,"2017-06-17 18:20:00"
IOP,0.00066842,"2017-06-17 18:25:00"
IOP,0.00066842,"2017-06-17 18:30:00"
IOP,0.00066842,"2017-06-17 18:35:00"
IOP,0.00066842,"2017-06-17 18:40:00"
IOP,0.00066842,"2017-06-17 18:45:00"
IOP,0.00066842,"2017-06-17 18:50:00"
IOP,0.00066842,"2017-06-17 18:55:00"
IOP,0.00066842,"2017-06-17 19:00:00"
IOP,0.00066842,"2017-06-17 19:05:00"
IOP,0.00066842,"2017-06-17 19:10:00"
IOP,0.00066842,"2017-06-17 19:15:00"
IOP,0.00066842,"2017-06-17 19:20:00"
IOP,0.00066842,"2017-06-17 19:25:00"
IOP,0.00066842,"2017-06-17 19:30:00"
IOP,0.000722,"2017-06-17 19:35:00"
IOP,0.00072003,"2017-06-17 19:40:00"
IOP,0.00072231,"2017-06-17 19:45:00"
IOP,0.00068,"2017-06-17 19:50:00"
IOP,0.00068,"2017-06-17 19:55:00"
IOP,0.00068,"2017-06-17 20:00:00"
IOP,0.00069968,"2017-06-17 20:05:00"
IOP,0.00069968,"2017-06-17 20:10:00"
IOP,0.00069968,"2017-06-17 20:15:00"
IOP,0.00069968,"2017-06-17 20:20:00"
IOP,0.00069968,"2017-06-17 20:25:00"
IOP,0.00069968,"2017-06-17 20:30:00"
IOP,0.00069968,"2017-06-17 20:35:00"
IOP,0.00071948,"2017-06-17 20:40:00"
IOP,0.00070008,"2017-06-17 20:45:00"
IOP,0.00071793,"2017-06-17 20:50:00"
IOP,0.00071793,"2017-06-17 20:55:00"
IOP,0.00071793,"2017-06-17 21:00:00"
IOP,0.00071793,"2017-06-17 21:05:00"
IOP,0.00071793,"2017-06-17 21:10:00"
IOP,0.00071793,"2017-06-17 21:15:00"
IOP,0.00071793,"2017-06-17 21:20:00"
IOP,0.00071793,"2017-06-17 21:25:00"
IOP,0.00071793,"2017-06-17 21:30:00"
IOP,0.00071793,"2017-06-17 21:35:00"
IOP,0.00071793,"2017-06-17 21:40:00"
IOP,0.00071793,"2017-06-17 21:45:00"
IOP,0.00069999,"2017-06-17 21:50:00"
IOP,0.00069999,"2017-06-17 21:55:00"
IOP,0.00069999,"2017-06-17 22:00:00"
IOP,0.00069999,"2017-06-17 22:05:00"
IOP,0.00069999,"2017-06-17 22:10:00"
IOP,0.00069999,"2017-06-17 22:15:00"
IOP,0.00069999,"2017-06-17 22:20:00"
IOP,0.00067344,"2017-06-17 22:25:00"
IOP,0.00067344,"2017-06-17 22:30:00"
IOP,0.00067344,"2017-06-17 22:35:00"
IOP,0.00067344,"2017-06-17 22:40:00"
IOP,0.0006738,"2017-06-17 22:45:00"
IOP,0.0006738,"2017-06-17 22:50:00"
IOP,0.0006738,"2017-06-17 22:55:00"
IOP,0.0006738,"2017-06-17 23:00:00"
IOP,0.0006738,"2017-06-17 23:05:00"
IOP,0.0006738,"2017-06-17 23:10:00"
IOP,0.0006738,"2017-06-17 23:15:00"
IOP,0.0006738,"2017-06-17 23:20:00"
IOP,0.0006738,"2017-06-17 23:25:00"
IOP,0.0006738,"2017-06-17 23:30:00"
IOP,0.0006738,"2017-06-17 23:35:00"
IOP,0.0006738,"2017-06-17 23:40:00"
IOP,0.0006738,"2017-06-17 23:45:00"
IOP,0.0006738,"2017-06-17 23:50:00"
IOP,0.0006738,"2017-06-17 23:55:00"
IOP,0.0006738,"2017-06-18 00:00:00"
IOP,0.00067541,"2017-06-18 00:05:00"
IOP,0.00067541,"2017-06-18 00:10:00"
IOP,0.00067344,"2017-06-18 00:15:00"
IOP,0.00067344,"2017-06-18 00:20:00"
IOP,0.00067344,"2017-06-18 00:25:00"
IOP,0.00067344,"2017-06-18 00:30:00"
IOP,0.00067344,"2017-06-18 00:35:00"
IOP,0.00067344,"2017-06-18 00:40:00"
IOP,0.00067344,"2017-06-18 00:45:00"
IOP,0.00067344,"2017-06-18 00:50:00"
IOP,0.00067344,"2017-06-18 00:55:00"
IOP,0.00067344,"2017-06-18 01:00:00"
IOP,0.00067344,"2017-06-18 01:05:00"
IOP,0.00067344,"2017-06-18 01:10:00"
IOP,0.00067344,"2017-06-18 01:15:00"
IOP,0.00067344,"2017-06-18 01:20:00"
IOP,0.00067344,"2017-06-18 01:25:00"
IOP,0.00065118,"2017-06-18 01:30:00"
IOP,0.00065118,"2017-06-18 01:35:00"
IOP,0.00065118,"2017-06-18 01:40:00"
IOP,0.00065118,"2017-06-18 01:45:00"
IOP,0.00065118,"2017-06-18 01:50:00"
IOP,0.00065118,"2017-06-18 01:55:00"
IOP,0.00065118,"2017-06-18 02:00:00"
IOP,0.00065118,"2017-06-18 02:05:00"
IOP,0.00065118,"2017-06-18 02:10:00"
IOP,0.00065118,"2017-06-18 02:15:00"
IOP,0.00065118,"2017-06-18 02:20:00"
IOP,0.00065118,"2017-06-18 02:25:00"
IOP,0.00065118,"2017-06-18 02:30:00"
IOP,0.00065118,"2017-06-18 02:35:00"
IOP,0.00065118,"2017-06-18 02:40:00"
IOP,0.00065118,"2017-06-18 02:45:00"
IOP,0.00065118,"2017-06-18 02:50:00"
IOP,0.00065118,"2017-06-18 02:55:00"
IOP,0.00065118,"2017-06-18 03:00:00"
IOP,0.00065118,"2017-06-18 03:05:00"
IOP,0.00065118,"2017-06-18 03:10:00"
IOP,0.00065118,"2017-06-18 03:15:00"
IOP,0.00065118,"2017-06-18 03:20:00"
IOP,0.00065118,"2017-06-18 03:25:00"
IOP,0.00065118,"2017-06-18 03:30:00"
IOP,0.00065118,"2017-06-18 03:35:00"
IOP,0.00065118,"2017-06-18 03:40:00"
IOP,0.00065118,"2017-06-18 03:45:00"
IOP,0.00065118,"2017-06-18 03:50:00"
IOP,0.00065118,"2017-06-18 03:55:00"
IOP,0.00065118,"2017-06-18 04:00:00"
IOP,0.00065118,"2017-06-18 04:05:00"
IOP,0.00065118,"2017-06-18 04:10:00"
IOP,0.00065118,"2017-06-18 04:15:00"
IOP,0.00065118,"2017-06-18 04:20:00"
IOP,0.00065118,"2017-06-18 04:25:00"
IOP,0.00065118,"2017-06-18 04:30:00"
IOP,0.00065118,"2017-06-18 04:35:00"
IOP,0.00065118,"2017-06-18 04:40:00"
IOP,0.00065118,"2017-06-18 04:45:00"
IOP,0.00065118,"2017-06-18 04:50:00"
IOP,0.00065118,"2017-06-18 04:55:00"
IOP,0.00065118,"2017-06-18 05:00:00"
IOP,0.00065118,"2017-06-18 05:05:00"
IOP,0.00065118,"2017-06-18 05:10:00"
IOP,0.00065118,"2017-06-18 05:15:00"
IOP,0.00065118,"2017-06-18 05:20:00"
IOP,0.00065118,"2017-06-18 05:25:00"
IOP,0.00065118,"2017-06-18 05:30:00"
IOP,0.00065118,"2017-06-18 05:35:00"
IOP,0.00065118,"2017-06-18 05:40:00"
IOP,0.00065118,"2017-06-18 05:45:00"
IOP,0.00065118,"2017-06-18 05:50:00"
IOP,0.00065118,"2017-06-18 05:55:00"
IOP,0.00065118,"2017-06-18 06:00:00"
IOP,0.00065118,"2017-06-18 06:05:00"
IOP,0.00065118,"2017-06-18 06:10:00"
IOP,0.00065118,"2017-06-18 06:15:00"
IOP,0.00065118,"2017-06-18 06:20:00"
IOP,0.00065118,"2017-06-18 06:25:00"
IOP,0.00065118,"2017-06-18 06:30:00"
IOP,0.00065118,"2017-06-18 06:35:00"
IOP,0.00065118,"2017-06-18 06:40:00"
IOP,0.00065118,"2017-06-18 06:45:00"
IOP,0.00065118,"2017-06-18 06:50:00"
IOP,0.00065118,"2017-06-18 06:55:00"
IOP,0.00065118,"2017-06-18 07:00:00"
IOP,0.00065118,"2017-06-18 07:05:00"
IOP,0.00065118,"2017-06-18 07:10:00"
IOP,0.00065118,"2017-06-18 07:15:00"
IOP,0.00065118,"2017-06-18 07:20:00"
IOP,0.00065118,"2017-06-18 07:25:00"
IOP,0.00065118,"2017-06-18 07:30:00"
IOP,0.00065118,"2017-06-18 07:35:00"
IOP,0.00065118,"2017-06-18 07:40:00"
IOP,0.00065118,"2017-06-18 07:45:00"
IOP,0.00065118,"2017-06-18 07:50:00"
IOP,0.00065118,"2017-06-18 07:55:00"
IOP,0.00065118,"2017-06-18 08:00:00"
IOP,0.00065118,"2017-06-18 08:05:00"
IOP,0.00065118,"2017-06-18 08:10:00"
IOP,0.00065118,"2017-06-18 08:15:00"
IOP,0.00065118,"2017-06-18 08:20:00"
IOP,0.00065118,"2017-06-18 08:25:00"
IOP,0.00064995,"2017-06-18 08:30:00"
IOP,0.00064995,"2017-06-18 08:35:00"
IOP,0.00064995,"2017-06-18 08:40:00"
IOP,0.00064995,"2017-06-18 08:45:00"
IOP,0.00064995,"2017-06-18 08:50:00"
IOP,0.00064995,"2017-06-18 08:55:00"
IOP,0.00064995,"2017-06-18 09:00:00"
IOP,0.00064995,"2017-06-18 09:05:00"
IOP,0.00064995,"2017-06-18 09:10:00"
IOP,0.00064995,"2017-06-18 09:15:00"
IOP,0.00064995,"2017-06-18 09:20:00"
IOP,0.00064995,"2017-06-18 09:25:00"
IOP,0.00064995,"2017-06-18 09:30:00"
IOP,0.00064995,"2017-06-18 09:35:00"
IOP,0.00064995,"2017-06-18 09:40:00"
IOP,0.00064995,"2017-06-18 09:45:00"
IOP,0.00064761,"2017-06-18 09:50:00"
IOP,0.00064761,"2017-06-18 09:55:00"
IOP,0.00064761,"2017-06-18 10:00:00"
IOP,0.00064761,"2017-06-18 10:05:00"
IOP,0.00064761,"2017-06-18 10:10:00"
IOP,0.00064761,"2017-06-18 10:15:00"
IOP,0.00064761,"2017-06-18 10:20:00"
IOP,0.00064761,"2017-06-18 10:25:00"
IOP,0.00064761,"2017-06-18 10:30:00"
IOP,0.00064761,"2017-06-18 10:35:00"
IOP,0.00064761,"2017-06-18 10:40:00"
IOP,0.00064761,"2017-06-18 10:45:00"
IOP,0.00064761,"2017-06-18 10:50:00"
IOP,0.00064761,"2017-06-18 10:55:00"
IOP,0.00064761,"2017-06-18 11:00:00"
IOP,0.00065114,"2017-06-18 11:05:00"
IOP,0.00065114,"2017-06-18 11:10:00"
IOP,0.00065114,"2017-06-18 11:15:00"
IOP,0.00065114,"2017-06-18 11:20:00"
IOP,0.00065114,"2017-06-18 11:25:00"
IOP,0.00065114,"2017-06-18 11:30:00"
IOP,0.00065114,"2017-06-18 11:35:00"
IOP,0.00065114,"2017-06-18 11:40:00"
IOP,0.00065114,"2017-06-18 11:45:00"
IOP,0.00065114,"2017-06-18 11:50:00"
IOP,0.00065114,"2017-06-18 11:55:00"
IOP,0.00065114,"2017-06-18 12:00:00"
IOP,0.00065114,"2017-06-18 12:05:00"
IOP,0.00065114,"2017-06-18 12:10:00"
IOP,0.00065114,"2017-06-18 12:15:00"
IOP,0.00065114,"2017-06-18 12:20:00"
IOP,0.00065114,"2017-06-18 12:25:00"
IOP,0.00065114,"2017-06-18 12:30:00"
IOP,0.00065114,"2017-06-18 12:35:00"
IOP,0.00065114,"2017-06-18 12:40:00"
IOP,0.00065114,"2017-06-18 12:45:00"
IOP,0.00065114,"2017-06-18 12:50:00"
IOP,0.00065114,"2017-06-18 12:55:00"
IOP,0.00065114,"2017-06-18 13:00:00"
IOP,0.00065114,"2017-06-18 13:05:00"
IOP,0.00065114,"2017-06-18 13:10:00"
IOP,0.00065114,"2017-06-18 13:15:00"
IOP,0.00065114,"2017-06-18 13:20:00"
IOP,0.00065114,"2017-06-18 13:25:00"
IOP,0.00065114,"2017-06-18 13:30:00"
IOP,0.00065114,"2017-06-18 13:35:00"
IOP,0.00065114,"2017-06-18 13:40:00"
IOP,0.00065114,"2017-06-18 13:45:00"
IOP,0.00065114,"2017-06-18 13:50:00"
IOP,0.00065114,"2017-06-18 13:55:00"
IOP,0.00065114,"2017-06-18 14:00:00"
IOP,0.00065114,"2017-06-18 14:05:00"
IOP,0.00065114,"2017-06-18 14:10:00"
IOP,0.00065114,"2017-06-18 14:15:00"
IOP,0.00065114,"2017-06-18 14:20:00"
IOP,0.00065114,"2017-06-18 14:25:00"
IOP,0.00065114,"2017-06-18 14:30:00"
IOP,0.00065114,"2017-06-18 14:35:00"
IOP,0.00065114,"2017-06-18 14:40:00"
IOP,0.00065114,"2017-06-18 14:45:00"
IOP,0.00065114,"2017-06-18 14:50:00"
IOP,0.00065114,"2017-06-18 14:55:00"
IOP,0.00065114,"2017-06-18 15:00:00"
IOP,0.00065114,"2017-06-18 15:05:00"
IOP,0.00065114,"2017-06-18 15:10:00"
IOP,0.00065114,"2017-06-18 15:15:00"
IOP,0.00065114,"2017-06-18 15:20:00"
IOP,0.00065114,"2017-06-18 15:25:00"
IOP,0.00065114,"2017-06-18 15:30:00"
IOP,0.00065114,"2017-06-18 15:35:00"
IOP,0.00065114,"2017-06-18 15:40:00"
IOP,0.00065114,"2017-06-18 15:45:00"
IOP,0.00065114,"2017-06-18 15:50:00"
IOP,0.00065114,"2017-06-18 15:55:00"
IOP,0.00065114,"2017-06-18 16:00:00"
IOP,0.00065114,"2017-06-18 16:05:00"
IOP,0.00065114,"2017-06-18 16:10:00"
IOP,0.000641,"2017-06-18 16:15:00"
IOP,0.000641,"2017-06-18 16:20:00"
IOP,0.000641,"2017-06-18 16:25:00"
IOP,0.000641,"2017-06-18 16:30:00"
IOP,0.000641,"2017-06-18 16:35:00"
IOP,0.000641,"2017-06-18 16:40:00"
IOP,0.000641,"2017-06-18 16:45:00"
IOP,0.000641,"2017-06-18 16:50:00"
IOP,0.000641,"2017-06-18 16:55:00"
IOP,0.000641,"2017-06-18 17:00:00"
IOP,0.000641,"2017-06-18 17:05:00"
IOP,0.000641,"2017-06-18 17:10:00"
IOP,0.000641,"2017-06-18 17:15:00"
IOP,0.000641,"2017-06-18 17:20:00"
IOP,0.000641,"2017-06-18 17:25:00"
IOP,0.000641,"2017-06-18 17:30:00"
IOP,0.000641,"2017-06-18 17:35:00"
IOP,0.000641,"2017-06-18 17:40:00"
IOP,0.000641,"2017-06-18 17:45:00"
IOP,0.000641,"2017-06-18 17:50:00"
IOP,0.000641,"2017-06-18 17:55:00"
IOP,0.000641,"2017-06-18 18:00:00"
IOP,0.000641,"2017-06-18 18:05:00"
IOP,0.000641,"2017-06-18 18:10:00"
IOP,0.000641,"2017-06-18 18:15:00"
IOP,0.000641,"2017-06-18 18:20:00"
IOP,0.000641,"2017-06-18 18:25:00"
IOP,0.000641,"2017-06-18 18:30:00"
IOP,0.000641,"2017-06-18 18:35:00"
IOP,0.000641,"2017-06-18 18:40:00"
IOP,0.000641,"2017-06-18 18:45:00"
IOP,0.000641,"2017-06-18 18:50:00"
IOP,0.000641,"2017-06-18 18:55:00"
IOP,0.000641,"2017-06-18 19:00:00"
IOP,0.000641,"2017-06-18 19:05:00"
IOP,0.000641,"2017-06-18 19:10:00"
IOP,0.000641,"2017-06-18 19:15:00"
IOP,0.000641,"2017-06-18 19:20:00"
IOP,0.00062864,"2017-06-18 19:25:00"
IOP,0.00062864,"2017-06-18 19:30:00"
IOP,0.00062864,"2017-06-18 19:35:00"
IOP,0.00062864,"2017-06-18 19:40:00"
IOP,0.00062864,"2017-06-18 19:45:00"
IOP,0.00061618,"2017-06-18 19:50:00"
IOP,0.00060783,"2017-06-18 19:55:00"
IOP,0.00060781,"2017-06-18 20:00:00"
IOP,0.00060781,"2017-06-18 20:05:00"
IOP,0.00060781,"2017-06-18 20:10:00"
IOP,0.00060781,"2017-06-18 20:15:00"
IOP,0.00060781,"2017-06-18 20:20:00"
IOP,0.00060782,"2017-06-18 20:25:00"
IOP,0.00060782,"2017-06-18 20:30:00"
IOP,0.00060782,"2017-06-18 20:35:00"
IOP,0.00060782,"2017-06-18 20:40:00"
IOP,0.00060782,"2017-06-18 20:45:00"
IOP,0.00060782,"2017-06-18 20:50:00"
IOP,0.00060782,"2017-06-18 20:55:00"
IOP,0.00060782,"2017-06-18 21:00:00"
IOP,0.00060782,"2017-06-18 21:05:00"
IOP,0.00060782,"2017-06-18 21:10:00"
IOP,0.00060782,"2017-06-18 21:15:00"
IOP,0.00060782,"2017-06-18 21:20:00"
IOP,0.00060782,"2017-06-18 21:25:00"
IOP,0.00060782,"2017-06-18 21:30:00"
IOP,0.00060782,"2017-06-18 21:35:00"
IOP,0.00060782,"2017-06-18 21:40:00"
IOP,0.00060782,"2017-06-18 21:45:00"
IOP,0.00060782,"2017-06-18 21:50:00"
IOP,0.00060782,"2017-06-18 21:55:00"
IOP,0.00060782,"2017-06-18 22:00:00"
IOP,0.00060782,"2017-06-18 22:05:00"
IOP,0.00060782,"2017-06-18 22:10:00"
IOP,0.00060782,"2017-06-18 22:15:00"
IOP,0.00060782,"2017-06-18 22:20:00"
IOP,0.00060782,"2017-06-18 22:25:00"
IOP,0.00060782,"2017-06-18 22:30:00"
IOP,0.00060782,"2017-06-18 22:35:00"
IOP,0.00060782,"2017-06-18 22:40:00"
IOP,0.00060782,"2017-06-18 22:45:00"
IOP,0.00060782,"2017-06-18 22:50:00"
IOP,0.00060782,"2017-06-18 22:55:00"
IOP,0.00060782,"2017-06-18 23:00:00"
IOP,0.00060782,"2017-06-18 23:05:00"
IOP,0.00060782,"2017-06-18 23:10:00"
IOP,0.00060782,"2017-06-18 23:15:00"
IOP,0.00060782,"2017-06-18 23:20:00"
IOP,0.00062898,"2017-06-18 23:25:00"
IOP,0.00062898,"2017-06-18 23:30:00"
IOP,0.00062898,"2017-06-18 23:35:00"
IOP,0.00062898,"2017-06-18 23:40:00"
IOP,0.00062898,"2017-06-18 23:45:00"
IOP,0.00062898,"2017-06-18 23:50:00"
IOP,0.00062898,"2017-06-18 23:55:00"
IOP,0.00062898,"2017-06-19 00:00:00"
IOP,0.00062898,"2017-06-19 00:05:00"
IOP,0.00062898,"2017-06-19 00:10:00"
IOP,0.00062898,"2017-06-19 00:15:00"
IOP,0.00062898,"2017-06-19 00:20:00"
IOP,0.00062898,"2017-06-19 00:25:00"
IOP,0.00062898,"2017-06-19 00:30:00"
IOP,0.00062898,"2017-06-19 00:35:00"
IOP,0.00062898,"2017-06-19 00:40:00"
IOP,0.00060779,"2017-06-19 00:45:00"
IOP,0.00060782,"2017-06-19 00:50:00"
IOP,0.00060782,"2017-06-19 00:55:00"
IOP,0.00060782,"2017-06-19 01:00:00"
IOP,0.00060782,"2017-06-19 01:00:00"
IOP,0.00060782,"2017-06-19 01:05:00"
IOP,0.00060782,"2017-06-19 01:10:00"
IOP,0.00060782,"2017-06-19 01:15:00"
IOP,0.00060782,"2017-06-19 01:20:00"
IOP,0.00060782,"2017-06-19 01:25:00"
IOP,0.00060782,"2017-06-19 01:30:00"
IOP,0.00060782,"2017-06-19 01:30:00"
IOP,0.00060782,"2017-06-19 01:35:00"
IOP,0.00060782,"2017-06-19 01:40:00"
IOP,0.00060782,"2017-06-19 01:45:00"
IOP,0.00060782,"2017-06-19 01:50:00"
IOP,0.00060782,"2017-06-19 01:55:00"
IOP,0.00060782,"2017-06-19 02:00:00"
IOP,0.00060782,"2017-06-19 02:00:00"
IOP,0.00060782,"2017-06-19 02:05:00"
IOP,0.00062953,"2017-06-19 02:10:00"
IOP,0.000608,"2017-06-19 02:15:00"
IOP,0.000608,"2017-06-19 02:20:00"
IOP,0.000608,"2017-06-19 02:25:00"
IOP,0.000608,"2017-06-19 02:30:00"
IOP,0.000608,"2017-06-19 02:30:00"
IOP,0.000608,"2017-06-19 02:35:00"
IOP,0.000608,"2017-06-19 02:40:00"
IOP,0.000608,"2017-06-19 02:45:00"
IOP,0.000608,"2017-06-19 02:50:00"
IOP,0.000608,"2017-06-19 02:55:00"
IOP,0.00062,"2017-06-19 03:00:00"
IOP,0.00062,"2017-06-19 03:00:00"
IOP,0.00062,"2017-06-19 03:05:00"
IOP,0.00062,"2017-06-19 03:10:00"
IOP,0.00062,"2017-06-19 03:15:00"
IOP,0.00062,"2017-06-19 03:20:00"
IOP,0.00062,"2017-06-19 03:25:00"
IOP,0.00062,"2017-06-19 03:30:00"
IOP,0.00062,"2017-06-19 03:30:00"
IOP,0.00062,"2017-06-19 03:35:00"
IOP,0.00062,"2017-06-19 03:40:00"
IOP,0.00062,"2017-06-19 03:45:00"
IOP,0.00062,"2017-06-19 03:50:00"
IOP,0.00062,"2017-06-19 03:55:00"
IOP,0.00062,"2017-06-19 04:00:00"
IOP,0.00062,"2017-06-19 04:00:00"
IOP,0.00062835,"2017-06-19 04:05:00"
IOP,0.00062835,"2017-06-19 04:10:00"
IOP,0.00062835,"2017-06-19 04:15:00"
IOP,0.00062835,"2017-06-19 04:20:00"
IOP,0.00062835,"2017-06-19 04:25:00"
IOP,0.00062835,"2017-06-19 04:30:00"
IOP,0.00062835,"2017-06-19 04:30:00"
IOP,0.00062835,"2017-06-19 04:35:00"
IOP,0.00065131,"2017-06-19 04:40:00"
IOP,0.00065131,"2017-06-19 04:45:00"
IOP,0.00065131,"2017-06-19 04:50:00"
IOP,0.00065131,"2017-06-19 04:55:00"
IOP,0.00065131,"2017-06-19 05:00:00"
IOP,0.00065131,"2017-06-19 05:00:00"
IOP,0.00065131,"2017-06-19 05:05:00"
IOP,0.00065131,"2017-06-19 05:10:00"
IOP,0.00065131,"2017-06-19 05:15:00"
IOP,0.00065131,"2017-06-19 05:20:00"
IOP,0.00065131,"2017-06-19 05:25:00"
IOP,0.00065131,"2017-06-19 05:30:00"
IOP,0.00065131,"2017-06-19 05:30:00"
IOP,0.00065131,"2017-06-19 05:35:00"
IOP,0.00065131,"2017-06-19 05:40:00"
IOP,0.00065131,"2017-06-19 05:45:00"
IOP,0.00065131,"2017-06-19 05:50:00"
IOP,0.00065131,"2017-06-19 05:55:00"
IOP,0.00065131,"2017-06-19 06:00:00"
IOP,0.00065131,"2017-06-19 06:00:00"
IOP,0.00065131,"2017-06-19 06:05:00"
IOP,0.00065131,"2017-06-19 06:10:00"
IOP,0.00065131,"2017-06-19 06:15:00"
IOP,0.00065035,"2017-06-19 06:20:00"
IOP,0.00065035,"2017-06-19 06:25:00"
IOP,0.00065035,"2017-06-19 06:30:00"
IOP,0.00065035,"2017-06-19 06:30:00"
IOP,0.00065035,"2017-06-19 06:35:00"
IOP,0.00065035,"2017-06-19 06:40:00"
IOP,0.00065035,"2017-06-19 06:45:00"
IOP,0.00065035,"2017-06-19 06:50:00"
IOP,0.00065035,"2017-06-19 06:55:00"
IOP,0.00065035,"2017-06-19 07:00:00"
IOP,0.00065035,"2017-06-19 07:00:00"
IOP,0.00065035,"2017-06-19 07:05:00"
IOP,0.00065035,"2017-06-19 07:10:00"
IOP,0.00065035,"2017-06-19 07:15:00"
IOP,0.00065035,"2017-06-19 07:20:00"
IOP,0.00065035,"2017-06-19 07:25:00"
IOP,0.00065035,"2017-06-19 07:30:00"
IOP,0.00065035,"2017-06-19 07:30:00"
IOP,0.00065035,"2017-06-19 07:35:00"
IOP,0.00065035,"2017-06-19 07:40:00"
IOP,0.00065035,"2017-06-19 07:45:00"
IOP,0.00065035,"2017-06-19 07:50:00"
IOP,0.00065035,"2017-06-19 07:55:00"
IOP,0.00065218,"2017-06-19 08:00:00"
IOP,0.00065218,"2017-06-19 08:00:00"
IOP,0.00065218,"2017-06-19 08:05:00"
IOP,0.00065218,"2017-06-19 08:10:00"
IOP,0.00065218,"2017-06-19 08:15:00"
IOP,0.00065295,"2017-06-19 08:20:00"
IOP,0.00065295,"2017-06-19 08:25:00"
IOP,0.00065295,"2017-06-19 08:30:00"
IOP,0.00065295,"2017-06-19 08:30:00"
IOP,0.00065295,"2017-06-19 08:35:00"
IOP,0.00065295,"2017-06-19 08:40:00"
IOP,0.00065295,"2017-06-19 08:45:00"
IOP,0.00065036,"2017-06-19 08:50:00"
IOP,0.00065036,"2017-06-19 08:55:00"
IOP,0.00065036,"2017-06-19 09:00:00"
IOP,0.00065036,"2017-06-19 09:00:00"
IOP,0.00065036,"2017-06-19 09:05:00"
IOP,0.00065036,"2017-06-19 09:10:00"
IOP,0.00065036,"2017-06-19 09:15:00"
IOP,0.00065035,"2017-06-19 09:20:00"
IOP,0.00065035,"2017-06-19 09:25:00"
IOP,0.00065035,"2017-06-19 09:30:00"
IOP,0.00065035,"2017-06-19 09:30:00"
IOP,0.00065035,"2017-06-19 09:35:00"
IOP,0.00065035,"2017-06-19 09:40:00"
IOP,0.00065035,"2017-06-19 09:45:00"
IOP,0.00065035,"2017-06-19 09:50:00"
IOP,0.00065035,"2017-06-19 09:55:00"
IOP,0.00067258,"2017-06-19 10:00:00"
IOP,0.00067258,"2017-06-19 10:00:00"
IOP,0.00067258,"2017-06-19 10:05:00"
IOP,0.00067258,"2017-06-19 10:10:00"
IOP,0.00067258,"2017-06-19 10:15:00"
IOP,0.00067258,"2017-06-19 10:20:00"
IOP,0.00067258,"2017-06-19 10:25:00"
IOP,0.00067258,"2017-06-19 10:30:00"
IOP,0.00067258,"2017-06-19 10:30:00"
IOP,0.00067805,"2017-06-19 10:35:00"
IOP,0.00067805,"2017-06-19 10:40:00"
IOP,0.00067805,"2017-06-19 10:45:00"
IOP,0.00067805,"2017-06-19 10:50:00"
IOP,0.00067805,"2017-06-19 10:55:00"
IOP,0.00067805,"2017-06-19 11:00:00"
IOP,0.00067805,"2017-06-19 11:05:00"
IOP,0.00067258,"2017-06-19 11:10:00"
IOP,0.00067258,"2017-06-19 11:15:00"
IOP,0.00067258,"2017-06-19 11:20:00"
IOP,0.00067258,"2017-06-19 11:25:00"
IOP,0.00067258,"2017-06-19 11:30:00"
IOP,0.00067258,"2017-06-19 11:35:00"
IOP,0.00067258,"2017-06-19 11:40:00"
IOP,0.00067258,"2017-06-19 11:45:00"
IOP,0.00067258,"2017-06-19 11:50:00"
IOP,0.00067258,"2017-06-19 11:55:00"
IOP,0.00067258,"2017-06-19 12:00:00"
IOP,0.00067258,"2017-06-19 12:05:00"
IOP,0.00067258,"2017-06-19 12:10:00"
IOP,0.00067258,"2017-06-19 12:15:00"
IOP,0.00067258,"2017-06-19 12:20:00"
IOP,0.00067258,"2017-06-19 12:25:00"
IOP,0.00067258,"2017-06-19 12:30:00"
IOP,0.00067258,"2017-06-19 12:35:00"
IOP,0.00067258,"2017-06-19 12:40:00"
IOP,0.00066,"2017-06-19 12:45:00"
IOP,0.00066,"2017-06-19 12:50:00"
IOP,0.00066,"2017-06-19 12:55:00"
IOP,0.00066,"2017-06-19 13:00:00"
IOP,0.00066,"2017-06-19 13:05:00"
IOP,0.00066,"2017-06-19 13:10:00"
IOP,0.00066,"2017-06-19 13:15:00"
IOP,0.00066,"2017-06-19 13:20:00"
IOP,0.00066,"2017-06-19 13:25:00"
IOP,0.00066,"2017-06-19 13:30:00"
IOP,0.00066,"2017-06-19 13:35:00"
IOP,0.00066,"2017-06-19 13:40:00"
IOP,0.00066,"2017-06-19 13:45:00"
IOP,0.00066,"2017-06-19 13:50:00"
IOP,0.00066,"2017-06-19 13:55:00"
IOP,0.00066,"2017-06-19 14:00:00"
IOP,0.00066,"2017-06-19 14:05:00"
IOP,0.00066,"2017-06-19 14:10:00"
IOP,0.00066,"2017-06-19 14:15:00"
IOP,0.00066,"2017-06-19 14:20:00"
IOP,0.00066,"2017-06-19 14:25:00"
IOP,0.00066,"2017-06-19 14:30:00"
IOP,0.00066,"2017-06-19 14:35:00"
IOP,0.00066,"2017-06-19 14:40:00"
IOP,0.00066,"2017-06-19 14:45:00"
IOP,0.00066,"2017-06-19 14:50:00"
IOP,0.00066,"2017-06-19 14:55:00"
IOP,0.00066,"2017-06-19 15:00:00"
IOP,0.00066,"2017-06-19 15:05:00"
IOP,0.00066,"2017-06-19 15:10:00"
IOP,0.00066,"2017-06-19 15:15:00"
IOP,0.00066,"2017-06-19 15:20:00"
IOP,0.00066,"2017-06-19 15:25:00"
IOP,0.00066005,"2017-06-19 15:30:00"
IOP,0.00066005,"2017-06-19 15:35:00"
IOP,0.00066005,"2017-06-19 15:40:00"
IOP,0.00066005,"2017-06-19 15:45:00"
IOP,0.00066005,"2017-06-19 15:50:00"
IOP,0.00071769,"2017-06-19 15:55:00"
IOP,0.00071769,"2017-06-19 16:00:00"
IOP,0.00071769,"2017-06-19 16:05:00"
IOP,0.00071769,"2017-06-19 16:10:00"
IOP,0.00071769,"2017-06-19 16:15:00"
IOP,0.0007051,"2017-06-19 16:20:00"
IOP,0.0007051,"2017-06-19 16:25:00"
IOP,0.0007051,"2017-06-19 16:30:00"
IOP,0.0007051,"2017-06-19 16:35:00"
IOP,0.0007051,"2017-06-19 16:40:00"
IOP,0.0007051,"2017-06-19 16:45:00"
IOP,0.0007051,"2017-06-19 16:50:00"
IOP,0.0007051,"2017-06-19 16:55:00"
IOP,0.0007051,"2017-06-19 17:00:00"
IOP,0.0007051,"2017-06-19 17:05:00"
IOP,0.0007051,"2017-06-19 17:10:00"
IOP,0.0007051,"2017-06-19 17:15:00"
IOP,0.0007051,"2017-06-19 17:20:00"
IOP,0.0007051,"2017-06-19 17:25:00"
IOP,0.0007051,"2017-06-19 17:30:00"
IOP,0.0007051,"2017-06-19 17:35:00"
IOP,0.0007051,"2017-06-19 17:40:00"
IOP,0.00070355,"2017-06-19 17:45:00"
IOP,0.00070355,"2017-06-19 17:50:00"
IOP,0.00070355,"2017-06-19 17:55:00"
IOP,0.00070355,"2017-06-19 18:00:00"
IOP,0.00067081,"2017-06-19 18:05:00"
IOP,0.00072077,"2017-06-19 18:10:00"
IOP,0.00072077,"2017-06-19 18:15:00"
IOP,0.00071524,"2017-06-19 18:20:00"
IOP,0.00071524,"2017-06-19 18:25:00"
IOP,0.00069078,"2017-06-19 18:30:00"
IOP,0.00069078,"2017-06-19 18:35:00"
IOP,0.00069078,"2017-06-19 18:40:00"
IOP,0.00069078,"2017-06-19 18:45:00"
IOP,0.00069078,"2017-06-19 18:50:00"
IOP,0.00069078,"2017-06-19 18:55:00"
IOP,0.00069078,"2017-06-19 19:00:00"
IOP,0.00069168,"2017-06-19 19:05:00"
IOP,0.00069168,"2017-06-19 19:10:00"
IOP,0.00069168,"2017-06-19 19:15:00"
IOP,0.00071778,"2017-06-19 19:20:00"
IOP,0.00072,"2017-06-19 19:25:00"
IOP,0.00072,"2017-06-19 19:30:00"
IOP,0.00072,"2017-06-19 19:35:00"
IOP,0.00072,"2017-06-19 19:40:00"
IOP,0.00072077,"2017-06-19 19:45:00"
IOP,0.00072077,"2017-06-19 19:50:00"
IOP,0.00072077,"2017-06-19 19:55:00"
IOP,0.00072077,"2017-06-19 20:00:00"
IOP,0.00072077,"2017-06-19 20:05:00"
IOP,0.00072077,"2017-06-19 20:10:00"
IOP,0.00072077,"2017-06-19 20:15:00"
IOP,0.00072077,"2017-06-19 20:20:00"
IOP,0.00072077,"2017-06-19 20:25:00"
IOP,0.00072077,"2017-06-19 20:30:00"
IOP,0.00072077,"2017-06-19 20:35:00"
IOP,0.00072077,"2017-06-19 20:40:00"
IOP,0.00072077,"2017-06-19 20:45:00"
IOP,0.00072485,"2017-06-19 20:50:00"
IOP,0.00072485,"2017-06-19 20:55:00"
IOP,0.00072485,"2017-06-19 21:00:00"
IOP,0.00072488,"2017-06-19 21:05:00"
IOP,0.0007332,"2017-06-19 21:10:00"
IOP,0.00073524,"2017-06-19 21:15:00"
IOP,0.00073518,"2017-06-19 21:20:00"
IOP,0.00072,"2017-06-19 21:25:00"
IOP,0.00072,"2017-06-19 21:30:00"
IOP,0.00072,"2017-06-19 21:35:00"
IOP,0.00072,"2017-06-19 21:40:00"
IOP,0.00072,"2017-06-19 21:45:00"
IOP,0.00072,"2017-06-19 21:50:00"
IOP,0.00072,"2017-06-19 21:55:00"
IOP,0.00073999,"2017-06-19 22:00:00"
IOP,0.00073999,"2017-06-19 22:05:00"
IOP,0.00073999,"2017-06-19 22:10:00"
IOP,0.00073999,"2017-06-19 22:15:00"
IOP,0.00073999,"2017-06-19 22:20:00"
IOP,0.00073999,"2017-06-19 22:25:00"
IOP,0.00073999,"2017-06-19 22:30:00"
IOP,0.00073999,"2017-06-19 22:35:00"
IOP,0.00073999,"2017-06-19 22:40:00"
IOP,0.00073999,"2017-06-19 22:45:00"
IOP,0.00073999,"2017-06-19 22:50:00"
IOP,0.00073999,"2017-06-19 22:55:00"
IOP,0.00073999,"2017-06-19 23:00:00"
IOP,0.00073999,"2017-06-19 23:05:00"
IOP,0.00074023,"2017-06-19 23:10:00"
IOP,0.00074023,"2017-06-19 23:15:00"
IOP,0.00074216,"2017-06-19 23:20:00"
IOP,0.00074216,"2017-06-19 23:25:00"
IOP,0.0007484,"2017-06-19 23:30:00"
IOP,0.00084,"2017-06-19 23:35:00"
IOP,0.00086193,"2017-06-19 23:40:00"
IOP,0.00088529,"2017-06-19 23:45:00"
IOP,0.00084002,"2017-06-19 23:50:00"
IOP,0.00084002,"2017-06-19 23:55:00"
IOP,0.00084002,"2017-06-20 00:00:00"
IOP,0.00084002,"2017-06-20 00:05:00"
IOP,0.00084002,"2017-06-20 00:10:00"
IOP,0.00084002,"2017-06-20 00:15:00"
IOP,0.0008899,"2017-06-20 00:20:00"
IOP,0.00084169,"2017-06-20 00:25:00"
IOP,0.00084182,"2017-06-20 00:30:00"
IOP,0.00084182,"2017-06-20 00:35:00"
IOP,0.00086796,"2017-06-20 00:40:00"
IOP,0.0008419,"2017-06-20 00:45:00"
IOP,0.0008479,"2017-06-20 00:50:00"
IOP,0.0008479,"2017-06-20 00:55:00"
IOP,0.00085358,"2017-06-20 01:00:00"
IOP,0.00085294,"2017-06-20 01:05:00"
IOP,0.00088691,"2017-06-20 01:10:00"
IOP,0.0008869,"2017-06-20 01:15:00"
IOP,0.00088891,"2017-06-20 01:20:00"
IOP,0.00089994,"2017-06-20 01:25:00"
IOP,0.0009,"2017-06-20 01:30:00"
IOP,0.00093212,"2017-06-20 01:35:00"
IOP,0.00105,"2017-06-20 01:40:00"
IOP,0.00116,"2017-06-20 01:45:00"
IOP,0.00119555,"2017-06-20 01:50:00"
IOP,0.00107511,"2017-06-20 01:55:00"
IOP,0.00107519,"2017-06-20 02:00:00"
IOP,0.00107526,"2017-06-20 02:05:00"
IOP,0.00117996,"2017-06-20 02:10:00"
IOP,0.00117995,"2017-06-20 02:15:00"
IOP,0.00117987,"2017-06-20 02:20:00"
IOP,0.0011055,"2017-06-20 02:25:00"
IOP,0.001075,"2017-06-20 02:30:00"
IOP,0.00107424,"2017-06-20 02:35:00"
IOP,0.00101137,"2017-06-20 02:40:00"
IOP,0.00101137,"2017-06-20 02:45:00"
IOP,0.00101137,"2017-06-20 02:50:00"
IOP,0.00101137,"2017-06-20 02:55:00"
IOP,0.00098707,"2017-06-20 03:00:00"
IOP,0.00098707,"2017-06-20 03:05:00"
IOP,0.00098707,"2017-06-20 03:10:00"
IOP,0.00091026,"2017-06-20 03:15:00"
IOP,0.00091026,"2017-06-20 03:20:00"
IOP,0.00091026,"2017-06-20 03:25:00"
IOP,0.00091026,"2017-06-20 03:30:00"
IOP,0.00099796,"2017-06-20 03:35:00"
IOP,0.00099677,"2017-06-20 03:40:00"
IOP,0.00099677,"2017-06-20 03:45:00"
IOP,0.00099633,"2017-06-20 03:50:00"
IOP,0.00099619,"2017-06-20 03:55:00"
IOP,0.00099619,"2017-06-20 04:00:00"
IOP,0.00099619,"2017-06-20 04:05:00"
IOP,0.0009962,"2017-06-20 04:10:00"
IOP,0.001,"2017-06-20 04:15:00"
IOP,0.00105509,"2017-06-20 04:20:00"
IOP,0.0011675,"2017-06-20 04:25:00"
IOP,0.0011825,"2017-06-20 04:30:00"
IOP,0.00124444,"2017-06-20 04:35:00"
IOP,0.00148061,"2017-06-20 04:40:00"
IOP,0.00190715,"2017-06-20 04:45:00"
IOP,0.00152832,"2017-06-20 04:50:00"
IOP,0.00182992,"2017-06-20 04:55:00"
IOP,0.00148557,"2017-06-20 05:00:00"
IOP,0.0016,"2017-06-20 05:05:00"
IOP,0.0015602,"2017-06-20 05:10:00"
IOP,0.00142825,"2017-06-20 05:15:00"
IOP,0.00147907,"2017-06-20 05:20:00"
IOP,0.00153,"2017-06-20 05:25:00"
IOP,0.00140001,"2017-06-20 05:30:00"
IOP,0.0011,"2017-06-20 05:35:00"
IOP,0.00132992,"2017-06-20 05:40:00"
IOP,0.00121494,"2017-06-20 05:45:00"
IOP,0.00115435,"2017-06-20 05:50:00"
IOP,0.00114488,"2017-06-20 05:55:00"
IOP,0.00115436,"2017-06-20 06:00:00"
IOP,0.00120045,"2017-06-20 06:05:00"
IOP,0.00140098,"2017-06-20 06:10:00"
IOP,0.001666,"2017-06-20 06:15:00"
IOP,0.00167001,"2017-06-20 06:20:00"
IOP,0.00130406,"2017-06-20 06:25:00"
IOP,0.00139978,"2017-06-20 06:30:00"
IOP,0.00158,"2017-06-20 06:35:00"
IOP,0.00147983,"2017-06-20 06:40:00"
IOP,0.001458,"2017-06-20 06:45:00"
IOP,0.00145793,"2017-06-20 06:50:00"
IOP,0.00151001,"2017-06-20 06:55:00"
IOP,0.00152748,"2017-06-20 07:00:00"
IOP,0.00153489,"2017-06-20 07:05:00"
IOP,0.0015743,"2017-06-20 07:10:00"
IOP,0.00157998,"2017-06-20 07:15:00"
IOP,0.00157998,"2017-06-20 07:20:00"
IOP,0.001722,"2017-06-20 07:25:00"
IOP,0.00174998,"2017-06-20 07:30:00"
IOP,0.00165057,"2017-06-20 07:35:00"
IOP,0.00165,"2017-06-20 07:40:00"
IOP,0.00167179,"2017-06-20 07:45:00"
IOP,0.00172511,"2017-06-20 07:50:00"
IOP,0.00166,"2017-06-20 07:55:00"
IOP,0.00166015,"2017-06-20 08:00:00"
IOP,0.00166014,"2017-06-20 08:05:00"
IOP,0.00166016,"2017-06-20 08:10:00"
IOP,0.0016605,"2017-06-20 08:15:00"
IOP,0.00165,"2017-06-20 08:20:00"
IOP,0.00157999,"2017-06-20 08:25:00"
IOP,0.00159998,"2017-06-20 08:30:00"
IOP,0.00153509,"2017-06-20 08:35:00"
IOP,0.00159974,"2017-06-20 08:40:00"
IOP,0.00159999,"2017-06-20 08:45:00"
IOP,0.00161158,"2017-06-20 08:50:00"
IOP,0.00165997,"2017-06-20 08:55:00"
IOP,0.00162008,"2017-06-20 09:00:00"
IOP,0.00162008,"2017-06-20 09:05:00"
IOP,0.00163552,"2017-06-20 09:10:00"
IOP,0.00163553,"2017-06-20 09:15:00"
IOP,0.00163552,"2017-06-20 09:20:00"
IOP,0.00163552,"2017-06-20 09:25:00"
IOP,0.00160007,"2017-06-20 09:30:00"
IOP,0.00163552,"2017-06-20 09:35:00"
IOP,0.00163552,"2017-06-20 09:40:00"
IOP,0.00164807,"2017-06-20 09:45:00"
IOP,0.0016588,"2017-06-20 09:50:00"
IOP,0.00165997,"2017-06-20 09:55:00"
IOP,0.00166001,"2017-06-20 10:00:00"
IOP,0.00171646,"2017-06-20 10:05:00"
IOP,0.00174,"2017-06-20 10:10:00"
IOP,0.00175,"2017-06-20 10:15:00"
IOP,0.0018,"2017-06-20 10:20:00"
IOP,0.00180949,"2017-06-20 10:25:00"
IOP,0.0019,"2017-06-20 10:30:00"
IOP,0.0019,"2017-06-20 10:35:00"
IOP,0.0018,"2017-06-20 10:40:00"
IOP,0.001777,"2017-06-20 10:45:00"
IOP,0.001777,"2017-06-20 10:50:00"
IOP,0.00176,"2017-06-20 10:55:00"
IOP,0.00182,"2017-06-20 11:00:00"
IOP,0.00175002,"2017-06-20 11:05:00"
IOP,0.00177001,"2017-06-20 11:10:00"
IOP,0.0018199,"2017-06-20 11:15:00"
IOP,0.00181998,"2017-06-20 11:20:00"
IOP,0.00177003,"2017-06-20 11:25:00"
IOP,0.00176111,"2017-06-20 11:30:00"
IOP,0.00166,"2017-06-20 11:35:00"
IOP,0.00166,"2017-06-20 11:40:00"
IOP,0.00165976,"2017-06-20 11:45:00"
IOP,0.00160053,"2017-06-20 11:50:00"
IOP,0.00161669,"2017-06-20 11:55:00"
IOP,0.0016,"2017-06-20 12:00:00"
IOP,0.00154737,"2017-06-20 12:05:00"
IOP,0.00150021,"2017-06-20 12:10:00"
IOP,0.00154526,"2017-06-20 12:15:00"
IOP,0.00150907,"2017-06-20 12:20:00"
IOP,0.00146012,"2017-06-20 12:25:00"
IOP,0.00143373,"2017-06-20 12:30:00"
IOP,0.00126682,"2017-06-20 12:35:00"
IOP,0.00125927,"2017-06-20 12:40:00"
IOP,0.00132885,"2017-06-20 12:45:00"
IOP,0.0015191,"2017-06-20 12:50:00"
IOP,0.00132885,"2017-06-20 12:55:00"
IOP,0.00133108,"2017-06-20 13:00:00"
IOP,0.00136004,"2017-06-20 13:05:00"
IOP,0.00132891,"2017-06-20 13:10:00"
IOP,0.00135926,"2017-06-20 13:15:00"
IOP,0.00142501,"2017-06-20 13:20:00"
IOP,0.0014555,"2017-06-20 13:25:00"
IOP,0.00147599,"2017-06-20 13:30:00"
IOP,0.00147599,"2017-06-20 13:35:00"
IOP,0.001455,"2017-06-20 13:40:00"
IOP,0.00141,"2017-06-20 13:45:00"
IOP,0.00141,"2017-06-20 13:50:00"
IOP,0.00141,"2017-06-20 13:55:00"
IOP,0.00133006,"2017-06-20 14:00:00"
IOP,0.00135008,"2017-06-20 14:05:00"
IOP,0.0013297,"2017-06-20 14:10:00"
IOP,0.0013296,"2017-06-20 14:15:00"
IOP,0.00130016,"2017-06-20 14:20:00"
IOP,0.00130015,"2017-06-20 14:25:00"
IOP,0.00130099,"2017-06-20 14:30:00"
IOP,0.00142793,"2017-06-20 14:35:00"
IOP,0.00136106,"2017-06-20 14:40:00"
IOP,0.00136106,"2017-06-20 14:45:00"
IOP,0.00142626,"2017-06-20 14:50:00"
IOP,0.00138011,"2017-06-20 14:55:00"
IOP,0.0013794,"2017-06-20 15:00:00"
IOP,0.00137899,"2017-06-20 15:05:00"
IOP,0.00137844,"2017-06-20 15:10:00"
IOP,0.00137835,"2017-06-20 15:15:00"
IOP,0.00132012,"2017-06-20 15:20:00"
IOP,0.00132,"2017-06-20 15:25:00"
IOP,0.00129995,"2017-06-20 15:30:00"
IOP,0.00128496,"2017-06-20 15:35:00"
IOP,0.00125999,"2017-06-20 15:40:00"
IOP,0.0012689,"2017-06-20 15:45:00"
IOP,0.00125001,"2017-06-20 15:50:00"
IOP,0.00127139,"2017-06-20 15:55:00"
IOP,0.00125009,"2017-06-20 16:00:00"
IOP,0.00116545,"2017-06-20 16:05:00"
IOP,0.00115101,"2017-06-20 16:10:00"
IOP,0.00119856,"2017-06-20 16:15:00"
IOP,0.00120017,"2017-06-20 16:20:00"
IOP,0.00119869,"2017-06-20 16:25:00"
IOP,0.00120001,"2017-06-20 16:30:00"
IOP,0.00120026,"2017-06-20 16:35:00"
IOP,0.00130004,"2017-06-20 16:40:00"
IOP,0.00140001,"2017-06-20 16:45:00"
IOP,0.00150623,"2017-06-20 16:50:00"
IOP,0.00164998,"2017-06-20 16:55:00"
IOP,0.00184,"2017-06-20 17:00:00"
IOP,0.00165075,"2017-06-20 17:05:00"
IOP,0.00148018,"2017-06-20 17:10:00"
IOP,0.00143108,"2017-06-20 17:15:00"
IOP,0.0014998,"2017-06-20 17:20:00"
IOP,0.0015981,"2017-06-20 17:25:00"
IOP,0.00157992,"2017-06-20 17:30:00"
IOP,0.00153005,"2017-06-20 17:35:00"
IOP,0.00151994,"2017-06-20 17:40:00"
IOP,0.0015301,"2017-06-20 17:45:00"
IOP,0.00153009,"2017-06-20 17:50:00"
IOP,0.00153021,"2017-06-20 17:55:00"
IOP,0.001454,"2017-06-20 18:00:00"
IOP,0.001454,"2017-06-20 18:05:00"
IOP,0.0014542,"2017-06-20 18:10:00"
IOP,0.00149922,"2017-06-20 18:15:00"
IOP,0.00149913,"2017-06-20 18:20:00"
IOP,0.0014544,"2017-06-20 18:25:00"
IOP,0.00148327,"2017-06-20 18:30:00"
IOP,0.0014544,"2017-06-20 18:35:00"
IOP,0.00145454,"2017-06-20 18:40:00"
IOP,0.0014,"2017-06-20 18:45:00"
IOP,0.0013806,"2017-06-20 18:50:00"
IOP,0.0013806,"2017-06-20 18:55:00"
IOP,0.00146699,"2017-06-20 19:00:00"
IOP,0.00143999,"2017-06-20 19:05:00"
IOP,0.00140005,"2017-06-20 19:10:00"
IOP,0.00133112,"2017-06-20 19:15:00"
IOP,0.00126643,"2017-06-20 19:20:00"
IOP,0.00120151,"2017-06-20 19:25:00"
IOP,0.0012015,"2017-06-20 19:30:00"
IOP,0.00125964,"2017-06-20 19:35:00"
IOP,0.00126646,"2017-06-20 19:40:00"
IOP,0.00138998,"2017-06-20 19:45:00"
IOP,0.00135,"2017-06-20 19:50:00"
IOP,0.00138923,"2017-06-20 19:55:00"
IOP,0.00129623,"2017-06-20 20:00:00"
IOP,0.00137984,"2017-06-20 20:05:00"
IOP,0.00132003,"2017-06-20 20:10:00"
IOP,0.00130555,"2017-06-20 20:15:00"
IOP,0.0013045,"2017-06-20 20:20:00"
IOP,0.00127556,"2017-06-20 20:25:00"
IOP,0.00127555,"2017-06-20 20:30:00"
IOP,0.00127555,"2017-06-20 20:35:00"
IOP,0.00125555,"2017-06-20 20:40:00"
IOP,0.00125877,"2017-06-20 20:45:00"
IOP,0.00125992,"2017-06-20 20:50:00"
IOP,0.00125991,"2017-06-20 20:55:00"
IOP,0.00122002,"2017-06-20 21:00:00"
IOP,0.00122,"2017-06-20 21:05:00"
IOP,0.00122002,"2017-06-20 21:10:00"
IOP,0.00122002,"2017-06-20 21:15:00"
IOP,0.00127546,"2017-06-20 21:20:00"
IOP,0.00127546,"2017-06-20 21:25:00"
IOP,0.00127552,"2017-06-20 21:30:00"
IOP,0.00127552,"2017-06-20 21:35:00"
IOP,0.00127556,"2017-06-20 21:40:00"
IOP,0.00127556,"2017-06-20 21:45:00"
IOP,0.0012999,"2017-06-20 21:50:00"
IOP,0.00130554,"2017-06-20 21:55:00"
IOP,0.00132295,"2017-06-20 22:00:00"
IOP,0.00134947,"2017-06-20 22:05:00"
IOP,0.00134947,"2017-06-20 22:10:00"
IOP,0.001303,"2017-06-20 22:15:00"
IOP,0.0013466,"2017-06-20 22:20:00"
IOP,0.00134659,"2017-06-20 22:25:00"
IOP,0.00134659,"2017-06-20 22:30:00"
IOP,0.0012522,"2017-06-20 22:35:00"
IOP,0.00127336,"2017-06-20 22:40:00"
IOP,0.00122,"2017-06-20 22:45:00"
IOP,0.00131198,"2017-06-20 22:50:00"
IOP,0.00134654,"2017-06-20 22:55:00"
IOP,0.00124502,"2017-06-20 23:00:00"
IOP,0.00134597,"2017-06-20 23:05:00"
IOP,0.00124621,"2017-06-20 23:10:00"
IOP,0.00134453,"2017-06-20 23:15:00"
IOP,0.00134453,"2017-06-20 23:20:00"
IOP,0.00133237,"2017-06-20 23:25:00"
IOP,0.00133201,"2017-06-20 23:30:00"
IOP,0.00133136,"2017-06-20 23:35:00"
IOP,0.00128555,"2017-06-20 23:40:00"
IOP,0.00128555,"2017-06-20 23:45:00"
IOP,0.00131185,"2017-06-20 23:50:00"
IOP,0.0012823,"2017-06-20 23:55:00"
IOP,0.0012823,"2017-06-21 00:00:00"
IOP,0.00125001,"2017-06-21 00:05:00"
IOP,0.00125006,"2017-06-21 00:10:00"
IOP,0.001245,"2017-06-21 00:15:00"
IOP,0.001205,"2017-06-21 00:20:00"
IOP,0.00124499,"2017-06-21 00:25:00"
IOP,0.00124492,"2017-06-21 00:30:00"
IOP,0.00124498,"2017-06-21 00:35:00"
IOP,0.00124492,"2017-06-21 00:40:00"
IOP,0.00120119,"2017-06-21 00:45:00"
IOP,0.00111102,"2017-06-21 00:50:00"
IOP,0.00108239,"2017-06-21 00:55:00"
IOP,0.00108096,"2017-06-21 01:00:00"
IOP,0.00107892,"2017-06-21 01:05:00"
IOP,0.00107682,"2017-06-21 01:10:00"
IOP,0.00104084,"2017-06-21 01:15:00"
IOP,0.00104055,"2017-06-21 01:20:00"
IOP,0.00104048,"2017-06-21 01:25:00"
IOP,0.00110488,"2017-06-21 01:30:00"
IOP,0.00114351,"2017-06-21 01:35:00"
IOP,0.00110012,"2017-06-21 01:40:00"
IOP,0.00114352,"2017-06-21 01:45:00"
IOP,0.00114352,"2017-06-21 01:50:00"
IOP,0.00114352,"2017-06-21 01:55:00"
IOP,0.00114352,"2017-06-21 02:00:00"
IOP,0.00114352,"2017-06-21 02:05:00"
IOP,0.00110113,"2017-06-21 02:10:00"
IOP,0.00110113,"2017-06-21 02:15:00"
IOP,0.00105002,"2017-06-21 02:20:00"
IOP,0.00105,"2017-06-21 02:25:00"
IOP,0.00105001,"2017-06-21 02:30:00"
IOP,0.00107994,"2017-06-21 02:35:00"
IOP,0.00107994,"2017-06-21 02:40:00"
IOP,0.00107586,"2017-06-21 02:45:00"
IOP,0.00107586,"2017-06-21 02:50:00"
IOP,0.0010728,"2017-06-21 02:55:00"
IOP,0.00110001,"2017-06-21 03:00:00"
IOP,0.00114351,"2017-06-21 03:05:00"
IOP,0.0011,"2017-06-21 03:10:00"
IOP,0.00105,"2017-06-21 03:15:00"
IOP,0.00105,"2017-06-21 03:20:00"
IOP,0.00106132,"2017-06-21 03:25:00"
IOP,0.00106132,"2017-06-21 03:30:00"
IOP,0.00106132,"2017-06-21 03:35:00"
IOP,0.0010613,"2017-06-21 03:40:00"
IOP,0.00105006,"2017-06-21 03:45:00"
IOP,0.00105009,"2017-06-21 03:50:00"
IOP,0.00112755,"2017-06-21 03:55:00"
IOP,0.00112657,"2017-06-21 04:00:00"
IOP,0.00112657,"2017-06-21 04:05:00"
IOP,0.00112657,"2017-06-21 04:10:00"
IOP,0.00112336,"2017-06-21 04:15:00"
IOP,0.00112336,"2017-06-21 04:20:00"
IOP,0.00112336,"2017-06-21 04:25:00"
IOP,0.00112336,"2017-06-21 04:30:00"
IOP,0.00105147,"2017-06-21 04:35:00"
IOP,0.00105147,"2017-06-21 04:40:00"
IOP,0.0010114,"2017-06-21 04:45:00"
IOP,0.00107576,"2017-06-21 04:50:00"
IOP,0.00107548,"2017-06-21 04:55:00"
IOP,0.00107208,"2017-06-21 05:00:00"
IOP,0.00107075,"2017-06-21 05:05:00"
IOP,0.00105,"2017-06-21 05:10:00"
IOP,0.00105,"2017-06-21 05:15:00"
IOP,0.00104988,"2017-06-21 05:20:00"
IOP,0.00104988,"2017-06-21 05:25:00"
IOP,0.00104988,"2017-06-21 05:30:00"
IOP,0.00100004,"2017-06-21 05:35:00"
IOP,0.00106213,"2017-06-21 05:40:00"
IOP,0.00106213,"2017-06-21 05:45:00"
IOP,0.00105772,"2017-06-21 05:50:00"
IOP,0.00105772,"2017-06-21 05:55:00"
IOP,0.00104972,"2017-06-21 06:00:00"
IOP,0.0010065,"2017-06-21 06:05:00"
IOP,0.0010065,"2017-06-21 06:10:00"
IOP,0.00100715,"2017-06-21 06:15:00"
IOP,0.00100715,"2017-06-21 06:20:00"
IOP,0.00100715,"2017-06-21 06:25:00"
IOP,0.00104096,"2017-06-21 06:30:00"
IOP,0.00104096,"2017-06-21 06:35:00"
IOP,0.0010065,"2017-06-21 06:40:00"
IOP,0.0010065,"2017-06-21 06:45:00"
IOP,0.0010065,"2017-06-21 06:50:00"
IOP,0.00100708,"2017-06-21 06:55:00"
IOP,0.00100708,"2017-06-21 07:00:00"
IOP,0.00100708,"2017-06-21 07:05:00"
IOP,0.0010378,"2017-06-21 07:10:00"
IOP,0.00104805,"2017-06-21 07:15:00"
IOP,0.00104805,"2017-06-21 07:20:00"
IOP,0.00104805,"2017-06-21 07:25:00"
IOP,0.00101816,"2017-06-21 07:30:00"
IOP,0.0010336,"2017-06-21 07:35:00"
IOP,0.00106,"2017-06-21 07:40:00"
IOP,0.00104818,"2017-06-21 07:45:00"
IOP,0.00104818,"2017-06-21 07:50:00"
IOP,0.00104818,"2017-06-21 07:55:00"
IOP,0.00104818,"2017-06-21 08:00:00"
IOP,0.00104818,"2017-06-21 08:05:00"
IOP,0.00104818,"2017-06-21 08:10:00"
IOP,0.00104818,"2017-06-21 08:15:00"
IOP,0.00106,"2017-06-21 08:20:00"
IOP,0.00106,"2017-06-21 08:25:00"
IOP,0.00106,"2017-06-21 08:30:00"
IOP,0.00106665,"2017-06-21 08:35:00"
IOP,0.00106,"2017-06-21 08:40:00"
IOP,0.00106,"2017-06-21 08:45:00"
IOP,0.00106666,"2017-06-21 08:50:00"
IOP,0.00106666,"2017-06-21 08:55:00"
IOP,0.0010201,"2017-06-21 09:00:00"
IOP,0.001045,"2017-06-21 09:05:00"
IOP,0.001045,"2017-06-21 09:10:00"
IOP,0.00106917,"2017-06-21 09:15:00"
IOP,0.00106917,"2017-06-21 09:20:00"
IOP,0.00107,"2017-06-21 09:25:00"
IOP,0.00107,"2017-06-21 09:30:00"
IOP,0.00107,"2017-06-21 09:35:00"
IOP,0.00107,"2017-06-21 09:40:00"
IOP,0.00107,"2017-06-21 09:45:00"
IOP,0.00107,"2017-06-21 09:50:00"
IOP,0.00107,"2017-06-21 09:55:00"
IOP,0.0010707,"2017-06-21 10:00:00"
IOP,0.00111483,"2017-06-21 10:05:00"
IOP,0.00111483,"2017-06-21 10:10:00"
IOP,0.00107269,"2017-06-21 10:15:00"
IOP,0.00111484,"2017-06-21 10:20:00"
IOP,0.00115,"2017-06-21 10:25:00"
IOP,0.00116196,"2017-06-21 10:30:00"
IOP,0.00116196,"2017-06-21 10:35:00"
IOP,0.00121712,"2017-06-21 10:40:00"
IOP,0.00139503,"2017-06-21 10:45:00"
IOP,0.0014045,"2017-06-21 10:50:00"
IOP,0.00141987,"2017-06-21 10:55:00"
IOP,0.00142,"2017-06-21 11:00:00"
IOP,0.00142,"2017-06-21 11:05:00"
IOP,0.00137,"2017-06-21 11:10:00"
IOP,0.00133472,"2017-06-21 11:15:00"
IOP,0.00133333,"2017-06-21 11:20:00"
IOP,0.0012781,"2017-06-21 11:25:00"
IOP,0.00125361,"2017-06-21 11:30:00"
IOP,0.00121727,"2017-06-21 11:35:00"
IOP,0.00121011,"2017-06-21 11:40:00"
IOP,0.00127814,"2017-06-21 11:45:00"
IOP,0.00137498,"2017-06-21 11:50:00"
IOP,0.00137493,"2017-06-21 11:55:00"
IOP,0.00137371,"2017-06-21 12:00:00"
IOP,0.00137322,"2017-06-21 12:05:00"
IOP,0.00137322,"2017-06-21 12:10:00"
IOP,0.00135153,"2017-06-21 12:15:00"
IOP,0.00135153,"2017-06-21 12:20:00"
IOP,0.00135153,"2017-06-21 12:25:00"
IOP,0.001343,"2017-06-21 12:30:00"
IOP,0.00123784,"2017-06-21 12:35:00"
IOP,0.00130525,"2017-06-21 12:40:00"
IOP,0.0012384,"2017-06-21 12:45:00"
IOP,0.00130524,"2017-06-21 12:50:00"
IOP,0.00123991,"2017-06-21 12:55:00"
IOP,0.00130481,"2017-06-21 13:00:00"
IOP,0.00130481,"2017-06-21 13:05:00"
IOP,0.00130481,"2017-06-21 13:10:00"
IOP,0.00130481,"2017-06-21 13:15:00"
IOP,0.00130481,"2017-06-21 13:20:00"
IOP,0.00130481,"2017-06-21 13:25:00"
IOP,0.00130481,"2017-06-21 13:30:00"
IOP,0.00130481,"2017-06-21 13:35:00"
IOP,0.00124035,"2017-06-21 13:40:00"
IOP,0.00113871,"2017-06-21 13:45:00"
IOP,0.00117957,"2017-06-21 13:50:00"
IOP,0.00118,"2017-06-21 13:55:00"
IOP,0.00117997,"2017-06-21 14:00:00"
IOP,0.00117997,"2017-06-21 14:05:00"
IOP,0.00117997,"2017-06-21 14:10:00"
IOP,0.00112929,"2017-06-21 14:15:00"
IOP,0.00112968,"2017-06-21 14:20:00"
IOP,0.00112968,"2017-06-21 14:25:00"
IOP,0.00112968,"2017-06-21 14:30:00"
IOP,0.00112968,"2017-06-21 14:35:00"
IOP,0.00112812,"2017-06-21 14:40:00"
IOP,0.00113989,"2017-06-21 14:45:00"
IOP,0.00113989,"2017-06-21 14:50:00"
IOP,0.00113989,"2017-06-21 14:55:00"
IOP,0.00113989,"2017-06-21 15:00:00"
IOP,0.00113989,"2017-06-21 15:05:00"
IOP,0.00113989,"2017-06-21 15:10:00"
IOP,0.00113989,"2017-06-21 15:15:00"
IOP,0.00113989,"2017-06-21 15:20:00"
IOP,0.00113989,"2017-06-21 15:25:00"
IOP,0.00112801,"2017-06-21 15:30:00"
IOP,0.00112001,"2017-06-21 15:35:00"
IOP,0.0011766,"2017-06-21 15:40:00"
IOP,0.0011766,"2017-06-21 15:45:00"
IOP,0.0011766,"2017-06-21 15:50:00"
IOP,0.0011766,"2017-06-21 15:55:00"
IOP,0.0011766,"2017-06-21 16:00:00"
IOP,0.0011766,"2017-06-21 16:05:00"
IOP,0.00117331,"2017-06-21 16:10:00"
IOP,0.00117331,"2017-06-21 16:15:00"
IOP,0.00117331,"2017-06-21 16:20:00"
IOP,0.00117331,"2017-06-21 16:25:00"
IOP,0.00117331,"2017-06-21 16:30:00"
IOP,0.00117483,"2017-06-21 16:35:00"
IOP,0.001174,"2017-06-21 16:40:00"
IOP,0.00112107,"2017-06-21 16:45:00"
IOP,0.00112107,"2017-06-21 16:50:00"
IOP,0.00112104,"2017-06-21 16:55:00"
IOP,0.00112104,"2017-06-21 17:00:00"
IOP,0.00112104,"2017-06-21 17:05:00"
IOP,0.001121,"2017-06-21 17:10:00"
IOP,0.00112,"2017-06-21 17:15:00"
IOP,0.00112,"2017-06-21 17:20:00"
IOP,0.00112,"2017-06-21 17:25:00"
IOP,0.0011,"2017-06-21 17:30:00"
IOP,0.0011,"2017-06-21 17:35:00"
IOP,0.0011,"2017-06-21 17:40:00"
IOP,0.00111966,"2017-06-21 17:45:00"
IOP,0.001121,"2017-06-21 17:50:00"
IOP,0.001121,"2017-06-21 17:55:00"
IOP,0.00112159,"2017-06-21 18:00:00"
IOP,0.00116481,"2017-06-21 18:05:00"
IOP,0.001121,"2017-06-21 18:10:00"
IOP,0.001121,"2017-06-21 18:15:00"
IOP,0.00111,"2017-06-21 18:20:00"
IOP,0.00111,"2017-06-21 18:25:00"
IOP,0.00111015,"2017-06-21 18:30:00"
IOP,0.00111015,"2017-06-21 18:35:00"
IOP,0.0010957,"2017-06-21 18:40:00"
IOP,0.001085,"2017-06-21 18:45:00"
IOP,0.001085,"2017-06-21 18:50:00"
IOP,0.001085,"2017-06-21 18:55:00"
IOP,0.001085,"2017-06-21 19:00:00"
IOP,0.001085,"2017-06-21 19:05:00"
IOP,0.001085,"2017-06-21 19:10:00"
IOP,0.00110648,"2017-06-21 19:15:00"
IOP,0.00108502,"2017-06-21 19:20:00"
IOP,0.00108501,"2017-06-21 19:25:00"
IOP,0.00108501,"2017-06-21 19:30:00"
IOP,0.001025,"2017-06-21 19:35:00"
IOP,0.001025,"2017-06-21 19:40:00"
IOP,0.001025,"2017-06-21 19:45:00"
IOP,0.001025,"2017-06-21 19:50:00"
IOP,0.001025,"2017-06-21 19:55:00"
IOP,0.001025,"2017-06-21 20:00:00"
IOP,0.00105479,"2017-06-21 20:05:00"
IOP,0.00102512,"2017-06-21 20:10:00"
IOP,0.00105304,"2017-06-21 20:15:00"
IOP,0.00105304,"2017-06-21 20:20:00"
IOP,0.0010511,"2017-06-21 20:25:00"
IOP,0.0010511,"2017-06-21 20:30:00"
IOP,0.00104986,"2017-06-21 20:35:00"
IOP,0.00104986,"2017-06-21 20:40:00"
IOP,0.00103017,"2017-06-21 20:45:00"
IOP,0.0010301,"2017-06-21 20:50:00"
IOP,0.0010301,"2017-06-21 20:55:00"
IOP,0.0010301,"2017-06-21 21:00:00"
IOP,0.00102508,"2017-06-21 21:05:00"
IOP,0.00102508,"2017-06-21 21:10:00"
IOP,0.00104699,"2017-06-21 21:15:00"
IOP,0.00104699,"2017-06-21 21:20:00"
IOP,0.00104492,"2017-06-21 21:25:00"
IOP,0.00102069,"2017-06-21 21:30:00"
IOP,0.001021,"2017-06-21 21:35:00"
IOP,0.00102,"2017-06-21 21:40:00"
IOP,0.00104251,"2017-06-21 21:45:00"
IOP,0.00104658,"2017-06-21 21:50:00"
IOP,0.00104577,"2017-06-21 21:55:00"
IOP,0.00104577,"2017-06-21 22:00:00"
IOP,0.00104631,"2017-06-21 22:05:00"
IOP,0.00104631,"2017-06-21 22:10:00"
IOP,0.00104631,"2017-06-21 22:15:00"
IOP,0.00104631,"2017-06-21 22:20:00"
IOP,0.00104331,"2017-06-21 22:25:00"
IOP,0.00104331,"2017-06-21 22:30:00"
IOP,0.00104204,"2017-06-21 22:35:00"
IOP,0.00104204,"2017-06-21 22:40:00"
IOP,0.0010407,"2017-06-21 22:45:00"
IOP,0.0010407,"2017-06-21 22:50:00"
IOP,0.0010407,"2017-06-21 22:55:00"
IOP,0.0010407,"2017-06-21 23:00:00"
IOP,0.00102001,"2017-06-21 23:05:00"
IOP,0.00102001,"2017-06-21 23:10:00"
IOP,0.00102001,"2017-06-21 23:15:00"
IOP,0.00095969,"2017-06-21 23:20:00"
IOP,0.0009597,"2017-06-21 23:25:00"
IOP,0.0009597,"2017-06-21 23:30:00"
IOP,0.0009577,"2017-06-21 23:35:00"
IOP,0.0009577,"2017-06-21 23:40:00"
IOP,0.0009577,"2017-06-21 23:45:00"
IOP,0.00095769,"2017-06-21 23:50:00"
IOP,0.00095769,"2017-06-21 23:55:00"
IOP,0.00095769,"2017-06-22 00:00:00"
IOP,0.00095769,"2017-06-22 00:05:00"
IOP,0.000957,"2017-06-22 00:10:00"
IOP,0.00095769,"2017-06-22 00:15:00"
IOP,0.00095769,"2017-06-22 00:20:00"
IOP,0.00095769,"2017-06-22 00:25:00"
IOP,0.00095769,"2017-06-22 00:30:00"
IOP,0.0009577,"2017-06-22 00:35:00"
IOP,0.00095769,"2017-06-22 00:40:00"
IOP,0.00095769,"2017-06-22 00:45:00"
IOP,0.0009577,"2017-06-22 00:50:00"
IOP,0.00095769,"2017-06-22 00:55:00"
IOP,0.00095769,"2017-06-22 01:00:00"
IOP,0.00095769,"2017-06-22 01:05:00"
IOP,0.0009577,"2017-06-22 01:10:00"
IOP,0.0009577,"2017-06-22 01:15:00"
IOP,0.00095769,"2017-06-22 01:20:00"
IOP,0.00095769,"2017-06-22 01:25:00"
IOP,0.00096,"2017-06-22 01:30:00"
IOP,0.00101676,"2017-06-22 01:35:00"
IOP,0.00101378,"2017-06-22 01:40:00"
IOP,0.00101378,"2017-06-22 01:45:00"
IOP,0.00101378,"2017-06-22 01:50:00"
IOP,0.00100999,"2017-06-22 01:55:00"
IOP,0.00100999,"2017-06-22 02:00:00"
IOP,0.00100999,"2017-06-22 02:05:00"
IOP,0.00100999,"2017-06-22 02:10:00"
IOP,0.00100999,"2017-06-22 02:15:00"
IOP,0.00096278,"2017-06-22 02:20:00"
IOP,0.00096282,"2017-06-22 02:25:00"
IOP,0.00097,"2017-06-22 02:30:00"
IOP,0.000962,"2017-06-22 02:35:00"
IOP,0.000962,"2017-06-22 02:40:00"
IOP,0.000962,"2017-06-22 02:45:00"
IOP,0.00095769,"2017-06-22 02:50:00"
IOP,0.00095769,"2017-06-22 02:55:00"
IOP,0.00095769,"2017-06-22 03:00:00"
IOP,0.00095769,"2017-06-22 03:05:00"
IOP,0.00095769,"2017-06-22 03:10:00"
IOP,0.00095769,"2017-06-22 03:15:00"
IOP,0.00095769,"2017-06-22 03:20:00"
IOP,0.00095769,"2017-06-22 03:25:00"
IOP,0.00095769,"2017-06-22 03:30:00"
IOP,0.00095769,"2017-06-22 03:35:00"
IOP,0.00095769,"2017-06-22 03:40:00"
IOP,0.00095769,"2017-06-22 03:45:00"
IOP,0.00095769,"2017-06-22 03:50:00"
IOP,0.00095769,"2017-06-22 03:55:00"
IOP,0.00095769,"2017-06-22 04:00:00"
IOP,0.00095769,"2017-06-22 04:05:00"
IOP,0.00095769,"2017-06-22 04:10:00"
IOP,0.00095769,"2017-06-22 04:15:00"
IOP,0.00096631,"2017-06-22 04:20:00"
IOP,0.00096631,"2017-06-22 04:25:00"
IOP,0.00096631,"2017-06-22 04:30:00"
IOP,0.00096631,"2017-06-22 04:35:00"
IOP,0.00095769,"2017-06-22 04:40:00"
IOP,0.00097696,"2017-06-22 04:45:00"
IOP,0.00097696,"2017-06-22 04:50:00"
IOP,0.00097696,"2017-06-22 04:55:00"
IOP,0.00097696,"2017-06-22 05:00:00"
IOP,0.00097696,"2017-06-22 05:05:00"
IOP,0.00097696,"2017-06-22 05:10:00"
IOP,0.00097696,"2017-06-22 05:15:00"
IOP,0.00097696,"2017-06-22 05:20:00"
IOP,0.00095769,"2017-06-22 05:25:00"
IOP,0.00095769,"2017-06-22 05:30:00"
IOP,0.00095769,"2017-06-22 05:35:00"
IOP,0.00095769,"2017-06-22 05:40:00"
IOP,0.00095769,"2017-06-22 05:45:00"
IOP,0.00096657,"2017-06-22 05:50:00"
IOP,0.00096657,"2017-06-22 05:55:00"
IOP,0.00096657,"2017-06-22 06:00:00"
IOP,0.00096657,"2017-06-22 06:05:00"
IOP,0.00096657,"2017-06-22 06:10:00"
IOP,0.00096657,"2017-06-22 06:15:00"
IOP,0.00097311,"2017-06-22 06:20:00"
IOP,0.00097311,"2017-06-22 06:25:00"
IOP,0.00097311,"2017-06-22 06:30:00"
IOP,0.00097311,"2017-06-22 06:35:00"
IOP,0.00097311,"2017-06-22 06:40:00"
IOP,0.00095773,"2017-06-22 06:45:00"
IOP,0.00095773,"2017-06-22 06:50:00"
IOP,0.0009577,"2017-06-22 06:55:00"
IOP,0.000957,"2017-06-22 07:00:00"
IOP,0.000957,"2017-06-22 07:05:00"
IOP,0.000957,"2017-06-22 07:10:00"
IOP,0.000957,"2017-06-22 07:15:00"
IOP,0.000957,"2017-06-22 07:20:00"
IOP,0.0009555,"2017-06-22 07:25:00"
IOP,0.00095,"2017-06-22 07:30:00"
IOP,0.00095,"2017-06-22 07:35:00"
IOP,0.00095,"2017-06-22 07:40:00"
IOP,0.00095,"2017-06-22 07:45:00"
IOP,0.000949,"2017-06-22 07:50:00"
IOP,0.000949,"2017-06-22 07:55:00"
IOP,0.000949,"2017-06-22 08:00:00"
IOP,0.000949,"2017-06-22 08:05:00"
IOP,0.00093044,"2017-06-22 08:10:00"
IOP,0.00093044,"2017-06-22 08:15:00"
IOP,0.00093044,"2017-06-22 08:20:00"
IOP,0.00093044,"2017-06-22 08:25:00"
IOP,0.00091865,"2017-06-22 08:30:00"
IOP,0.00091865,"2017-06-22 08:35:00"
IOP,0.00091864,"2017-06-22 08:40:00"
IOP,0.00091864,"2017-06-22 08:45:00"
IOP,0.00091864,"2017-06-22 08:50:00"
IOP,0.00091865,"2017-06-22 08:55:00"
IOP,0.00091865,"2017-06-22 09:00:00"
IOP,0.00091865,"2017-06-22 09:05:00"
IOP,0.00091865,"2017-06-22 09:10:00"
IOP,0.00091865,"2017-06-22 09:15:00"
IOP,0.00091865,"2017-06-22 09:20:00"
IOP,0.00091865,"2017-06-22 09:25:00"
IOP,0.00091864,"2017-06-22 09:30:00"
IOP,0.00091864,"2017-06-22 09:35:00"
IOP,0.00091865,"2017-06-22 09:40:00"
IOP,0.00091865,"2017-06-22 09:45:00"
IOP,0.00093473,"2017-06-22 09:50:00"
IOP,0.00093473,"2017-06-22 09:55:00"
IOP,0.00093473,"2017-06-22 10:00:00"
IOP,0.00093573,"2017-06-22 10:05:00"
IOP,0.00093573,"2017-06-22 10:10:00"
IOP,0.00093573,"2017-06-22 10:15:00"
IOP,0.00091862,"2017-06-22 10:20:00"
IOP,0.0009005,"2017-06-22 10:25:00"
IOP,0.00090047,"2017-06-22 10:30:00"
IOP,0.00090049,"2017-06-22 10:35:00"
IOP,0.00090049,"2017-06-22 10:40:00"
IOP,0.0009005,"2017-06-22 10:45:00"
IOP,0.0009004,"2017-06-22 10:50:00"
IOP,0.0009004,"2017-06-22 10:55:00"
IOP,0.0009004,"2017-06-22 11:00:00"
IOP,0.0009004,"2017-06-22 11:05:00"
IOP,0.0009004,"2017-06-22 11:10:00"
IOP,0.0009004,"2017-06-22 11:15:00"
IOP,0.0009004,"2017-06-22 11:20:00"
IOP,0.00090101,"2017-06-22 11:25:00"
IOP,0.00090101,"2017-06-22 11:30:00"
IOP,0.00090101,"2017-06-22 11:35:00"
IOP,0.00090101,"2017-06-22 11:40:00"
IOP,0.00092149,"2017-06-22 11:45:00"
IOP,0.00090106,"2017-06-22 11:50:00"
IOP,0.00085061,"2017-06-22 11:55:00"
IOP,0.00085061,"2017-06-22 12:00:00"
IOP,0.00085061,"2017-06-22 12:05:00"
IOP,0.00085061,"2017-06-22 12:10:00"
IOP,0.00085432,"2017-06-22 12:15:00"
IOP,0.00091833,"2017-06-22 12:20:00"
IOP,0.00091833,"2017-06-22 12:25:00"
IOP,0.00091833,"2017-06-22 12:30:00"
IOP,0.00091833,"2017-06-22 12:35:00"
IOP,0.00091833,"2017-06-22 12:40:00"
IOP,0.00091833,"2017-06-22 12:45:00"
IOP,0.00091495,"2017-06-22 12:50:00"
IOP,0.00089,"2017-06-22 12:55:00"
IOP,0.00089,"2017-06-22 13:00:00"
IOP,0.00089,"2017-06-22 13:05:00"
IOP,0.00089,"2017-06-22 13:10:00"
IOP,0.00089,"2017-06-22 13:15:00"
IOP,0.00091484,"2017-06-22 13:20:00"
IOP,0.00091484,"2017-06-22 13:25:00"
IOP,0.00091484,"2017-06-22 13:30:00"
IOP,0.00089,"2017-06-22 13:35:00"
IOP,0.00089,"2017-06-22 13:40:00"
IOP,0.00089,"2017-06-22 13:45:00"
IOP,0.00091098,"2017-06-22 13:50:00"
IOP,0.00091042,"2017-06-22 13:55:00"
IOP,0.00091042,"2017-06-22 14:00:00"
IOP,0.00091042,"2017-06-22 14:05:00"
IOP,0.00091042,"2017-06-22 14:10:00"
IOP,0.00091042,"2017-06-22 14:15:00"
IOP,0.0009,"2017-06-22 14:20:00"
IOP,0.0009,"2017-06-22 14:25:00"
IOP,0.00090001,"2017-06-22 14:30:00"
IOP,0.00091098,"2017-06-22 14:35:00"
IOP,0.00091098,"2017-06-22 14:40:00"
IOP,0.00091098,"2017-06-22 14:45:00"
IOP,0.00091098,"2017-06-22 14:50:00"
IOP,0.00091098,"2017-06-22 14:55:00"
IOP,0.00091098,"2017-06-22 15:00:00"
IOP,0.00091098,"2017-06-22 15:05:00"
IOP,0.00091613,"2017-06-22 15:10:00"
IOP,0.00091613,"2017-06-22 15:15:00"
IOP,0.00091613,"2017-06-22 15:20:00"
IOP,0.00091613,"2017-06-22 15:25:00"
IOP,0.00091613,"2017-06-22 15:30:00"
IOP,0.00091613,"2017-06-22 15:35:00"
IOP,0.00091613,"2017-06-22 15:40:00"
IOP,0.00091613,"2017-06-22 15:45:00"
IOP,0.00091613,"2017-06-22 15:50:00"
IOP,0.00091613,"2017-06-22 15:55:00"
IOP,0.00091613,"2017-06-22 16:00:00"
IOP,0.00091098,"2017-06-22 16:05:00"
IOP,0.00085218,"2017-06-22 16:10:00"
IOP,0.0008531,"2017-06-22 16:15:00"
IOP,0.0008531,"2017-06-22 16:20:00"
IOP,0.0008531,"2017-06-22 16:25:00"
IOP,0.00091788,"2017-06-22 16:30:00"
IOP,0.00091788,"2017-06-22 16:35:00"
IOP,0.00091788,"2017-06-22 16:40:00"
IOP,0.00085763,"2017-06-22 16:45:00"
IOP,0.0008532,"2017-06-22 16:50:00"
IOP,0.0008532,"2017-06-22 16:55:00"
IOP,0.00085592,"2017-06-22 17:00:00"
IOP,0.00085599,"2017-06-22 17:05:00"
IOP,0.00085599,"2017-06-22 17:10:00"
IOP,0.00085599,"2017-06-22 17:15:00"
IOP,0.00085599,"2017-06-22 17:20:00"
IOP,0.00085329,"2017-06-22 17:25:00"
IOP,0.00085762,"2017-06-22 17:30:00"
IOP,0.00085761,"2017-06-22 17:35:00"
IOP,0.00085761,"2017-06-22 17:40:00"
IOP,0.00085761,"2017-06-22 17:45:00"
IOP,0.00089619,"2017-06-22 17:50:00"
IOP,0.0008963,"2017-06-22 17:55:00"
IOP,0.0008963,"2017-06-22 18:00:00"
IOP,0.00085777,"2017-06-22 18:05:00"
IOP,0.00085777,"2017-06-22 18:10:00"
IOP,0.00085762,"2017-06-22 18:15:00"
IOP,0.00085762,"2017-06-22 18:20:00"
IOP,0.00085762,"2017-06-22 18:25:00"
IOP,0.00089632,"2017-06-22 18:30:00"
IOP,0.0008963,"2017-06-22 18:35:00"
IOP,0.00089631,"2017-06-22 18:40:00"
IOP,0.00089625,"2017-06-22 18:45:00"
IOP,0.00089625,"2017-06-22 18:50:00"
IOP,0.00089622,"2017-06-22 18:55:00"
IOP,0.00089622,"2017-06-22 19:00:00"
IOP,0.00089622,"2017-06-22 19:05:00"
IOP,0.0008962,"2017-06-22 19:10:00"
IOP,0.0008962,"2017-06-22 19:15:00"
IOP,0.000896,"2017-06-22 19:20:00"
IOP,0.00089594,"2017-06-22 19:25:00"
IOP,0.00089594,"2017-06-22 19:30:00"
IOP,0.00085761,"2017-06-22 19:35:00"
IOP,0.00085761,"2017-06-22 19:40:00"
IOP,0.00089555,"2017-06-22 19:45:00"
IOP,0.00086,"2017-06-22 19:50:00"
IOP,0.00086,"2017-06-22 19:55:00"
IOP,0.00086,"2017-06-22 20:00:00"
IOP,0.00089424,"2017-06-22 20:05:00"
IOP,0.00089424,"2017-06-22 20:10:00"
IOP,0.00089424,"2017-06-22 20:15:00"
IOP,0.00089424,"2017-06-22 20:20:00"
IOP,0.00089424,"2017-06-22 20:25:00"
IOP,0.00089424,"2017-06-22 20:30:00"
IOP,0.00089424,"2017-06-22 20:35:00"
IOP,0.00089424,"2017-06-22 20:40:00"
IOP,0.00089424,"2017-06-22 20:45:00"
IOP,0.00089424,"2017-06-22 20:50:00"
IOP,0.00089424,"2017-06-22 20:55:00"
IOP,0.00089424,"2017-06-22 21:00:00"
IOP,0.00089424,"2017-06-22 21:05:00"
IOP,0.00089296,"2017-06-22 21:10:00"
IOP,0.0008928,"2017-06-22 21:15:00"
IOP,0.0008928,"2017-06-22 21:20:00"
IOP,0.00089264,"2017-06-22 21:25:00"
IOP,0.00089264,"2017-06-22 21:30:00"
IOP,0.00089264,"2017-06-22 21:35:00"
IOP,0.0008925,"2017-06-22 21:40:00"
IOP,0.0008925,"2017-06-22 21:45:00"
IOP,0.00089262,"2017-06-22 21:50:00"
IOP,0.00089262,"2017-06-22 21:55:00"
IOP,0.00089251,"2017-06-22 22:00:00"
IOP,0.00089256,"2017-06-22 22:05:00"
IOP,0.00089256,"2017-06-22 22:10:00"
IOP,0.00089256,"2017-06-22 22:15:00"
IOP,0.00089256,"2017-06-22 22:20:00"
IOP,0.0008925,"2017-06-22 22:25:00"
IOP,0.0008925,"2017-06-22 22:30:00"
IOP,0.0008925,"2017-06-22 22:35:00"
IOP,0.0008925,"2017-06-22 22:40:00"
IOP,0.0008925,"2017-06-22 22:45:00"
IOP,0.0008925,"2017-06-22 22:50:00"
IOP,0.0008925,"2017-06-22 22:55:00"
IOP,0.00089239,"2017-06-22 23:00:00"
IOP,0.00089239,"2017-06-22 23:05:00"
IOP,0.00089237,"2017-06-22 23:10:00"
IOP,0.00089249,"2017-06-22 23:15:00"
IOP,0.00087078,"2017-06-22 23:20:00"
IOP,0.00087078,"2017-06-22 23:25:00"
IOP,0.00089249,"2017-06-22 23:30:00"
IOP,0.00089249,"2017-06-22 23:35:00"
IOP,0.00089249,"2017-06-22 23:40:00"
IOP,0.00089249,"2017-06-22 23:45:00"
IOP,0.00089249,"2017-06-22 23:50:00"
IOP,0.00089249,"2017-06-22 23:55:00"
IOP,0.00089249,"2017-06-23 00:00:00"
IOP,0.00089249,"2017-06-23 00:05:00"
IOP,0.00089248,"2017-06-23 00:10:00"
IOP,0.00089248,"2017-06-23 00:15:00"
IOP,0.00089248,"2017-06-23 00:20:00"
IOP,0.00089248,"2017-06-23 00:25:00"
IOP,0.00089248,"2017-06-23 00:30:00"
IOP,0.00089248,"2017-06-23 00:35:00"
IOP,0.00089248,"2017-06-23 00:40:00"
IOP,0.00089248,"2017-06-23 00:45:00"
IOP,0.00089249,"2017-06-23 00:50:00"
IOP,0.00089249,"2017-06-23 00:55:00"
IOP,0.00089249,"2017-06-23 01:00:00"
IOP,0.00089249,"2017-06-23 01:05:00"
IOP,0.00089249,"2017-06-23 01:10:00"
IOP,0.00089249,"2017-06-23 01:15:00"
IOP,0.00089249,"2017-06-23 01:20:00"
IOP,0.00089249,"2017-06-23 01:25:00"
IOP,0.00087,"2017-06-23 01:30:00"
IOP,0.000852,"2017-06-23 01:35:00"
IOP,0.000852,"2017-06-23 01:40:00"
IOP,0.000852,"2017-06-23 01:45:00"
IOP,0.000852,"2017-06-23 01:50:00"
IOP,0.000852,"2017-06-23 01:55:00"
IOP,0.000852,"2017-06-23 02:00:00"
IOP,0.000852,"2017-06-23 02:05:00"
IOP,0.000852,"2017-06-23 02:10:00"
IOP,0.000852,"2017-06-23 02:15:00"
IOP,0.000852,"2017-06-23 02:20:00"
IOP,0.00085392,"2017-06-23 02:25:00"
IOP,0.00085392,"2017-06-23 02:30:00"
IOP,0.00085392,"2017-06-23 02:35:00"
IOP,0.00085392,"2017-06-23 02:40:00"
IOP,0.00085483,"2017-06-23 02:45:00"
IOP,0.00085483,"2017-06-23 02:50:00"
IOP,0.00085483,"2017-06-23 02:55:00"
IOP,0.00085483,"2017-06-23 03:00:00"
IOP,0.00085483,"2017-06-23 03:05:00"
IOP,0.00085483,"2017-06-23 03:10:00"
IOP,0.00085483,"2017-06-23 03:15:00"
IOP,0.00085483,"2017-06-23 03:20:00"
IOP,0.00085483,"2017-06-23 03:25:00"
IOP,0.000861,"2017-06-23 03:30:00"
IOP,0.000861,"2017-06-23 03:35:00"
IOP,0.000861,"2017-06-23 03:40:00"
IOP,0.000861,"2017-06-23 03:45:00"
IOP,0.000861,"2017-06-23 03:50:00"
IOP,0.000861,"2017-06-23 03:55:00"
IOP,0.00088967,"2017-06-23 04:00:00"
IOP,0.00088967,"2017-06-23 04:05:00"
IOP,0.00085483,"2017-06-23 04:10:00"
IOP,0.00085483,"2017-06-23 04:15:00"
IOP,0.00085483,"2017-06-23 04:20:00"
IOP,0.00085483,"2017-06-23 04:25:00"
IOP,0.00085483,"2017-06-23 04:30:00"
IOP,0.00085483,"2017-06-23 04:35:00"
IOP,0.00085483,"2017-06-23 04:40:00"
IOP,0.00085483,"2017-06-23 04:45:00"
IOP,0.00085483,"2017-06-23 04:50:00"
IOP,0.00085483,"2017-06-23 04:55:00"
IOP,0.00085483,"2017-06-23 05:00:00"
IOP,0.00085483,"2017-06-23 05:05:00"
IOP,0.00085483,"2017-06-23 05:10:00"
IOP,0.00085483,"2017-06-23 05:15:00"
IOP,0.00085483,"2017-06-23 05:20:00"
IOP,0.00086458,"2017-06-23 05:25:00"
IOP,0.0008889,"2017-06-23 05:30:00"
IOP,0.0008889,"2017-06-23 05:35:00"
IOP,0.00089,"2017-06-23 05:40:00"
IOP,0.0008889,"2017-06-23 05:45:00"
IOP,0.0008889,"2017-06-23 05:50:00"
IOP,0.000852,"2017-06-23 05:55:00"
IOP,0.000852,"2017-06-23 06:00:00"
IOP,0.000852,"2017-06-23 06:05:00"
IOP,0.000852,"2017-06-23 06:10:00"
IOP,0.000852,"2017-06-23 06:15:00"
IOP,0.000852,"2017-06-23 06:20:00"
IOP,0.000852,"2017-06-23 06:25:00"
IOP,0.000852,"2017-06-23 06:30:00"
IOP,0.000892,"2017-06-23 06:35:00"
IOP,0.000854,"2017-06-23 06:40:00"
IOP,0.000854,"2017-06-23 06:45:00"
IOP,0.00085203,"2017-06-23 06:50:00"
IOP,0.00085203,"2017-06-23 06:55:00"
IOP,0.00085203,"2017-06-23 07:00:00"
IOP,0.00085203,"2017-06-23 07:05:00"
IOP,0.00085203,"2017-06-23 07:10:00"
IOP,0.00085202,"2017-06-23 07:15:00"
IOP,0.00089248,"2017-06-23 07:20:00"
IOP,0.00089248,"2017-06-23 07:25:00"
IOP,0.00089248,"2017-06-23 07:30:00"
IOP,0.000855,"2017-06-23 07:35:00"
IOP,0.00089773,"2017-06-23 07:40:00"
IOP,0.00089773,"2017-06-23 07:45:00"
IOP,0.00089773,"2017-06-23 07:50:00"
IOP,0.00089773,"2017-06-23 07:55:00"
IOP,0.00092644,"2017-06-23 08:00:00"
IOP,0.00092643,"2017-06-23 08:05:00"
IOP,0.00092643,"2017-06-23 08:10:00"
IOP,0.00092643,"2017-06-23 08:15:00"
IOP,0.00092643,"2017-06-23 08:20:00"
IOP,0.00092643,"2017-06-23 08:25:00"
IOP,0.00092497,"2017-06-23 08:30:00"
IOP,0.00091999,"2017-06-23 08:35:00"
IOP,0.00091999,"2017-06-23 08:40:00"
IOP,0.00091999,"2017-06-23 08:45:00"
IOP,0.00091999,"2017-06-23 08:50:00"
IOP,0.00091999,"2017-06-23 08:55:00"
IOP,0.00091999,"2017-06-23 09:00:00"
IOP,0.00091999,"2017-06-23 09:05:00"
IOP,0.00091999,"2017-06-23 09:10:00"
IOP,0.00091997,"2017-06-23 09:15:00"
IOP,0.00091997,"2017-06-23 09:20:00"
IOP,0.00091997,"2017-06-23 09:25:00"
IOP,0.00091999,"2017-06-23 09:30:00"
IOP,0.00091998,"2017-06-23 09:35:00"
IOP,0.00091999,"2017-06-23 09:40:00"
IOP,0.00092498,"2017-06-23 09:45:00"
IOP,0.00093824,"2017-06-23 09:50:00"
IOP,0.00094278,"2017-06-23 09:55:00"
IOP,0.00094278,"2017-06-23 10:00:00"
IOP,0.00094278,"2017-06-23 10:05:00"
IOP,0.00094278,"2017-06-23 10:10:00"
IOP,0.00094278,"2017-06-23 10:15:00"
IOP,0.00094278,"2017-06-23 10:20:00"
IOP,0.00094277,"2017-06-23 10:25:00"
IOP,0.0009386,"2017-06-23 10:30:00"
IOP,0.0009386,"2017-06-23 10:35:00"
IOP,0.0009386,"2017-06-23 10:40:00"
IOP,0.0009386,"2017-06-23 10:45:00"
IOP,0.00090521,"2017-06-23 10:50:00"
IOP,0.00090521,"2017-06-23 10:55:00"
IOP,0.00094277,"2017-06-23 11:00:00"
IOP,0.00094277,"2017-06-23 11:05:00"
IOP,0.00094276,"2017-06-23 11:10:00"
IOP,0.00094276,"2017-06-23 11:15:00"
IOP,0.00094276,"2017-06-23 11:20:00"
IOP,0.00094276,"2017-06-23 11:25:00"
IOP,0.00094276,"2017-06-23 11:30:00"
IOP,0.00094276,"2017-06-23 11:35:00"
IOP,0.00094276,"2017-06-23 11:40:00"
IOP,0.00094276,"2017-06-23 11:45:00"
IOP,0.00094276,"2017-06-23 11:50:00"
IOP,0.00094276,"2017-06-23 11:55:00"
IOP,0.00094276,"2017-06-23 12:00:00"
IOP,0.00094276,"2017-06-23 12:05:00"
IOP,0.00094276,"2017-06-23 12:10:00"
IOP,0.00094276,"2017-06-23 12:15:00"
IOP,0.00094276,"2017-06-23 12:20:00"
IOP,0.00094276,"2017-06-23 12:25:00"
IOP,0.00094276,"2017-06-23 12:30:00"
IOP,0.00094276,"2017-06-23 12:35:00"
IOP,0.00094276,"2017-06-23 12:40:00"
IOP,0.00094276,"2017-06-23 12:45:00"
IOP,0.00094199,"2017-06-23 12:50:00"
IOP,0.00094199,"2017-06-23 12:55:00"
IOP,0.00094199,"2017-06-23 13:00:00"
IOP,0.00094199,"2017-06-23 13:05:00"
IOP,0.00094199,"2017-06-23 13:10:00"
IOP,0.00094199,"2017-06-23 13:15:00"
IOP,0.00094199,"2017-06-23 13:20:00"
IOP,0.00094199,"2017-06-23 13:25:00"
IOP,0.00094199,"2017-06-23 13:30:00"
IOP,0.00094199,"2017-06-23 13:35:00"
IOP,0.00094199,"2017-06-23 13:40:00"
IOP,0.00092738,"2017-06-23 13:45:00"
IOP,0.00092738,"2017-06-23 13:50:00"
IOP,0.00092738,"2017-06-23 13:55:00"
IOP,0.00092738,"2017-06-23 14:00:00"
IOP,0.00090521,"2017-06-23 14:05:00"
IOP,0.00090521,"2017-06-23 14:10:00"
IOP,0.00094199,"2017-06-23 14:15:00"
IOP,0.00094199,"2017-06-23 14:20:00"
IOP,0.00094199,"2017-06-23 14:25:00"
IOP,0.000942,"2017-06-23 14:30:00"
IOP,0.000942,"2017-06-23 14:35:00"
IOP,0.000942,"2017-06-23 14:40:00"
IOP,0.000942,"2017-06-23 14:45:00"
IOP,0.000942,"2017-06-23 14:50:00"
IOP,0.000942,"2017-06-23 14:55:00"
IOP,0.000942,"2017-06-23 15:00:00"
IOP,0.000942,"2017-06-23 15:05:00"
IOP,0.000942,"2017-06-23 15:10:00"
IOP,0.000942,"2017-06-23 15:15:00"
IOP,0.000942,"2017-06-23 15:20:00"
IOP,0.000942,"2017-06-23 15:25:00"
IOP,0.00092548,"2017-06-23 15:30:00"
IOP,0.00092548,"2017-06-23 15:35:00"
IOP,0.00092548,"2017-06-23 15:40:00"
IOP,0.00092548,"2017-06-23 15:45:00"
IOP,0.00092548,"2017-06-23 15:50:00"
IOP,0.00092548,"2017-06-23 15:55:00"
IOP,0.00092548,"2017-06-23 16:00:00"
IOP,0.00092548,"2017-06-23 16:05:00"
IOP,0.00092548,"2017-06-23 16:10:00"
IOP,0.00092548,"2017-06-23 16:15:00"
IOP,0.00094278,"2017-06-23 16:20:00"
IOP,0.00094278,"2017-06-23 16:25:00"
IOP,0.00094278,"2017-06-23 16:30:00"
IOP,0.00094278,"2017-06-23 16:35:00"
IOP,0.00094278,"2017-06-23 16:40:00"
IOP,0.00094278,"2017-06-23 16:45:00"
IOP,0.00092548,"2017-06-23 16:50:00"
IOP,0.00092548,"2017-06-23 16:55:00"
IOP,0.00092548,"2017-06-23 17:00:00"
IOP,0.00092548,"2017-06-23 17:05:00"
IOP,0.00092548,"2017-06-23 17:10:00"
IOP,0.00094,"2017-06-23 17:15:00"
IOP,0.00094,"2017-06-23 17:20:00"
IOP,0.00094,"2017-06-23 17:25:00"
IOP,0.00094,"2017-06-23 17:30:00"
IOP,0.00094,"2017-06-23 17:35:00"
IOP,0.00094,"2017-06-23 17:40:00"
IOP,0.00094,"2017-06-23 17:45:00"
IOP,0.00094,"2017-06-23 17:50:00"
IOP,0.00089384,"2017-06-23 17:55:00"
IOP,0.00089399,"2017-06-23 18:00:00"
IOP,0.00089399,"2017-06-23 18:05:00"
IOP,0.00089399,"2017-06-23 18:10:00"
IOP,0.00089399,"2017-06-23 18:15:00"
IOP,0.00089399,"2017-06-23 18:20:00"
IOP,0.00089399,"2017-06-23 18:25:00"
IOP,0.00089399,"2017-06-23 18:30:00"
IOP,0.00089399,"2017-06-23 18:35:00"
IOP,0.00093999,"2017-06-23 18:40:00"
IOP,0.00093999,"2017-06-23 18:45:00"
IOP,0.00093999,"2017-06-23 18:50:00"
IOP,0.00093999,"2017-06-23 18:55:00"
IOP,0.00093999,"2017-06-23 19:00:00"
IOP,0.00093995,"2017-06-23 19:05:00"
IOP,0.00093995,"2017-06-23 19:10:00"
IOP,0.00093981,"2017-06-23 19:15:00"
IOP,0.00093981,"2017-06-23 19:20:00"
IOP,0.00093981,"2017-06-23 19:25:00"
IOP,0.00093981,"2017-06-23 19:30:00"
IOP,0.00093981,"2017-06-23 19:35:00"
IOP,0.00093981,"2017-06-23 19:40:00"
IOP,0.00093986,"2017-06-23 19:45:00"
IOP,0.00093986,"2017-06-23 19:50:00"
IOP,0.00093986,"2017-06-23 19:55:00"
IOP,0.00093986,"2017-06-23 20:00:00"
IOP,0.00093986,"2017-06-23 20:05:00"
IOP,0.00090923,"2017-06-23 20:10:00"
IOP,0.00090923,"2017-06-23 20:15:00"
IOP,0.00093947,"2017-06-23 20:20:00"
IOP,0.00093998,"2017-06-23 20:25:00"
IOP,0.00093998,"2017-06-23 20:30:00"
IOP,0.00093999,"2017-06-23 20:35:00"
IOP,0.00093999,"2017-06-23 20:40:00"
IOP,0.00093999,"2017-06-23 20:45:00"
IOP,0.00093999,"2017-06-23 20:50:00"
IOP,0.00093999,"2017-06-23 20:55:00"
IOP,0.00093999,"2017-06-23 21:00:00"
IOP,0.00094,"2017-06-23 21:05:00"
IOP,0.00094,"2017-06-23 21:10:00"
IOP,0.00094,"2017-06-23 21:15:00"
IOP,0.00094,"2017-06-23 21:20:00"
IOP,0.00094,"2017-06-23 21:25:00"
IOP,0.00094,"2017-06-23 21:30:00"
IOP,0.00094,"2017-06-23 21:35:00"
IOP,0.00094,"2017-06-23 21:40:00"
IOP,0.00094,"2017-06-23 21:45:00"
IOP,0.00094999,"2017-06-23 21:50:00"
IOP,0.00095166,"2017-06-23 21:55:00"
IOP,0.00097084,"2017-06-23 22:00:00"
IOP,0.00097,"2017-06-23 22:05:00"
IOP,0.00095014,"2017-06-23 22:10:00"
IOP,0.00095014,"2017-06-23 22:15:00"
IOP,0.00096074,"2017-06-23 22:20:00"
IOP,0.0009607,"2017-06-23 22:25:00"
IOP,0.00098224,"2017-06-23 22:30:00"
IOP,0.00098224,"2017-06-23 22:35:00"
IOP,0.00098224,"2017-06-23 22:40:00"
IOP,0.00098224,"2017-06-23 22:45:00"
IOP,0.00098224,"2017-06-23 22:50:00"
IOP,0.00098224,"2017-06-23 22:55:00"
IOP,0.000972,"2017-06-23 23:00:00"
IOP,0.00098225,"2017-06-23 23:05:00"
IOP,0.00097201,"2017-06-23 23:10:00"
IOP,0.00099777,"2017-06-23 23:15:00"
IOP,0.00099777,"2017-06-23 23:20:00"
IOP,0.00099777,"2017-06-23 23:25:00"
IOP,0.00099777,"2017-06-23 23:30:00"
IOP,0.00099789,"2017-06-23 23:35:00"
IOP,0.00097252,"2017-06-23 23:40:00"
IOP,0.00097252,"2017-06-23 23:45:00"
IOP,0.00097252,"2017-06-23 23:50:00"
IOP,0.00097252,"2017-06-23 23:55:00"
IOP,0.00097252,"2017-06-24 00:00:00"
IOP,0.00097252,"2017-06-24 00:05:00"
IOP,0.00097252,"2017-06-24 00:10:00"
IOP,0.00097252,"2017-06-24 00:15:00"
IOP,0.00097252,"2017-06-24 00:20:00"
IOP,0.00097251,"2017-06-24 00:25:00"
IOP,0.00097251,"2017-06-24 00:30:00"
IOP,0.00097251,"2017-06-24 00:35:00"
IOP,0.00097251,"2017-06-24 00:40:00"
IOP,0.00097251,"2017-06-24 00:45:00"
IOP,0.00097251,"2017-06-24 00:50:00"
IOP,0.00097251,"2017-06-24 00:55:00"
IOP,0.0010009,"2017-06-24 01:00:00"
IOP,0.0010009,"2017-06-24 01:05:00"
IOP,0.0010009,"2017-06-24 01:10:00"
IOP,0.0010009,"2017-06-24 01:15:00"
IOP,0.0010009,"2017-06-24 01:20:00"
IOP,0.0010009,"2017-06-24 01:25:00"
IOP,0.0010009,"2017-06-24 01:30:00"
IOP,0.0010009,"2017-06-24 01:35:00"
IOP,0.00100622,"2017-06-24 01:40:00"
IOP,0.00102,"2017-06-24 01:45:00"
IOP,0.00102,"2017-06-24 01:50:00"
IOP,0.00102,"2017-06-24 01:55:00"
IOP,0.00100284,"2017-06-24 02:00:00"
IOP,0.00100284,"2017-06-24 02:05:00"
IOP,0.00100284,"2017-06-24 02:10:00"
IOP,0.00100284,"2017-06-24 02:15:00"
IOP,0.00100284,"2017-06-24 02:20:00"
IOP,0.00100284,"2017-06-24 02:25:00"
IOP,0.00100099,"2017-06-24 02:30:00"
IOP,0.00100099,"2017-06-24 02:35:00"
IOP,0.00100099,"2017-06-24 02:40:00"
IOP,0.00100099,"2017-06-24 02:45:00"
IOP,0.00100099,"2017-06-24 02:50:00"
IOP,0.00101999,"2017-06-24 02:55:00"
IOP,0.00101999,"2017-06-24 03:00:00"
IOP,0.00101999,"2017-06-24 03:05:00"
IOP,0.00101999,"2017-06-24 03:10:00"
IOP,0.00101999,"2017-06-24 03:15:00"
IOP,0.00101999,"2017-06-24 03:20:00"
IOP,0.00101999,"2017-06-24 03:25:00"
IOP,0.00101999,"2017-06-24 03:30:00"
IOP,0.00102348,"2017-06-24 03:35:00"
IOP,0.00103285,"2017-06-24 03:40:00"
IOP,0.00103285,"2017-06-24 03:45:00"
IOP,0.0010405,"2017-06-24 03:50:00"
IOP,0.0010405,"2017-06-24 03:55:00"
IOP,0.00104049,"2017-06-24 04:00:00"
IOP,0.00104049,"2017-06-24 04:05:00"
IOP,0.0011183,"2017-06-24 04:10:00"
IOP,0.00111999,"2017-06-24 04:15:00"
IOP,0.00116201,"2017-06-24 04:20:00"
IOP,0.001329,"2017-06-24 04:25:00"
IOP,0.00129899,"2017-06-24 04:30:00"
IOP,0.00116802,"2017-06-24 04:35:00"
IOP,0.00114164,"2017-06-24 04:40:00"
IOP,0.00110231,"2017-06-24 04:45:00"
IOP,0.00132932,"2017-06-24 04:50:00"
IOP,0.0013293,"2017-06-24 04:55:00"
IOP,0.00132931,"2017-06-24 05:00:00"
IOP,0.00132931,"2017-06-24 05:05:00"
IOP,0.0013,"2017-06-24 05:10:00"
IOP,0.00113505,"2017-06-24 05:15:00"
IOP,0.00118023,"2017-06-24 05:20:00"
IOP,0.00118025,"2017-06-24 05:25:00"
IOP,0.00118025,"2017-06-24 05:30:00"
IOP,0.00119993,"2017-06-24 05:35:00"
IOP,0.00125486,"2017-06-24 05:40:00"
IOP,0.00123002,"2017-06-24 05:45:00"
IOP,0.00124,"2017-06-24 05:50:00"
IOP,0.00125492,"2017-06-24 05:55:00"
IOP,0.00121044,"2017-06-24 06:00:00"
IOP,0.00122103,"2017-06-24 06:05:00"
IOP,0.001328,"2017-06-24 06:10:00"
IOP,0.00123021,"2017-06-24 06:15:00"
IOP,0.00124121,"2017-06-24 06:20:00"
IOP,0.00125008,"2017-06-24 06:25:00"
IOP,0.00126023,"2017-06-24 06:30:00"
IOP,0.0013,"2017-06-24 06:35:00"
IOP,0.0014,"2017-06-24 06:40:00"
IOP,0.00149999,"2017-06-24 06:45:00"
IOP,0.00135992,"2017-06-24 06:50:00"
IOP,0.00135997,"2017-06-24 06:55:00"
IOP,0.00135981,"2017-06-24 07:00:00"
IOP,0.00129987,"2017-06-24 07:05:00"
IOP,0.00129986,"2017-06-24 07:10:00"
IOP,0.0013,"2017-06-24 07:15:00"
IOP,0.00135,"2017-06-24 07:20:00"
IOP,0.00135,"2017-06-24 07:25:00"
IOP,0.00135,"2017-06-24 07:30:00"
IOP,0.00116016,"2017-06-24 07:35:00"
IOP,0.00118772,"2017-06-24 07:40:00"
IOP,0.00127052,"2017-06-24 07:45:00"
IOP,0.00127052,"2017-06-24 07:50:00"
IOP,0.00118001,"2017-06-24 07:55:00"
IOP,0.00115139,"2017-06-24 08:00:00"
IOP,0.0011514,"2017-06-24 08:05:00"
IOP,0.00115186,"2017-06-24 08:10:00"
IOP,0.00120393,"2017-06-24 08:15:00"
IOP,0.00120372,"2017-06-24 08:20:00"
IOP,0.00115139,"2017-06-24 08:25:00"
IOP,0.00120246,"2017-06-24 08:30:00"
IOP,0.00107764,"2017-06-24 08:35:00"
IOP,0.00118935,"2017-06-24 08:40:00"
IOP,0.00118865,"2017-06-24 08:45:00"
IOP,0.00118865,"2017-06-24 08:50:00"
IOP,0.00118865,"2017-06-24 08:55:00"
IOP,0.00107763,"2017-06-24 09:00:00"
IOP,0.00107763,"2017-06-24 09:05:00"
IOP,0.00108,"2017-06-24 09:10:00"
IOP,0.00108054,"2017-06-24 09:15:00"
IOP,0.00108062,"2017-06-24 09:20:00"
IOP,0.00108045,"2017-06-24 09:25:00"
IOP,0.00108042,"2017-06-24 09:30:00"
IOP,0.00108011,"2017-06-24 09:35:00"
IOP,0.00108011,"2017-06-24 09:40:00"
IOP,0.00105012,"2017-06-24 09:45:00"
IOP,0.00105012,"2017-06-24 09:50:00"
IOP,0.00105012,"2017-06-24 09:55:00"
IOP,0.00107757,"2017-06-24 10:00:00"
IOP,0.00107757,"2017-06-24 10:05:00"
IOP,0.00107633,"2017-06-24 10:10:00"
IOP,0.00107683,"2017-06-24 10:15:00"
IOP,0.00105,"2017-06-24 10:20:00"
IOP,0.00105,"2017-06-24 10:25:00"
IOP,0.00105,"2017-06-24 10:30:00"
IOP,0.00105,"2017-06-24 10:35:00"
IOP,0.00105,"2017-06-24 10:40:00"
IOP,0.00105,"2017-06-24 10:45:00"
IOP,0.00105,"2017-06-24 10:50:00"
IOP,0.00105,"2017-06-24 10:55:00"
IOP,0.00105,"2017-06-24 11:00:00"
IOP,0.00105,"2017-06-24 11:05:00"
IOP,0.00105,"2017-06-24 11:10:00"
IOP,0.00104261,"2017-06-24 11:15:00"
IOP,0.00104261,"2017-06-24 11:20:00"
IOP,0.00104261,"2017-06-24 11:25:00"
IOP,0.00104261,"2017-06-24 11:30:00"
IOP,0.00104,"2017-06-24 11:35:00"
IOP,0.00100099,"2017-06-24 11:40:00"
IOP,0.00100099,"2017-06-24 11:45:00"
IOP,0.00100099,"2017-06-24 11:50:00"
IOP,0.00100099,"2017-06-24 11:55:00"
IOP,0.001001,"2017-06-24 12:00:00"
IOP,0.001001,"2017-06-24 12:05:00"
IOP,0.001001,"2017-06-24 12:10:00"
IOP,0.00100421,"2017-06-24 12:15:00"
IOP,0.00100469,"2017-06-24 12:20:00"
IOP,0.0010052,"2017-06-24 12:25:00"
IOP,0.0010052,"2017-06-24 12:30:00"
IOP,0.0010052,"2017-06-24 12:35:00"
IOP,0.00102012,"2017-06-24 12:40:00"
IOP,0.00102012,"2017-06-24 12:45:00"
IOP,0.00102012,"2017-06-24 12:50:00"
IOP,0.00102012,"2017-06-24 12:55:00"
IOP,0.00102012,"2017-06-24 13:00:00"
IOP,0.00102012,"2017-06-24 13:05:00"
IOP,0.00102012,"2017-06-24 13:10:00"
IOP,0.00102012,"2017-06-24 13:15:00"
IOP,0.00102012,"2017-06-24 13:20:00"
IOP,0.00106509,"2017-06-24 13:25:00"
IOP,0.00106445,"2017-06-24 13:30:00"
IOP,0.00106445,"2017-06-24 13:35:00"
IOP,0.00104885,"2017-06-24 13:40:00"
IOP,0.00104883,"2017-06-24 13:45:00"
IOP,0.00104883,"2017-06-24 13:50:00"
IOP,0.00105992,"2017-06-24 13:55:00"
IOP,0.00105992,"2017-06-24 14:00:00"
IOP,0.00105992,"2017-06-24 14:05:00"
IOP,0.00105992,"2017-06-24 14:10:00"
IOP,0.00105947,"2017-06-24 14:15:00"
IOP,0.00105939,"2017-06-24 14:20:00"
IOP,0.00105923,"2017-06-24 14:25:00"
IOP,0.00105915,"2017-06-24 14:30:00"
IOP,0.00106,"2017-06-24 14:35:00"
IOP,0.00105915,"2017-06-24 14:40:00"
IOP,0.00105915,"2017-06-24 14:45:00"
IOP,0.00105915,"2017-06-24 14:50:00"
IOP,0.00106669,"2017-06-24 14:55:00"
IOP,0.00106721,"2017-06-24 15:00:00"
IOP,0.00106669,"2017-06-24 15:05:00"
IOP,0.00106669,"2017-06-24 15:10:00"
IOP,0.00106669,"2017-06-24 15:15:00"
IOP,0.00106721,"2017-06-24 15:20:00"
IOP,0.00106721,"2017-06-24 15:25:00"
IOP,0.0010203,"2017-06-24 15:30:00"
IOP,0.0010203,"2017-06-24 15:35:00"
IOP,0.0010203,"2017-06-24 15:40:00"
IOP,0.0010203,"2017-06-24 15:45:00"
IOP,0.0010203,"2017-06-24 15:50:00"
IOP,0.00106836,"2017-06-24 15:55:00"
IOP,0.00106835,"2017-06-24 16:00:00"
IOP,0.00106835,"2017-06-24 16:05:00"
IOP,0.00106835,"2017-06-24 16:10:00"
IOP,0.00106835,"2017-06-24 16:15:00"
IOP,0.00106721,"2017-06-24 16:20:00"
IOP,0.00106721,"2017-06-24 16:25:00"
IOP,0.00107,"2017-06-24 16:30:00"
IOP,0.00107,"2017-06-24 16:35:00"
IOP,0.00107,"2017-06-24 16:40:00"
IOP,0.00107,"2017-06-24 16:45:00"
IOP,0.00107,"2017-06-24 16:50:00"
IOP,0.00107,"2017-06-24 16:55:00"
IOP,0.00107,"2017-06-24 17:00:00"
IOP,0.00107,"2017-06-24 17:05:00"
IOP,0.00107755,"2017-06-24 17:10:00"
IOP,0.00107755,"2017-06-24 17:15:00"
IOP,0.00107793,"2017-06-24 17:20:00"
IOP,0.00107793,"2017-06-24 17:25:00"
IOP,0.00102052,"2017-06-24 17:30:00"
IOP,0.0010702,"2017-06-24 17:35:00"
IOP,0.00107821,"2017-06-24 17:40:00"
IOP,0.0010782,"2017-06-24 17:45:00"
IOP,0.00102541,"2017-06-24 17:50:00"
IOP,0.00102627,"2017-06-24 17:55:00"
IOP,0.00102616,"2017-06-24 18:00:00"
IOP,0.00107733,"2017-06-24 18:05:00"
IOP,0.00102708,"2017-06-24 18:10:00"
IOP,0.00107677,"2017-06-24 18:15:00"
IOP,0.00107611,"2017-06-24 18:20:00"
IOP,0.00107097,"2017-06-24 18:25:00"
IOP,0.00107097,"2017-06-24 18:30:00"
IOP,0.00107508,"2017-06-24 18:35:00"
IOP,0.00107831,"2017-06-24 18:40:00"
IOP,0.00109,"2017-06-24 18:45:00"
IOP,0.0010446,"2017-06-24 18:50:00"
IOP,0.001035,"2017-06-24 18:55:00"
IOP,0.00108918,"2017-06-24 19:00:00"
IOP,0.00108918,"2017-06-24 19:05:00"
IOP,0.00108766,"2017-06-24 19:10:00"
IOP,0.00108766,"2017-06-24 19:15:00"
IOP,0.00103473,"2017-06-24 19:20:00"
IOP,0.00103472,"2017-06-24 19:25:00"
IOP,0.00103472,"2017-06-24 19:30:00"
IOP,0.00102115,"2017-06-24 19:35:00"
IOP,0.00102115,"2017-06-24 19:40:00"
IOP,0.00104359,"2017-06-24 19:45:00"
IOP,0.00104359,"2017-06-24 19:50:00"
IOP,0.00102124,"2017-06-24 19:55:00"
IOP,0.0010203,"2017-06-24 20:00:00"
IOP,0.0010203,"2017-06-24 20:05:00"
IOP,0.0010203,"2017-06-24 20:10:00"
IOP,0.00102799,"2017-06-24 20:15:00"
IOP,0.00102799,"2017-06-24 20:20:00"
IOP,0.00102799,"2017-06-24 20:25:00"
IOP,0.00102799,"2017-06-24 20:30:00"
IOP,0.0010203,"2017-06-24 20:35:00"
IOP,0.0010203,"2017-06-24 20:40:00"
IOP,0.0010203,"2017-06-24 20:45:00"
IOP,0.0010203,"2017-06-24 20:50:00"
IOP,0.0010203,"2017-06-24 20:55:00"
IOP,0.0010203,"2017-06-24 21:00:00"
IOP,0.0010203,"2017-06-24 21:05:00"
IOP,0.0010203,"2017-06-24 21:10:00"
IOP,0.00102136,"2017-06-24 21:15:00"
IOP,0.00102136,"2017-06-24 21:20:00"
IOP,0.00102136,"2017-06-24 21:25:00"
IOP,0.00102136,"2017-06-24 21:30:00"
IOP,0.00102136,"2017-06-24 21:35:00"
IOP,0.00102136,"2017-06-24 21:40:00"
IOP,0.00102136,"2017-06-24 21:45:00"
IOP,0.00102136,"2017-06-24 21:50:00"
IOP,0.00102136,"2017-06-24 21:55:00"
IOP,0.00102136,"2017-06-24 22:00:00"
IOP,0.00102136,"2017-06-24 22:05:00"
IOP,0.00102136,"2017-06-24 22:10:00"
IOP,0.00102136,"2017-06-24 22:15:00"
IOP,0.00102136,"2017-06-24 22:20:00"
IOP,0.00102136,"2017-06-24 22:25:00"
IOP,0.00102136,"2017-06-24 22:30:00"
IOP,0.00102136,"2017-06-24 22:35:00"
IOP,0.00102136,"2017-06-24 22:40:00"
IOP,0.00101766,"2017-06-24 22:45:00"
IOP,0.001002,"2017-06-24 22:50:00"
IOP,0.001002,"2017-06-24 22:55:00"
IOP,0.001002,"2017-06-24 23:00:00"
IOP,0.001002,"2017-06-24 23:05:00"
IOP,0.001002,"2017-06-24 23:10:00"
IOP,0.001002,"2017-06-24 23:15:00"
IOP,0.0010024,"2017-06-24 23:20:00"
IOP,0.00100252,"2017-06-24 23:25:00"
IOP,0.00100252,"2017-06-24 23:30:00"
IOP,0.00100252,"2017-06-24 23:35:00"
IOP,0.00100252,"2017-06-24 23:40:00"
IOP,0.00100252,"2017-06-24 23:45:00"
IOP,0.00100252,"2017-06-24 23:50:00"
IOP,0.00100252,"2017-06-24 23:55:00"
IOP,0.00100252,"2017-06-25 00:00:00"
IOP,0.00100278,"2017-06-25 00:05:00"
IOP,0.00100278,"2017-06-25 00:10:00"
IOP,0.00100278,"2017-06-25 00:15:00"
IOP,0.00100278,"2017-06-25 00:20:00"
IOP,0.00100278,"2017-06-25 00:25:00"
IOP,0.00100278,"2017-06-25 00:30:00"
IOP,0.00100278,"2017-06-25 00:35:00"
IOP,0.00103514,"2017-06-25 00:40:00"
IOP,0.00103514,"2017-06-25 00:45:00"
IOP,0.00103514,"2017-06-25 00:50:00"
IOP,0.00103514,"2017-06-25 00:55:00"
IOP,0.00100279,"2017-06-25 01:00:00"
IOP,0.00100279,"2017-06-25 01:05:00"
IOP,0.00100279,"2017-06-25 01:10:00"
IOP,0.00100099,"2017-06-25 01:15:00"
IOP,0.00100099,"2017-06-25 01:20:00"
IOP,0.00100099,"2017-06-25 01:25:00"
IOP,0.00100099,"2017-06-25 01:30:00"
IOP,0.00100099,"2017-06-25 01:35:00"
IOP,0.00100099,"2017-06-25 01:40:00"
IOP,0.00100099,"2017-06-25 01:45:00"
IOP,0.00100099,"2017-06-25 01:50:00"
IOP,0.00100099,"2017-06-25 01:55:00"
IOP,0.00100099,"2017-06-25 02:00:00"
IOP,0.00102053,"2017-06-25 02:05:00"
IOP,0.00102053,"2017-06-25 02:10:00"
IOP,0.0010193,"2017-06-25 02:15:00"
IOP,0.00101916,"2017-06-25 02:20:00"
IOP,0.00101916,"2017-06-25 02:25:00"
IOP,0.00101916,"2017-06-25 02:30:00"
IOP,0.00100101,"2017-06-25 02:35:00"
IOP,0.001001,"2017-06-25 02:40:00"
IOP,0.001,"2017-06-25 02:45:00"
IOP,0.00099995,"2017-06-25 02:50:00"
IOP,0.00099995,"2017-06-25 02:55:00"
IOP,0.00099995,"2017-06-25 03:00:00"
IOP,0.00099995,"2017-06-25 03:05:00"
IOP,0.00099995,"2017-06-25 03:10:00"
IOP,0.00093629,"2017-06-25 03:15:00"
IOP,0.00098617,"2017-06-25 03:20:00"
IOP,0.00094005,"2017-06-25 03:25:00"
IOP,0.00094014,"2017-06-25 03:30:00"
IOP,0.00094014,"2017-06-25 03:35:00"
IOP,0.00094014,"2017-06-25 03:40:00"
IOP,0.00094014,"2017-06-25 03:45:00"
IOP,0.00095,"2017-06-25 03:50:00"
IOP,0.00095,"2017-06-25 03:55:00"
IOP,0.00095,"2017-06-25 04:00:00"
IOP,0.00095,"2017-06-25 04:05:00"
IOP,0.00095,"2017-06-25 04:10:00"
IOP,0.00095,"2017-06-25 04:15:00"
IOP,0.00095,"2017-06-25 04:20:00"
IOP,0.00095,"2017-06-25 04:25:00"
IOP,0.00095,"2017-06-25 04:30:00"
IOP,0.00095,"2017-06-25 04:35:00"
IOP,0.00095,"2017-06-25 04:40:00"
IOP,0.00098039,"2017-06-25 04:45:00"
IOP,0.00098039,"2017-06-25 04:50:00"
IOP,0.00098039,"2017-06-25 04:55:00"
IOP,0.00098039,"2017-06-25 05:00:00"
IOP,0.00098039,"2017-06-25 05:05:00"
IOP,0.00094001,"2017-06-25 05:10:00"
IOP,0.00094001,"2017-06-25 05:15:00"
IOP,0.00097791,"2017-06-25 05:20:00"
IOP,0.00094018,"2017-06-25 05:25:00"
IOP,0.00094018,"2017-06-25 05:30:00"
IOP,0.00094018,"2017-06-25 05:35:00"
IOP,0.00094027,"2017-06-25 05:40:00"
IOP,0.00094002,"2017-06-25 05:45:00"
IOP,0.00092001,"2017-06-25 05:50:00"
IOP,0.00092001,"2017-06-25 05:55:00"
IOP,0.00092176,"2017-06-25 06:00:00"
IOP,0.00092176,"2017-06-25 06:05:00"
IOP,0.00092176,"2017-06-25 06:10:00"
IOP,0.00092176,"2017-06-25 06:15:00"
IOP,0.00092176,"2017-06-25 06:20:00"
IOP,0.00097106,"2017-06-25 06:25:00"
IOP,0.00097106,"2017-06-25 06:30:00"
IOP,0.00097106,"2017-06-25 06:35:00"
IOP,0.00096921,"2017-06-25 06:40:00"
IOP,0.00096921,"2017-06-25 06:45:00"
IOP,0.00096867,"2017-06-25 06:50:00"
IOP,0.00096867,"2017-06-25 06:55:00"
IOP,0.000955,"2017-06-25 07:00:00"
IOP,0.00096743,"2017-06-25 07:05:00"
IOP,0.00096742,"2017-06-25 07:10:00"
IOP,0.00096993,"2017-06-25 07:15:00"
IOP,0.000955,"2017-06-25 07:20:00"
IOP,0.000945,"2017-06-25 07:25:00"
IOP,0.00093106,"2017-06-25 07:30:00"
IOP,0.000923,"2017-06-25 07:35:00"
IOP,0.00092305,"2017-06-25 07:40:00"
IOP,0.00092305,"2017-06-25 07:45:00"
IOP,0.00092305,"2017-06-25 07:50:00"
IOP,0.00092305,"2017-06-25 07:55:00"
IOP,0.00092397,"2017-06-25 08:00:00"
IOP,0.00092397,"2017-06-25 08:05:00"
IOP,0.0009231,"2017-06-25 08:10:00"
IOP,0.0009231,"2017-06-25 08:15:00"
IOP,0.0009231,"2017-06-25 08:20:00"
IOP,0.0009231,"2017-06-25 08:25:00"
IOP,0.0009231,"2017-06-25 08:30:00"
IOP,0.00093931,"2017-06-25 08:35:00"
IOP,0.00096991,"2017-06-25 08:40:00"
IOP,0.00097,"2017-06-25 08:45:00"
IOP,0.00097,"2017-06-25 08:50:00"
IOP,0.00097,"2017-06-25 08:55:00"
IOP,0.00097016,"2017-06-25 09:00:00"
IOP,0.00097016,"2017-06-25 09:05:00"
IOP,0.00097016,"2017-06-25 09:10:00"
IOP,0.00099052,"2017-06-25 09:15:00"
IOP,0.00099052,"2017-06-25 09:20:00"
IOP,0.00099052,"2017-06-25 09:25:00"
IOP,0.00099065,"2017-06-25 09:30:00"
IOP,0.00102815,"2017-06-25 09:35:00"
IOP,0.00102815,"2017-06-25 09:40:00"
IOP,0.00102814,"2017-06-25 09:45:00"
IOP,0.00104193,"2017-06-25 09:50:00"
IOP,0.00104195,"2017-06-25 09:55:00"
IOP,0.00104195,"2017-06-25 10:00:00"
IOP,0.00104195,"2017-06-25 10:05:00"
IOP,0.00104195,"2017-06-25 10:10:00"
IOP,0.00104195,"2017-06-25 10:15:00"
IOP,0.00104195,"2017-06-25 10:20:00"
IOP,0.00104195,"2017-06-25 10:25:00"
IOP,0.00104198,"2017-06-25 10:30:00"
IOP,0.00104199,"2017-06-25 10:35:00"
IOP,0.00104199,"2017-06-25 10:40:00"
IOP,0.00104199,"2017-06-25 10:45:00"
IOP,0.00104193,"2017-06-25 10:50:00"
IOP,0.00104193,"2017-06-25 10:55:00"
IOP,0.00104193,"2017-06-25 11:00:00"
IOP,0.00104193,"2017-06-25 11:05:00"
IOP,0.00104193,"2017-06-25 11:10:00"
IOP,0.00104193,"2017-06-25 11:15:00"
IOP,0.00104193,"2017-06-25 11:20:00"
IOP,0.0010281,"2017-06-25 11:25:00"
IOP,0.0010281,"2017-06-25 11:30:00"
IOP,0.0010281,"2017-06-25 11:35:00"
IOP,0.00104358,"2017-06-25 11:40:00"
IOP,0.00104358,"2017-06-25 11:45:00"
IOP,0.00104358,"2017-06-25 11:50:00"
IOP,0.00104358,"2017-06-25 11:55:00"
IOP,0.00104358,"2017-06-25 12:00:00"
IOP,0.00104358,"2017-06-25 12:05:00"
IOP,0.00104358,"2017-06-25 12:10:00"
IOP,0.00104358,"2017-06-25 12:15:00"
IOP,0.00104358,"2017-06-25 12:20:00"
IOP,0.00104587,"2017-06-25 12:25:00"
IOP,0.00104587,"2017-06-25 12:30:00"
IOP,0.00104582,"2017-06-25 12:35:00"
IOP,0.00104582,"2017-06-25 12:40:00"
IOP,0.00104582,"2017-06-25 12:45:00"
IOP,0.00104582,"2017-06-25 12:50:00"
IOP,0.00104582,"2017-06-25 12:55:00"
IOP,0.00104582,"2017-06-25 13:00:00"
IOP,0.00102813,"2017-06-25 13:05:00"
IOP,0.00104579,"2017-06-25 13:10:00"
IOP,0.00104579,"2017-06-25 13:15:00"
IOP,0.00104579,"2017-06-25 13:20:00"
IOP,0.00102812,"2017-06-25 13:25:00"
IOP,0.00102812,"2017-06-25 13:30:00"
IOP,0.00102812,"2017-06-25 13:35:00"
IOP,0.0010281,"2017-06-25 13:40:00"
IOP,0.0010281,"2017-06-25 13:45:00"
IOP,0.0010458,"2017-06-25 13:50:00"
IOP,0.0010458,"2017-06-25 13:55:00"
IOP,0.0010458,"2017-06-25 14:00:00"
IOP,0.00102826,"2017-06-25 14:05:00"
IOP,0.0010458,"2017-06-25 14:10:00"
IOP,0.0010458,"2017-06-25 14:15:00"
IOP,0.00102818,"2017-06-25 14:20:00"
IOP,0.0010281,"2017-06-25 14:25:00"
IOP,0.0010281,"2017-06-25 14:30:00"
IOP,0.0010281,"2017-06-25 14:35:00"
IOP,0.0010281,"2017-06-25 14:40:00"
IOP,0.0010281,"2017-06-25 14:45:00"
IOP,0.0010281,"2017-06-25 14:50:00"
IOP,0.0010281,"2017-06-25 14:55:00"
IOP,0.0010281,"2017-06-25 15:00:00"
IOP,0.0010281,"2017-06-25 15:05:00"
IOP,0.0010281,"2017-06-25 15:10:00"
IOP,0.0010281,"2017-06-25 15:15:00"
IOP,0.0010281,"2017-06-25 15:20:00"
IOP,0.0010281,"2017-06-25 15:25:00"
IOP,0.0010281,"2017-06-25 15:30:00"
IOP,0.0010281,"2017-06-25 15:35:00"
IOP,0.00102818,"2017-06-25 15:40:00"
IOP,0.00102818,"2017-06-25 15:45:00"
IOP,0.00102818,"2017-06-25 15:50:00"
IOP,0.00102818,"2017-06-25 15:55:00"
IOP,0.0010281,"2017-06-25 16:00:00"
IOP,0.0010281,"2017-06-25 16:05:00"
IOP,0.00102818,"2017-06-25 16:10:00"
IOP,0.00102818,"2017-06-25 16:15:00"
IOP,0.00102818,"2017-06-25 16:20:00"
IOP,0.00097187,"2017-06-25 16:25:00"
IOP,0.00102798,"2017-06-25 16:30:00"
IOP,0.00102798,"2017-06-25 16:35:00"
IOP,0.00102798,"2017-06-25 16:40:00"
IOP,0.00106756,"2017-06-25 16:45:00"
IOP,0.00106756,"2017-06-25 16:50:00"
IOP,0.00106754,"2017-06-25 16:55:00"
IOP,0.00106754,"2017-06-25 17:00:00"
IOP,0.00106754,"2017-06-25 17:05:00"
IOP,0.00106874,"2017-06-25 17:10:00"
IOP,0.00106954,"2017-06-25 17:15:00"
IOP,0.00107,"2017-06-25 17:20:00"
IOP,0.00107,"2017-06-25 17:25:00"
IOP,0.00107343,"2017-06-25 17:30:00"
IOP,0.00107343,"2017-06-25 17:35:00"
IOP,0.00107343,"2017-06-25 17:40:00"
IOP,0.00107343,"2017-06-25 17:45:00"
IOP,0.00107343,"2017-06-25 17:50:00"
IOP,0.00107,"2017-06-25 17:55:00"
IOP,0.00107,"2017-06-25 18:00:00"
IOP,0.00107,"2017-06-25 18:05:00"
IOP,0.00107,"2017-06-25 18:10:00"
IOP,0.00107,"2017-06-25 18:15:00"
IOP,0.00107,"2017-06-25 18:20:00"
IOP,0.00107,"2017-06-25 18:25:00"
IOP,0.00107,"2017-06-25 18:30:00"
IOP,0.00106954,"2017-06-25 18:35:00"
IOP,0.00107,"2017-06-25 18:40:00"
IOP,0.00107,"2017-06-25 18:45:00"
IOP,0.00107,"2017-06-25 18:50:00"
IOP,0.00107,"2017-06-25 18:55:00"
IOP,0.00107,"2017-06-25 19:00:00"
IOP,0.00107,"2017-06-25 19:05:00"
IOP,0.00107342,"2017-06-25 19:10:00"
IOP,0.00107342,"2017-06-25 19:15:00"
IOP,0.00107342,"2017-06-25 19:20:00"
IOP,0.00107342,"2017-06-25 19:25:00"
IOP,0.00107342,"2017-06-25 19:30:00"
IOP,0.00107342,"2017-06-25 19:35:00"
IOP,0.00107342,"2017-06-25 19:40:00"
IOP,0.00100877,"2017-06-25 19:45:00"
IOP,0.00100877,"2017-06-25 19:50:00"
IOP,0.00100877,"2017-06-25 19:55:00"
IOP,0.00100954,"2017-06-25 20:00:00"
IOP,0.00100954,"2017-06-25 20:05:00"
IOP,0.00100877,"2017-06-25 20:10:00"
IOP,0.00100342,"2017-06-25 20:15:00"
IOP,0.00100342,"2017-06-25 20:20:00"
IOP,0.00100342,"2017-06-25 20:25:00"
IOP,0.00100342,"2017-06-25 20:30:00"
IOP,0.00100342,"2017-06-25 20:35:00"
IOP,0.00105847,"2017-06-25 20:40:00"
IOP,0.00105847,"2017-06-25 20:45:00"
IOP,0.00105847,"2017-06-25 20:50:00"
IOP,0.00105838,"2017-06-25 20:55:00"
IOP,0.00105838,"2017-06-25 21:00:00"
IOP,0.00105838,"2017-06-25 21:05:00"
IOP,0.00105838,"2017-06-25 21:10:00"
IOP,0.00105838,"2017-06-25 21:15:00"
IOP,0.00105838,"2017-06-25 21:20:00"
IOP,0.00105838,"2017-06-25 21:25:00"
IOP,0.00105838,"2017-06-25 21:30:00"
IOP,0.00105838,"2017-06-25 21:35:00"
IOP,0.00103284,"2017-06-25 21:40:00"
IOP,0.00103284,"2017-06-25 21:45:00"
IOP,0.00103284,"2017-06-25 21:50:00"
IOP,0.00103284,"2017-06-25 21:55:00"
IOP,0.00103285,"2017-06-25 22:00:00"
IOP,0.00098571,"2017-06-25 22:05:00"
IOP,0.00098571,"2017-06-25 22:10:00"
IOP,0.00098571,"2017-06-25 22:15:00"
IOP,0.00098571,"2017-06-25 22:20:00"
IOP,0.00098571,"2017-06-25 22:25:00"
IOP,0.00100233,"2017-06-25 22:30:00"
IOP,0.00100233,"2017-06-25 22:35:00"
IOP,0.00100233,"2017-06-25 22:40:00"
IOP,0.00100233,"2017-06-25 22:45:00"
IOP,0.00100233,"2017-06-25 22:50:00"
IOP,0.00100233,"2017-06-25 22:55:00"
IOP,0.00100233,"2017-06-25 23:00:00"
IOP,0.00100233,"2017-06-25 23:05:00"
IOP,0.00100233,"2017-06-25 23:10:00"
IOP,0.00100233,"2017-06-25 23:15:00"
IOP,0.00100233,"2017-06-25 23:20:00"
IOP,0.00100233,"2017-06-25 23:25:00"
IOP,0.00100234,"2017-06-25 23:30:00"
IOP,0.00100234,"2017-06-25 23:35:00"
IOP,0.00100333,"2017-06-25 23:40:00"
IOP,0.00100333,"2017-06-25 23:45:00"
IOP,0.00100333,"2017-06-25 23:50:00"
IOP,0.00100333,"2017-06-25 23:55:00"
IOP,0.00100333,"2017-06-26 00:00:00"
IOP,0.00100333,"2017-06-26 00:05:00"
IOP,0.00100333,"2017-06-26 00:10:00"
IOP,0.00100333,"2017-06-26 00:15:00"
IOP,0.00100333,"2017-06-26 00:20:00"
IOP,0.00100333,"2017-06-26 00:25:00"
IOP,0.00100333,"2017-06-26 00:30:00"
IOP,0.00100333,"2017-06-26 00:35:00"
IOP,0.00100333,"2017-06-26 00:40:00"
IOP,0.00100333,"2017-06-26 00:45:00"
IOP,0.00100333,"2017-06-26 00:50:00"
IOP,0.00097089,"2017-06-26 00:55:00"
IOP,0.00097089,"2017-06-26 01:00:00"
IOP,0.00097089,"2017-06-26 01:05:00"
IOP,0.00097089,"2017-06-26 01:10:00"
IOP,0.00097089,"2017-06-26 01:15:00"
IOP,0.00097089,"2017-06-26 01:20:00"
IOP,0.00097013,"2017-06-26 01:25:00"
IOP,0.00097011,"2017-06-26 01:30:00"
IOP,0.00097011,"2017-06-26 01:35:00"
IOP,0.00095195,"2017-06-26 01:40:00"
IOP,0.00095195,"2017-06-26 01:45:00"
IOP,0.00095206,"2017-06-26 01:50:00"
IOP,0.00095206,"2017-06-26 01:55:00"
IOP,0.00095206,"2017-06-26 02:00:00"
IOP,0.00095206,"2017-06-26 02:05:00"
IOP,0.00095206,"2017-06-26 02:10:00"
IOP,0.00095206,"2017-06-26 02:15:00"
IOP,0.00095206,"2017-06-26 02:20:00"
IOP,0.00095256,"2017-06-26 02:25:00"
IOP,0.00095256,"2017-06-26 02:30:00"
IOP,0.00099936,"2017-06-26 02:35:00"
IOP,0.00099936,"2017-06-26 02:40:00"
IOP,0.0009989,"2017-06-26 02:45:00"
IOP,0.0009989,"2017-06-26 02:50:00"
IOP,0.00099821,"2017-06-26 02:55:00"
IOP,0.00099821,"2017-06-26 03:00:00"
IOP,0.00099821,"2017-06-26 03:05:00"
IOP,0.00099748,"2017-06-26 03:10:00"
IOP,0.00099727,"2017-06-26 03:15:00"
IOP,0.00099727,"2017-06-26 03:20:00"
IOP,0.00099727,"2017-06-26 03:25:00"
IOP,0.00099727,"2017-06-26 03:30:00"
IOP,0.00099727,"2017-06-26 03:35:00"
IOP,0.000952,"2017-06-26 03:40:00"
IOP,0.000952,"2017-06-26 03:45:00"
IOP,0.000952,"2017-06-26 03:50:00"
IOP,0.000952,"2017-06-26 03:55:00"
IOP,0.000952,"2017-06-26 04:00:00"
IOP,0.000952,"2017-06-26 04:05:00"
IOP,0.000952,"2017-06-26 04:10:00"
IOP,0.000952,"2017-06-26 04:15:00"
IOP,0.000952,"2017-06-26 04:20:00"
IOP,0.000952,"2017-06-26 04:25:00"
IOP,0.000952,"2017-06-26 04:30:00"
IOP,0.000952,"2017-06-26 04:35:00"
IOP,0.000952,"2017-06-26 04:40:00"
IOP,0.000952,"2017-06-26 04:45:00"
IOP,0.000952,"2017-06-26 04:50:00"
IOP,0.000952,"2017-06-26 04:55:00"
IOP,0.000952,"2017-06-26 05:00:00"
IOP,0.000952,"2017-06-26 05:05:00"
IOP,0.000952,"2017-06-26 05:10:00"
IOP,0.000952,"2017-06-26 05:15:00"
IOP,0.000952,"2017-06-26 05:20:00"
IOP,0.00099759,"2017-06-26 05:25:00"
IOP,0.00099759,"2017-06-26 05:30:00"
IOP,0.00099759,"2017-06-26 05:35:00"
IOP,0.00099759,"2017-06-26 05:40:00"
IOP,0.00099759,"2017-06-26 05:45:00"
IOP,0.00099759,"2017-06-26 05:50:00"
IOP,0.00099759,"2017-06-26 05:55:00"
IOP,0.00099759,"2017-06-26 06:00:00"
IOP,0.00099759,"2017-06-26 06:05:00"
IOP,0.00099759,"2017-06-26 06:10:00"
IOP,0.00099759,"2017-06-26 06:15:00"
IOP,0.000962,"2017-06-26 06:20:00"
IOP,0.000962,"2017-06-26 06:25:00"
IOP,0.000962,"2017-06-26 06:30:00"
IOP,0.000962,"2017-06-26 06:35:00"
IOP,0.000962,"2017-06-26 06:40:00"
IOP,0.00096199,"2017-06-26 06:45:00"
IOP,0.00096199,"2017-06-26 06:50:00"
IOP,0.00096199,"2017-06-26 06:55:00"
IOP,0.00096199,"2017-06-26 07:00:00"
IOP,0.00096199,"2017-06-26 07:05:00"
IOP,0.00096199,"2017-06-26 07:10:00"
IOP,0.00096199,"2017-06-26 07:15:00"
IOP,0.00093,"2017-06-26 07:20:00"
IOP,0.00093,"2017-06-26 07:25:00"
IOP,0.00093,"2017-06-26 07:30:00"
IOP,0.00093,"2017-06-26 07:35:00"
IOP,0.00093001,"2017-06-26 07:40:00"
IOP,0.00093001,"2017-06-26 07:45:00"
IOP,0.00093001,"2017-06-26 07:50:00"
IOP,0.00093001,"2017-06-26 07:55:00"
IOP,0.00093001,"2017-06-26 08:00:00"
IOP,0.00093,"2017-06-26 08:05:00"
IOP,0.00093,"2017-06-26 08:10:00"
IOP,0.00093,"2017-06-26 08:15:00"
IOP,0.00093,"2017-06-26 08:20:00"
IOP,0.00093,"2017-06-26 08:25:00"
IOP,0.00093,"2017-06-26 08:30:00"
IOP,0.00093,"2017-06-26 08:35:00"
IOP,0.00093,"2017-06-26 08:40:00"
IOP,0.00093,"2017-06-26 08:45:00"
IOP,0.00093,"2017-06-26 08:50:00"
IOP,0.00093,"2017-06-26 08:55:00"
IOP,0.00093,"2017-06-26 09:00:00"
IOP,0.00093,"2017-06-26 09:05:00"
IOP,0.00093,"2017-06-26 09:10:00"
IOP,0.00093,"2017-06-26 09:15:00"
IOP,0.00093,"2017-06-26 09:20:00"
IOP,0.00093,"2017-06-26 09:25:00"
IOP,0.00093,"2017-06-26 09:30:00"
IOP,0.00093,"2017-06-26 09:35:00"
IOP,0.00093,"2017-06-26 09:40:00"
IOP,0.00093,"2017-06-26 09:45:00"
IOP,0.00093,"2017-06-26 09:50:00"
IOP,0.00093,"2017-06-26 09:55:00"
IOP,0.00093,"2017-06-26 10:00:00"
IOP,0.00093,"2017-06-26 10:05:00"
IOP,0.00093,"2017-06-26 10:10:00"
IOP,0.00093001,"2017-06-26 10:15:00"
IOP,0.00093001,"2017-06-26 10:20:00"
IOP,0.00095,"2017-06-26 10:25:00"
IOP,0.00095,"2017-06-26 10:30:00"
IOP,0.00095,"2017-06-26 10:35:00"
IOP,0.00095,"2017-06-26 10:40:00"
IOP,0.00095,"2017-06-26 10:45:00"
IOP,0.0009302,"2017-06-26 10:50:00"
IOP,0.00094988,"2017-06-26 10:55:00"
IOP,0.0009302,"2017-06-26 11:00:00"
IOP,0.00093,"2017-06-26 11:05:00"
IOP,0.00092338,"2017-06-26 11:10:00"
IOP,0.00092338,"2017-06-26 11:15:00"
IOP,0.00092,"2017-06-26 11:20:00"
IOP,0.00092,"2017-06-26 11:25:00"
IOP,0.00092,"2017-06-26 11:30:00"
IOP,0.00092,"2017-06-26 11:35:00"
IOP,0.00092,"2017-06-26 11:40:00"
IOP,0.00092,"2017-06-26 11:45:00"
IOP,0.00092,"2017-06-26 11:50:00"
IOP,0.0009182,"2017-06-26 11:55:00"
IOP,0.0009182,"2017-06-26 12:00:00"
IOP,0.0009182,"2017-06-26 12:05:00"
IOP,0.0009182,"2017-06-26 12:10:00"
IOP,0.00092338,"2017-06-26 12:15:00"
IOP,0.00092338,"2017-06-26 12:20:00"
IOP,0.00092338,"2017-06-26 12:25:00"
IOP,0.00092338,"2017-06-26 12:30:00"
IOP,0.00092338,"2017-06-26 12:35:00"
IOP,0.00092338,"2017-06-26 12:40:00"
IOP,0.00092338,"2017-06-26 12:45:00"
IOP,0.00097656,"2017-06-26 12:50:00"
IOP,0.00097656,"2017-06-26 12:55:00"
IOP,0.00097656,"2017-06-26 13:00:00"
IOP,0.00097584,"2017-06-26 13:05:00"
IOP,0.00097584,"2017-06-26 13:10:00"
IOP,0.0009755,"2017-06-26 13:15:00"
IOP,0.0009755,"2017-06-26 13:20:00"
IOP,0.00097541,"2017-06-26 13:25:00"
IOP,0.00097541,"2017-06-26 13:30:00"
IOP,0.00097541,"2017-06-26 13:35:00"
IOP,0.00097541,"2017-06-26 13:40:00"
IOP,0.00097541,"2017-06-26 13:45:00"
IOP,0.00097541,"2017-06-26 13:50:00"
IOP,0.00097541,"2017-06-26 13:55:00"
IOP,0.00097541,"2017-06-26 14:00:00"
IOP,0.00097541,"2017-06-26 14:05:00"
IOP,0.00097541,"2017-06-26 14:10:00"
IOP,0.00097538,"2017-06-26 14:15:00"
IOP,0.00093082,"2017-06-26 14:20:00"
IOP,0.00093082,"2017-06-26 14:25:00"
IOP,0.00093082,"2017-06-26 14:30:00"
IOP,0.00093082,"2017-06-26 14:35:00"
IOP,0.00093082,"2017-06-26 14:40:00"
IOP,0.00093082,"2017-06-26 14:45:00"
IOP,0.00093082,"2017-06-26 14:50:00"
IOP,0.00093081,"2017-06-26 14:55:00"
IOP,0.00093081,"2017-06-26 15:00:00"
IOP,0.00097532,"2017-06-26 15:05:00"
IOP,0.00097532,"2017-06-26 15:10:00"
IOP,0.00097514,"2017-06-26 15:15:00"
IOP,0.00097514,"2017-06-26 15:20:00"
IOP,0.00097514,"2017-06-26 15:25:00"
IOP,0.00097514,"2017-06-26 15:30:00"
IOP,0.00097514,"2017-06-26 15:35:00"
IOP,0.00097483,"2017-06-26 15:40:00"
IOP,0.00097483,"2017-06-26 15:45:00"
IOP,0.00097483,"2017-06-26 15:50:00"
IOP,0.00097483,"2017-06-26 15:55:00"
IOP,0.00097455,"2017-06-26 16:00:00"
IOP,0.00097455,"2017-06-26 16:05:00"
IOP,0.00094302,"2017-06-26 16:10:00"
IOP,0.00094302,"2017-06-26 16:15:00"
IOP,0.0009752,"2017-06-26 16:20:00"
IOP,0.0009752,"2017-06-26 16:25:00"
IOP,0.0009752,"2017-06-26 16:30:00"
IOP,0.0009752,"2017-06-26 16:35:00"
IOP,0.00094303,"2017-06-26 16:40:00"
IOP,0.00094303,"2017-06-26 16:45:00"
IOP,0.00094303,"2017-06-26 16:50:00"
IOP,0.00094303,"2017-06-26 16:55:00"
IOP,0.00094303,"2017-06-26 17:00:00"
IOP,0.0009752,"2017-06-26 17:05:00"
IOP,0.00097539,"2017-06-26 17:10:00"
IOP,0.0009754,"2017-06-26 17:15:00"
IOP,0.0009754,"2017-06-26 17:20:00"
IOP,0.0009754,"2017-06-26 17:25:00"
IOP,0.00097539,"2017-06-26 17:30:00"
IOP,0.0009754,"2017-06-26 17:35:00"
IOP,0.001,"2017-06-26 17:40:00"
IOP,0.001,"2017-06-26 17:45:00"
IOP,0.001,"2017-06-26 17:50:00"
IOP,0.00094925,"2017-06-26 17:55:00"
IOP,0.001,"2017-06-26 18:00:00"
IOP,0.00096721,"2017-06-26 18:05:00"
IOP,0.00096722,"2017-06-26 18:10:00"
IOP,0.00092,"2017-06-26 18:15:00"
IOP,0.00092,"2017-06-26 18:20:00"
IOP,0.00092,"2017-06-26 18:25:00"
IOP,0.0009182,"2017-06-26 18:30:00"
IOP,0.0009182,"2017-06-26 18:35:00"
IOP,0.0009182,"2017-06-26 18:40:00"
IOP,0.0009182,"2017-06-26 18:45:00"
IOP,0.0009182,"2017-06-26 18:50:00"
IOP,0.0009182,"2017-06-26 18:55:00"
IOP,0.0009182,"2017-06-26 19:00:00"
IOP,0.0009182,"2017-06-26 19:05:00"
IOP,0.0009182,"2017-06-26 19:10:00"
IOP,0.00091801,"2017-06-26 19:15:00"
IOP,0.00091801,"2017-06-26 19:20:00"
IOP,0.00091571,"2017-06-26 19:25:00"
IOP,0.00091571,"2017-06-26 19:30:00"
IOP,0.00090998,"2017-06-26 19:35:00"
IOP,0.00090998,"2017-06-26 19:40:00"
IOP,0.00090996,"2017-06-26 19:45:00"
IOP,0.00090996,"2017-06-26 19:50:00"
IOP,0.00091569,"2017-06-26 19:55:00"
IOP,0.00091569,"2017-06-26 20:00:00"
IOP,0.00091569,"2017-06-26 20:05:00"
IOP,0.00091569,"2017-06-26 20:10:00"
IOP,0.00091569,"2017-06-26 20:15:00"
IOP,0.00091569,"2017-06-26 20:20:00"
IOP,0.00091569,"2017-06-26 20:25:00"
IOP,0.00091569,"2017-06-26 20:30:00"
IOP,0.00090924,"2017-06-26 20:35:00"
IOP,0.00090924,"2017-06-26 20:40:00"
IOP,0.00090924,"2017-06-26 20:45:00"
IOP,0.00091,"2017-06-26 20:50:00"
IOP,0.00091,"2017-06-26 20:55:00"
IOP,0.00090009,"2017-06-26 21:00:00"
IOP,0.00090034,"2017-06-26 21:05:00"
IOP,0.00090034,"2017-06-26 21:10:00"
IOP,0.0009005,"2017-06-26 21:15:00"
IOP,0.00084241,"2017-06-26 21:15:00"
IOP,0.00090064,"2017-06-26 21:20:00"
IOP,0.00090064,"2017-06-26 21:25:00"
IOP,0.00090064,"2017-06-26 21:30:00"
IOP,0.00093701,"2017-06-26 21:35:00"
IOP,0.00093693,"2017-06-26 21:40:00"
IOP,0.00093693,"2017-06-26 21:45:00"
IOP,0.00093693,"2017-06-26 21:50:00"
IOP,0.00093693,"2017-06-26 21:55:00"
IOP,0.00093693,"2017-06-26 22:00:00"
IOP,0.00093693,"2017-06-26 22:05:00"
IOP,0.00093693,"2017-06-26 22:10:00"
IOP,0.00093693,"2017-06-26 22:15:00"
IOP,0.00093937,"2017-06-26 22:20:00"
IOP,0.00093937,"2017-06-26 22:25:00"
IOP,0.00093937,"2017-06-26 22:30:00"
IOP,0.00093937,"2017-06-26 22:35:00"
IOP,0.00093937,"2017-06-26 22:40:00"
IOP,0.00093937,"2017-06-26 22:45:00"
IOP,0.00084111,"2017-06-26 22:50:00"
IOP,0.00084111,"2017-06-26 22:55:00"
IOP,0.00084241,"2017-06-26 23:18:00"
IOP,0.00084241,"2017-06-26 23:43:00"
IOP,0.00090732,"2017-06-27 01:00:02"
IOP,0.00088025,"2017-06-27 01:05:02"
IOP,0.00084112,"2017-06-27 01:10:02"
IOP,0.0008412,"2017-06-27 01:15:01"
IOP,0.0008412,"2017-06-27 01:20:02"
IOP,0.0008412,"2017-06-27 01:25:01"
IOP,0.0008412,"2017-06-27 01:30:01"
IOP,0.0008412,"2017-06-27 01:35:01"
IOP,0.00088,"2017-06-27 01:40:01"
IOP,0.00084112,"2017-06-27 01:45:01"
IOP,0.00084112,"2017-06-27 01:50:02"
IOP,0.00084112,"2017-06-27 01:55:02"
IOP,0.00084112,"2017-06-27 02:00:02"
IOP,0.00084112,"2017-06-27 02:05:02"
IOP,0.00088,"2017-06-27 02:10:02"
IOP,0.0008417,"2017-06-27 02:15:01"
IOP,0.0008417,"2017-06-27 02:20:01"
IOP,0.0008417,"2017-06-27 02:25:01"
IOP,0.0008417,"2017-06-27 02:30:01"
IOP,0.0008417,"2017-06-27 02:35:02"
IOP,0.0008417,"2017-06-27 02:40:03"
IOP,0.0008417,"2017-06-27 02:45:02"
IOP,0.0008417,"2017-06-27 02:50:01"
IOP,0.00089908,"2017-06-27 02:55:01"
IOP,0.00089908,"2017-06-27 03:00:02"
IOP,0.00089908,"2017-06-27 03:05:01"
IOP,0.00089908,"2017-06-27 03:10:02"
IOP,0.00089908,"2017-06-27 03:15:01"
IOP,0.00089908,"2017-06-27 03:20:01"
IOP,0.00089908,"2017-06-27 03:25:02"
IOP,0.00089908,"2017-06-27 03:30:02"
IOP,0.00089908,"2017-06-27 03:35:01"
IOP,0.00089908,"2017-06-27 03:40:01"
IOP,0.00089908,"2017-06-27 03:45:02"
IOP,0.00089908,"2017-06-27 03:50:01"
IOP,0.00089908,"2017-06-27 03:55:02"
IOP,0.00089908,"2017-06-27 04:00:02"
IOP,0.00089908,"2017-06-27 04:05:02"
IOP,0.00089908,"2017-06-27 04:10:02"
IOP,0.00089304,"2017-06-27 04:15:02"
IOP,0.00089304,"2017-06-27 04:20:02"
IOP,0.00089304,"2017-06-27 04:25:02"
IOP,0.00089304,"2017-06-27 04:30:01"
IOP,0.00089304,"2017-06-27 04:35:01"
IOP,0.00089304,"2017-06-27 04:40:02"
IOP,0.00089304,"2017-06-27 04:45:02"
IOP,0.00089304,"2017-06-27 04:50:02"
IOP,0.00089304,"2017-06-27 04:55:02"
IOP,0.00089304,"2017-06-27 05:00:01"
IOP,0.00089304,"2017-06-27 05:05:01"
IOP,0.00088493,"2017-06-27 05:10:01"
IOP,0.00088493,"2017-06-27 05:15:01"
IOP,0.00088493,"2017-06-27 05:20:02"
IOP,0.00088493,"2017-06-27 05:25:02"
IOP,0.00088493,"2017-06-27 05:30:01"
IOP,0.00088493,"2017-06-27 05:35:01"
IOP,0.00088493,"2017-06-27 05:40:02"
IOP,0.00088493,"2017-06-27 05:45:01"
IOP,0.00088493,"2017-06-27 05:50:01"
IOP,0.00088493,"2017-06-27 05:55:01"
IOP,0.00088493,"2017-06-27 06:00:02"
IOP,0.00088493,"2017-06-27 06:05:01"
IOP,0.00088493,"2017-06-27 06:10:01"
IOP,0.00088493,"2017-06-27 06:15:01"
IOP,0.00084607,"2017-06-27 06:20:01"
IOP,0.00084607,"2017-06-27 06:25:02"
IOP,0.00084607,"2017-06-27 06:30:01"
IOP,0.00084607,"2017-06-27 06:35:02"
IOP,0.00084607,"2017-06-27 06:40:02"
IOP,0.00084607,"2017-06-27 06:45:02"
IOP,0.00084607,"2017-06-27 06:50:01"
IOP,0.00084609,"2017-06-27 06:55:01"
IOP,0.00084609,"2017-06-27 07:00:02"
IOP,0.00084609,"2017-06-27 07:05:01"
IOP,0.00084609,"2017-06-27 07:10:02"
IOP,0.00084609,"2017-06-27 07:15:01"
IOP,0.00084609,"2017-06-27 07:20:02"
IOP,0.00084609,"2017-06-27 07:25:01"
IOP,0.00084609,"2017-06-27 07:30:02"
IOP,0.00084609,"2017-06-27 07:35:01"
IOP,0.00084609,"2017-06-27 07:40:01"
IOP,0.00084609,"2017-06-27 07:45:02"
IOP,0.00088745,"2017-06-27 07:50:02"
IOP,0.00088745,"2017-06-27 07:55:01"
IOP,0.00088745,"2017-06-27 08:00:02"
IOP,0.00088745,"2017-06-27 08:05:02"
IOP,0.00088745,"2017-06-27 08:10:02"
IOP,0.00088745,"2017-06-27 08:15:02"
IOP,0.00088745,"2017-06-27 08:20:02"
IOP,0.00088745,"2017-06-27 08:25:02"
IOP,0.00088745,"2017-06-27 08:30:01"
IOP,0.00088745,"2017-06-27 08:35:01"
IOP,0.00088745,"2017-06-27 08:40:02"
IOP,0.000855,"2017-06-27 08:45:02"
IOP,0.000855,"2017-06-27 08:50:02"
IOP,0.000855,"2017-06-27 08:55:01"
IOP,0.000855,"2017-06-27 09:00:01"
IOP,0.000855,"2017-06-27 09:05:02"
IOP,0.000855,"2017-06-27 09:10:01"
IOP,0.000855,"2017-06-27 09:15:01"
IOP,0.000855,"2017-06-27 09:20:02"
IOP,0.000855,"2017-06-27 09:25:02"
IOP,0.000855,"2017-06-27 09:30:02"
IOP,0.000855,"2017-06-27 09:35:02"
IOP,0.000855,"2017-06-27 09:40:01"
IOP,0.000855,"2017-06-27 09:45:02"
IOP,0.00085557,"2017-06-27 09:50:02"
IOP,0.00085557,"2017-06-27 09:55:01"
IOP,0.00083594,"2017-06-27 10:00:02"
IOP,0.00083594,"2017-06-27 10:05:02"
IOP,0.00083595,"2017-06-27 10:10:02"
IOP,0.00083595,"2017-06-27 10:15:01"
IOP,0.00083595,"2017-06-27 10:20:01"
IOP,0.00083595,"2017-06-27 10:25:02"
IOP,0.00083595,"2017-06-27 10:30:02"
IOP,0.00083595,"2017-06-27 10:35:01"
IOP,0.00083595,"2017-06-27 10:40:01"
IOP,0.00083595,"2017-06-27 10:45:02"
IOP,0.00088403,"2017-06-27 10:50:01"
IOP,0.00083594,"2017-06-27 10:55:02"
IOP,0.00083594,"2017-06-27 11:00:02"
IOP,0.00083594,"2017-06-27 11:05:01"
IOP,0.00082047,"2017-06-27 11:10:02"
IOP,0.00082047,"2017-06-27 11:15:02"
IOP,0.00082047,"2017-06-27 11:20:02"
IOP,0.00082047,"2017-06-27 11:25:01"
IOP,0.00082047,"2017-06-27 11:30:02"
IOP,0.00082047,"2017-06-27 11:35:02"
IOP,0.00082047,"2017-06-27 11:40:02"
IOP,0.00082047,"2017-06-27 11:45:01"
IOP,0.00082047,"2017-06-27 11:50:02"
IOP,0.00082047,"2017-06-27 11:55:01"
IOP,0.00082047,"2017-06-27 12:00:01"
IOP,0.00082087,"2017-06-27 12:05:02"
IOP,0.00082087,"2017-06-27 12:10:01"
IOP,0.00082087,"2017-06-27 12:15:02"
IOP,0.00082087,"2017-06-27 12:20:02"
IOP,0.00083595,"2017-06-27 12:25:02"
IOP,0.00086012,"2017-06-27 12:30:02"
IOP,0.0008598,"2017-06-27 12:35:01"
IOP,0.0008598,"2017-06-27 12:40:01"
IOP,0.00085032,"2017-06-27 12:45:02"
IOP,0.00083039,"2017-06-27 12:50:02"
IOP,0.00083039,"2017-06-27 12:55:02"
IOP,0.00083039,"2017-06-27 13:00:03"
IOP,0.00083039,"2017-06-27 13:05:02"
IOP,0.00083039,"2017-06-27 13:10:02"
IOP,0.00083039,"2017-06-27 13:15:01"
IOP,0.00083039,"2017-06-27 13:20:01"
IOP,0.00083039,"2017-06-27 13:25:02"
IOP,0.00083039,"2017-06-27 13:30:02"
IOP,0.00083039,"2017-06-27 13:35:02"
IOP,0.00083039,"2017-06-27 13:40:02"
IOP,0.00082001,"2017-06-27 13:45:02"
IOP,0.00082001,"2017-06-27 13:50:01"
IOP,0.00085881,"2017-06-27 13:55:02"
IOP,0.00085881,"2017-06-27 14:00:02"
IOP,0.00085881,"2017-06-27 14:05:01"
IOP,0.00082,"2017-06-27 14:10:02"
IOP,0.00082,"2017-06-27 14:15:01"
IOP,0.00082,"2017-06-27 14:20:01"
IOP,0.00082,"2017-06-27 14:25:02"
IOP,0.00082,"2017-06-27 14:30:02"
IOP,0.00082,"2017-06-27 14:35:01"
IOP,0.00082,"2017-06-27 14:40:01"
IOP,0.00082,"2017-06-27 14:45:01"
IOP,0.00082,"2017-06-27 14:50:01"
IOP,0.00082,"2017-06-27 14:55:01"
IOP,0.00082,"2017-06-27 15:00:02"
IOP,0.00082,"2017-06-27 15:05:01"
IOP,0.00082,"2017-06-27 15:10:02"
IOP,0.00082,"2017-06-27 15:15:02"
IOP,0.00082,"2017-06-27 15:20:01"
IOP,0.00082,"2017-06-27 15:25:02"
IOP,0.00082,"2017-06-27 15:30:03"
IOP,0.00082,"2017-06-27 15:35:02"
IOP,0.00082,"2017-06-27 15:40:01"
IOP,0.00082,"2017-06-27 15:45:01"
IOP,0.00081792,"2017-06-27 15:50:02"
IOP,0.00081792,"2017-06-27 15:55:01"
IOP,0.00081792,"2017-06-27 16:00:03"
IOP,0.00081792,"2017-06-27 16:05:01"
IOP,0.00081792,"2017-06-27 16:10:02"
IOP,0.00081792,"2017-06-27 16:15:02"
IOP,0.00081792,"2017-06-27 16:20:01"
IOP,0.00081792,"2017-06-27 16:25:02"
IOP,0.00081792,"2017-06-27 16:30:01"
IOP,0.00081792,"2017-06-27 16:35:02"
IOP,0.00081779,"2017-06-27 16:40:02"
IOP,0.00082,"2017-06-27 16:45:02"
IOP,0.00082,"2017-06-27 16:50:01"
IOP,0.00082873,"2017-06-27 16:55:02"
IOP,0.00080125,"2017-06-27 17:00:01"
IOP,0.00080142,"2017-06-27 17:05:02"
IOP,0.00081006,"2017-06-27 17:10:02"
IOP,0.00074104,"2017-06-27 17:15:01"
IOP,0.0008,"2017-06-27 17:20:01"
IOP,0.00079899,"2017-06-27 17:25:02"
IOP,0.00083596,"2017-06-27 17:30:01"
IOP,0.00087999,"2017-06-27 17:35:01"
IOP,0.00083,"2017-06-27 17:40:01"
IOP,0.00084995,"2017-06-27 17:45:03"
IOP,0.00081999,"2017-06-27 17:50:02"
IOP,0.00080001,"2017-06-27 17:55:01"
IOP,0.00080005,"2017-06-27 18:00:02"
IOP,0.000819,"2017-06-27 18:05:02"
IOP,0.00080007,"2017-06-27 18:10:02"
IOP,0.00080015,"2017-06-27 18:15:01"
IOP,0.0008189,"2017-06-27 18:20:02"
IOP,0.00081,"2017-06-27 18:25:02"
IOP,0.00081893,"2017-06-27 18:30:02"
IOP,0.00081893,"2017-06-27 18:35:02"
IOP,0.00081,"2017-06-27 18:40:02"
IOP,0.000818,"2017-06-27 18:45:01"
IOP,0.00080007,"2017-06-27 18:50:02"
IOP,0.000831,"2017-06-27 18:55:01"
IOP,0.00080015,"2017-06-27 19:00:02"
IOP,0.00083098,"2017-06-27 19:05:02"
IOP,0.00086,"2017-06-27 19:10:02"
IOP,0.00085991,"2017-06-27 19:15:02"
IOP,0.00085999,"2017-06-27 19:20:01"
IOP,0.00086,"2017-06-27 19:25:01"
IOP,0.00086,"2017-06-27 19:30:01"
IOP,0.00086,"2017-06-27 19:35:02"
IOP,0.00086,"2017-06-27 19:40:02"
IOP,0.00082616,"2017-06-27 19:45:02"
IOP,0.00082622,"2017-06-27 19:50:01"
IOP,0.00082622,"2017-06-27 19:55:02"
IOP,0.00082622,"2017-06-27 20:00:02"
IOP,0.00082622,"2017-06-27 20:05:01"
IOP,0.00082622,"2017-06-27 20:10:02"
IOP,0.00082622,"2017-06-27 20:15:02"
IOP,0.00082622,"2017-06-27 20:20:03"
IOP,0.00087074,"2017-06-27 20:25:01"
IOP,0.00087074,"2017-06-27 20:30:03"
IOP,0.00086918,"2017-06-27 20:35:02"
IOP,0.00086811,"2017-06-27 20:40:02"
IOP,0.00082638,"2017-06-27 20:45:02"
IOP,0.00082596,"2017-06-27 20:50:01"
IOP,0.00078651,"2017-06-27 20:55:01"
IOP,0.00082614,"2017-06-27 21:00:01"
IOP,0.00082614,"2017-06-27 21:05:02"
IOP,0.00078785,"2017-06-27 21:10:01"
IOP,0.00078785,"2017-06-27 21:15:01"
IOP,0.00081994,"2017-06-27 21:20:02"
IOP,0.00081994,"2017-06-27 21:25:02"
IOP,0.00081994,"2017-06-27 21:30:02"
IOP,0.00081994,"2017-06-27 21:35:01"
IOP,0.00081994,"2017-06-27 21:40:01"
IOP,0.00082613,"2017-06-27 21:45:02"
IOP,0.00082613,"2017-06-27 21:50:02"
IOP,0.00082613,"2017-06-27 21:55:02"
IOP,0.00082613,"2017-06-27 22:00:03"
IOP,0.00082613,"2017-06-27 22:05:02"
IOP,0.00082614,"2017-06-27 22:10:02"
IOP,0.00082617,"2017-06-27 22:15:02"
IOP,0.00082652,"2017-06-27 22:20:03"
IOP,0.00082652,"2017-06-27 22:25:02"
IOP,0.00082652,"2017-06-27 22:30:02"
IOP,0.00082652,"2017-06-27 22:35:01"
IOP,0.0008265,"2017-06-27 22:40:01"
IOP,0.00083997,"2017-06-27 22:45:02"
IOP,0.00083997,"2017-06-27 22:50:01"
IOP,0.00083997,"2017-06-27 22:55:01"
IOP,0.00083997,"2017-06-27 23:00:02"
IOP,0.00083997,"2017-06-27 23:05:01"
IOP,0.000834,"2017-06-27 23:10:02"
IOP,0.00083399,"2017-06-27 23:15:01"
IOP,0.00085822,"2017-06-27 23:20:01"
IOP,0.00085822,"2017-06-27 23:25:01"
IOP,0.00085822,"2017-06-27 23:30:02"
IOP,0.0008582,"2017-06-27 23:35:02"
IOP,0.0008582,"2017-06-27 23:40:01"
IOP,0.00085821,"2017-06-27 23:45:01"
IOP,0.0008582,"2017-06-27 23:50:01"
IOP,0.00085821,"2017-06-27 23:55:01"
IOP,0.00085821,"2017-06-28 00:00:02"
IOP,0.0008582,"2017-06-28 00:05:01"
IOP,0.0008582,"2017-06-28 00:10:03"
IOP,0.00085819,"2017-06-28 00:15:02"
IOP,0.00084555,"2017-06-28 00:20:01"
IOP,0.00084555,"2017-06-28 00:25:01"
IOP,0.00085099,"2017-06-28 00:30:01"
IOP,0.00085099,"2017-06-28 00:35:02"
IOP,0.00082627,"2017-06-28 00:40:02"
IOP,0.00082627,"2017-06-28 00:45:01"
IOP,0.00082627,"2017-06-28 00:50:01"
IOP,0.00082595,"2017-06-28 00:55:01"
IOP,0.00082595,"2017-06-28 01:00:02"
IOP,0.0008257,"2017-06-28 01:05:02"
IOP,0.00082085,"2017-06-28 01:10:01"
IOP,0.00082085,"2017-06-28 01:15:02"
IOP,0.00082085,"2017-06-28 01:20:02"
IOP,0.00082085,"2017-06-28 01:25:01"
IOP,0.00082085,"2017-06-28 01:30:02"
IOP,0.00081845,"2017-06-28 01:35:01"
IOP,0.00081845,"2017-06-28 01:40:02"
IOP,0.00081845,"2017-06-28 01:45:01"
IOP,0.00081845,"2017-06-28 01:50:02"
IOP,0.0007755,"2017-06-28 01:55:01"
IOP,0.00081836,"2017-06-28 02:00:02"
IOP,0.00081836,"2017-06-28 02:05:02"
IOP,0.00081836,"2017-06-28 02:10:02"
IOP,0.00081836,"2017-06-28 02:15:02"
IOP,0.00081836,"2017-06-28 02:20:02"
IOP,0.00081701,"2017-06-28 02:25:01"
IOP,0.00081701,"2017-06-28 02:30:02"
IOP,0.00081834,"2017-06-28 02:35:02"
IOP,0.00081835,"2017-06-28 02:40:02"
IOP,0.00081835,"2017-06-28 02:45:02"
IOP,0.00081835,"2017-06-28 02:50:01"
IOP,0.00081835,"2017-06-28 02:55:09"
IOP,0.00081835,"2017-06-28 03:00:02"
IOP,0.00081835,"2017-06-28 03:05:01"
IOP,0.00081835,"2017-06-28 03:10:02"
IOP,0.00081835,"2017-06-28 03:15:02"
IOP,0.00081835,"2017-06-28 03:20:02"
IOP,0.00081835,"2017-06-28 03:25:02"
IOP,0.00081835,"2017-06-28 03:30:01"
IOP,0.00081835,"2017-06-28 03:35:02"
IOP,0.00081835,"2017-06-28 03:40:01"
IOP,0.0007788,"2017-06-28 03:45:02"
IOP,0.0007788,"2017-06-28 03:50:01"
IOP,0.00081835,"2017-06-28 03:55:01"
IOP,0.00081835,"2017-06-28 04:00:05"
IOP,0.00081835,"2017-06-28 04:05:02"
IOP,0.00078276,"2017-06-28 04:10:01"
IOP,0.00081836,"2017-06-28 04:15:02"
IOP,0.00081855,"2017-06-28 04:20:01"
IOP,0.00081855,"2017-06-28 04:25:02"
IOP,0.00081855,"2017-06-28 04:30:03"
IOP,0.0008001,"2017-06-28 04:35:01"
IOP,0.0008001,"2017-06-28 04:40:01"
IOP,0.00081855,"2017-06-28 04:45:01"
IOP,0.00081855,"2017-06-28 04:50:01"
IOP,0.00081855,"2017-06-28 04:55:02"
IOP,0.00078709,"2017-06-28 05:00:01"
IOP,0.00081837,"2017-06-28 05:05:01"
IOP,0.00081837,"2017-06-28 05:10:02"
IOP,0.00082626,"2017-06-28 05:15:02"
IOP,0.00082626,"2017-06-28 05:20:01"
IOP,0.00082626,"2017-06-28 05:25:02"
IOP,0.00082626,"2017-06-28 05:30:03"
IOP,0.00082626,"2017-06-28 05:35:01"
IOP,0.00079069,"2017-06-28 05:40:02"
IOP,0.00079069,"2017-06-28 05:45:02"
IOP,0.00079069,"2017-06-28 05:50:01"
IOP,0.00082731,"2017-06-28 05:55:02"
IOP,0.00082731,"2017-06-28 06:00:02"
IOP,0.00082731,"2017-06-28 06:05:02"
IOP,0.0007908,"2017-06-28 06:10:02"
IOP,0.0007908,"2017-06-28 06:15:02"
IOP,0.0007908,"2017-06-28 06:20:01"
IOP,0.0007908,"2017-06-28 06:25:02"
IOP,0.00080747,"2017-06-28 06:30:02"
IOP,0.00079069,"2017-06-28 06:35:01"
IOP,0.00079069,"2017-06-28 06:40:01"
IOP,0.000773,"2017-06-28 06:45:02"
IOP,0.000773,"2017-06-28 06:50:02"
IOP,0.000773,"2017-06-28 06:55:02"
IOP,0.000773,"2017-06-28 07:00:02"
IOP,0.00080992,"2017-06-28 07:05:02"
IOP,0.00079968,"2017-06-28 07:10:01"
IOP,0.00079968,"2017-06-28 07:15:02"
IOP,0.00079968,"2017-06-28 07:20:02"
IOP,0.00079968,"2017-06-28 07:25:01"
IOP,0.00079968,"2017-06-28 07:30:02"
IOP,0.00079968,"2017-06-28 07:35:01"
IOP,0.0008273,"2017-06-28 07:40:02"
IOP,0.0008273,"2017-06-28 07:45:02"
IOP,0.0008273,"2017-06-28 07:50:01"
IOP,0.0008273,"2017-06-28 07:55:02"
IOP,0.0008273,"2017-06-28 08:00:03"
IOP,0.00082896,"2017-06-28 08:05:01"
IOP,0.00080047,"2017-06-28 08:10:01"
IOP,0.00080047,"2017-06-28 08:15:02"
IOP,0.00080047,"2017-06-28 08:20:02"
IOP,0.00079293,"2017-06-28 08:25:02"
IOP,0.00079299,"2017-06-28 08:30:02"
IOP,0.00079367,"2017-06-28 08:35:01"
IOP,0.00079367,"2017-06-28 08:40:02"
IOP,0.00079056,"2017-06-28 08:45:01"
IOP,0.00079056,"2017-06-28 08:50:02"
IOP,0.00079056,"2017-06-28 08:55:02"
IOP,0.00079056,"2017-06-28 09:00:02"
IOP,0.00079056,"2017-06-28 09:05:01"
IOP,0.00079056,"2017-06-28 09:10:02"
IOP,0.00079056,"2017-06-28 09:15:01"
IOP,0.0008183,"2017-06-28 09:20:02"
IOP,0.00081258,"2017-06-28 09:25:02"
IOP,0.00081258,"2017-06-28 09:30:02"
IOP,0.00081258,"2017-06-28 09:35:02"
IOP,0.00081258,"2017-06-28 09:40:01"
IOP,0.00081258,"2017-06-28 09:45:02"
IOP,0.00081258,"2017-06-28 09:50:02"
IOP,0.00081014,"2017-06-28 09:55:02"
IOP,0.00081258,"2017-06-28 10:00:02"
IOP,0.00080028,"2017-06-28 10:05:02"
IOP,0.00080032,"2017-06-28 10:10:02"
IOP,0.0008,"2017-06-28 10:15:01"
IOP,0.00079999,"2017-06-28 10:20:02"
IOP,0.0008,"2017-06-28 10:25:02"
IOP,0.0008,"2017-06-28 10:30:03"
IOP,0.0008,"2017-06-28 10:35:02"
IOP,0.0008,"2017-06-28 10:40:02"
IOP,0.0008,"2017-06-28 10:45:01"
IOP,0.0008,"2017-06-28 10:50:02"
IOP,0.0008,"2017-06-28 10:55:02"
IOP,0.0008,"2017-06-28 11:00:03"
IOP,0.0008,"2017-06-28 11:05:02"
IOP,0.0008,"2017-06-28 11:10:01"
IOP,0.0008,"2017-06-28 11:15:02"
IOP,0.00081256,"2017-06-28 11:20:01"
IOP,0.00081256,"2017-06-28 11:25:01"
IOP,0.00081,"2017-06-28 11:30:01"
IOP,0.00081,"2017-06-28 11:35:01"
IOP,0.00081,"2017-06-28 11:40:02"
IOP,0.00081,"2017-06-28 11:45:02"
IOP,0.00081,"2017-06-28 11:50:02"
IOP,0.00081,"2017-06-28 11:55:02"
IOP,0.00081,"2017-06-28 12:00:02"
IOP,0.00081,"2017-06-28 12:05:01"
IOP,0.00081,"2017-06-28 12:10:02"
IOP,0.00081,"2017-06-28 12:15:01"
IOP,0.00081,"2017-06-28 12:20:02"
IOP,0.00081,"2017-06-28 12:25:02"
IOP,0.00081,"2017-06-28 12:30:02"
IOP,0.00081254,"2017-06-28 12:35:02"
IOP,0.00081254,"2017-06-28 12:40:02"
IOP,0.0008,"2017-06-28 12:45:02"
IOP,0.0008,"2017-06-28 12:50:02"
IOP,0.0008,"2017-06-28 12:55:01"
IOP,0.0008,"2017-06-28 13:00:02"
IOP,0.0008,"2017-06-28 13:05:02"
IOP,0.000795,"2017-06-28 13:10:02"
IOP,0.000795,"2017-06-28 13:15:02"
IOP,0.00080927,"2017-06-28 13:20:02"
IOP,0.000795,"2017-06-28 13:25:01"
IOP,0.000795,"2017-06-28 13:30:02"
IOP,0.000795,"2017-06-28 13:35:02"
IOP,0.00079407,"2017-06-28 13:40:02"
IOP,0.00079104,"2017-06-28 13:45:02"
IOP,0.00080989,"2017-06-28 13:50:02"
IOP,0.00080989,"2017-06-28 13:55:02"
IOP,0.00080989,"2017-06-28 14:00:02"
IOP,0.00080823,"2017-06-28 14:05:02"
IOP,0.00080823,"2017-06-28 14:10:01"
IOP,0.0008,"2017-06-28 14:15:01"
IOP,0.00079104,"2017-06-28 14:20:01"
IOP,0.00079104,"2017-06-28 14:25:02"
IOP,0.00079104,"2017-06-28 14:30:01"
IOP,0.000791,"2017-06-28 14:35:02"
IOP,0.00079101,"2017-06-28 14:40:02"
IOP,0.0007996,"2017-06-28 14:45:03"
IOP,0.0007996,"2017-06-28 14:50:02"
IOP,0.0007996,"2017-06-28 14:55:02"
IOP,0.0007996,"2017-06-28 15:00:02"
IOP,0.0007996,"2017-06-28 15:05:02"
IOP,0.0007996,"2017-06-28 15:10:02"
IOP,0.0007996,"2017-06-28 15:15:02"
IOP,0.0007996,"2017-06-28 15:20:02"
IOP,0.00081257,"2017-06-28 15:25:02"
IOP,0.00081257,"2017-06-28 15:30:02"
IOP,0.00081257,"2017-06-28 15:35:02"
IOP,0.00081257,"2017-06-28 15:40:02"
IOP,0.00081257,"2017-06-28 15:45:03"
IOP,0.0008,"2017-06-28 15:50:01"
IOP,0.0008,"2017-06-28 15:55:02"
IOP,0.0008,"2017-06-28 16:00:03"
IOP,0.0008,"2017-06-28 16:05:02"
IOP,0.00079725,"2017-06-28 16:10:02"
IOP,0.00079718,"2017-06-28 16:15:01"
IOP,0.00079718,"2017-06-28 16:20:02"
IOP,0.00079718,"2017-06-28 16:25:02"
IOP,0.00079435,"2017-06-28 16:30:02"
IOP,0.00075356,"2017-06-28 16:35:01"
IOP,0.00075319,"2017-06-28 16:40:02"
IOP,0.00075185,"2017-06-28 16:45:02"
IOP,0.00075079,"2017-06-28 16:50:02"
IOP,0.00075353,"2017-06-28 16:55:02"
IOP,0.00077348,"2017-06-28 17:00:01"
IOP,0.00081459,"2017-06-28 17:05:01"
IOP,0.00081459,"2017-06-28 17:10:02"
IOP,0.00080042,"2017-06-28 17:15:02"
IOP,0.00080042,"2017-06-28 17:20:01"
IOP,0.00080005,"2017-06-28 17:25:01"
IOP,0.00080005,"2017-06-28 17:30:03"
IOP,0.0008133,"2017-06-28 17:35:02"
IOP,0.00080998,"2017-06-28 17:40:02"
IOP,0.0008,"2017-06-28 17:45:02"
IOP,0.0008,"2017-06-28 17:50:02"
IOP,0.00078997,"2017-06-28 17:55:02"
IOP,0.00072515,"2017-06-28 18:00:02"
IOP,0.00072515,"2017-06-28 18:05:02"
IOP,0.00072515,"2017-06-28 18:10:02"
IOP,0.00072,"2017-06-28 18:15:02"
IOP,0.00072008,"2017-06-28 18:20:01"
IOP,0.00075037,"2017-06-28 18:25:03"
IOP,0.00075025,"2017-06-28 18:30:01"
IOP,0.00075025,"2017-06-28 18:35:01"
IOP,0.00074973,"2017-06-28 18:40:01"
IOP,0.0007499,"2017-06-28 18:45:03"
IOP,0.0007499,"2017-06-28 18:50:01"
IOP,0.00075036,"2017-06-28 18:55:02"
IOP,0.00075036,"2017-06-28 19:00:02"
IOP,0.00075036,"2017-06-28 19:05:01"
IOP,0.0007505,"2017-06-28 19:10:02"
IOP,0.00075673,"2017-06-28 19:15:01"
IOP,0.00075633,"2017-06-28 19:20:02"
IOP,0.00075612,"2017-06-28 19:25:01"
IOP,0.000751,"2017-06-28 19:30:01"
IOP,0.0007515,"2017-06-28 19:35:01"
IOP,0.0007515,"2017-06-28 19:40:01"
IOP,0.0007515,"2017-06-28 19:45:01"
IOP,0.0007515,"2017-06-28 19:50:02"
IOP,0.0007515,"2017-06-28 19:55:01"
IOP,0.0007515,"2017-06-28 20:00:03"
IOP,0.00076869,"2017-06-28 20:05:02"
IOP,0.00076869,"2017-06-28 20:10:08"
IOP,0.00076869,"2017-06-28 20:15:03"
IOP,0.00076869,"2017-06-28 20:20:03"
IOP,0.00076869,"2017-06-28 20:25:04"
IOP,0.00076869,"2017-06-28 20:30:05"
IOP,0.00076869,"2017-06-28 20:35:02"
IOP,0.000757,"2017-06-28 20:40:02"
IOP,0.000757,"2017-06-28 20:45:02"
IOP,0.00075201,"2017-06-28 20:50:01"
IOP,0.00075201,"2017-06-28 20:55:01"
IOP,0.000757,"2017-06-28 21:00:03"
IOP,0.000757,"2017-06-28 21:05:01"
IOP,0.00076869,"2017-06-28 21:10:02"
IOP,0.00077277,"2017-06-28 21:15:01"
IOP,0.00077277,"2017-06-28 21:20:02"
IOP,0.00077277,"2017-06-28 21:25:01"
IOP,0.00077277,"2017-06-28 21:30:02"
IOP,0.00077277,"2017-06-28 21:35:01"
IOP,0.00077277,"2017-06-28 21:40:02"
IOP,0.00077277,"2017-06-28 21:45:01"
IOP,0.00077277,"2017-06-28 21:50:01"
IOP,0.00077277,"2017-06-28 21:55:02"
IOP,0.00077277,"2017-06-28 22:00:02"
IOP,0.00077277,"2017-06-28 22:05:02"
IOP,0.00077277,"2017-06-28 22:10:02"
IOP,0.00077277,"2017-06-28 22:15:01"
IOP,0.00079998,"2017-06-28 22:20:02"
IOP,0.00079998,"2017-06-28 22:25:03"
IOP,0.00079998,"2017-06-28 22:30:02"
IOP,0.0008,"2017-06-28 22:35:02"
IOP,0.0008,"2017-06-28 22:40:02"
IOP,0.0008,"2017-06-28 22:45:02"
IOP,0.0008,"2017-06-28 22:50:02"
IOP,0.0008,"2017-06-28 22:55:01"
IOP,0.00077366,"2017-06-28 23:00:01"
IOP,0.00077366,"2017-06-28 23:05:01"
IOP,0.00077366,"2017-06-28 23:10:01"
IOP,0.00079999,"2017-06-28 23:15:02"
IOP,0.00079999,"2017-06-28 23:20:02"
IOP,0.00080119,"2017-06-28 23:25:02"
IOP,0.00077286,"2017-06-28 23:30:02"
IOP,0.00077286,"2017-06-28 23:35:01"
IOP,0.00077286,"2017-06-28 23:40:02"
IOP,0.00077286,"2017-06-28 23:45:01"
IOP,0.00077286,"2017-06-28 23:50:02"
IOP,0.00077286,"2017-06-28 23:55:01"
IOP,0.00079995,"2017-06-29 00:00:03"
IOP,0.00076877,"2017-06-29 00:05:01"
IOP,0.00076877,"2017-06-29 00:10:01"
IOP,0.00076877,"2017-06-29 00:15:01"
IOP,0.00076877,"2017-06-29 00:20:02"
IOP,0.00076,"2017-06-29 00:25:02"
IOP,0.00076,"2017-06-29 00:30:02"
IOP,0.00076,"2017-06-29 00:35:04"
IOP,0.00076,"2017-06-29 00:40:01"
IOP,0.000797,"2017-06-29 00:45:01"
IOP,0.000797,"2017-06-29 00:50:01"
IOP,0.000797,"2017-06-29 00:55:01"
IOP,0.000797,"2017-06-29 01:00:01"
IOP,0.000797,"2017-06-29 01:05:01"
IOP,0.000797,"2017-06-29 01:10:02"
IOP,0.000797,"2017-06-29 01:15:01"
IOP,0.000797,"2017-06-29 01:20:01"
IOP,0.0007701,"2017-06-29 01:25:01"
IOP,0.0007701,"2017-06-29 01:30:02"
IOP,0.0007701,"2017-06-29 01:35:01"
IOP,0.0007701,"2017-06-29 01:40:01"
IOP,0.0007701,"2017-06-29 01:45:01"
IOP,0.000751,"2017-06-29 01:50:01"
IOP,0.000751,"2017-06-29 01:55:01"
IOP,0.00078839,"2017-06-29 02:00:02"
IOP,0.00078839,"2017-06-29 02:05:01"
IOP,0.00078839,"2017-06-29 02:10:01"
IOP,0.00078839,"2017-06-29 02:15:01"
IOP,0.00078839,"2017-06-29 02:20:02"
IOP,0.00078839,"2017-06-29 02:25:02"
IOP,0.00078839,"2017-06-29 02:30:02"
IOP,0.00078839,"2017-06-29 02:35:02"
IOP,0.00078568,"2017-06-29 02:40:01"
IOP,0.00078568,"2017-06-29 02:45:02"
IOP,0.00078568,"2017-06-29 02:50:01"
IOP,0.00078568,"2017-06-29 02:55:01"
IOP,0.00078568,"2017-06-29 03:00:02"
IOP,0.00078568,"2017-06-29 03:05:02"
IOP,0.00078568,"2017-06-29 03:10:02"
IOP,0.00078568,"2017-06-29 03:15:01"
IOP,0.00078568,"2017-06-29 03:20:02"
IOP,0.00078568,"2017-06-29 03:25:01"
IOP,0.00078568,"2017-06-29 03:30:02"
IOP,0.00078568,"2017-06-29 03:35:01"
IOP,0.00078568,"2017-06-29 03:40:02"
IOP,0.00078568,"2017-06-29 03:45:02"
IOP,0.00078568,"2017-06-29 03:50:01"
IOP,0.00078568,"2017-06-29 03:55:02"
IOP,0.00075492,"2017-06-29 04:00:05"
IOP,0.00075104,"2017-06-29 04:05:01"
IOP,0.00075104,"2017-06-29 04:10:01"
IOP,0.00075104,"2017-06-29 04:15:02"
IOP,0.00077476,"2017-06-29 04:20:02"
IOP,0.00077476,"2017-06-29 04:25:01"
IOP,0.00077476,"2017-06-29 04:30:02"
IOP,0.00077476,"2017-06-29 04:35:01"
IOP,0.00077402,"2017-06-29 04:40:01"
IOP,0.00077391,"2017-06-29 04:45:01"
IOP,0.00077391,"2017-06-29 04:50:02"
IOP,0.00077391,"2017-06-29 04:55:02"
IOP,0.00077391,"2017-06-29 05:00:02"
IOP,0.00077391,"2017-06-29 05:05:01"
IOP,0.00077391,"2017-06-29 05:10:02"
IOP,0.00077391,"2017-06-29 05:15:02"
IOP,0.00077391,"2017-06-29 05:20:01"
IOP,0.00075102,"2017-06-29 05:25:02"
IOP,0.00076691,"2017-06-29 05:30:01"
IOP,0.00075106,"2017-06-29 05:35:01"
IOP,0.00075109,"2017-06-29 05:40:02"
IOP,0.00075109,"2017-06-29 05:45:02"
IOP,0.00075109,"2017-06-29 05:50:02"
IOP,0.00075111,"2017-06-29 05:55:01"
IOP,0.000751,"2017-06-29 06:00:02"
IOP,0.000751,"2017-06-29 06:05:02"
IOP,0.000751,"2017-06-29 06:10:02"
IOP,0.000751,"2017-06-29 06:15:02"
IOP,0.000751,"2017-06-29 06:20:01"
IOP,0.00077704,"2017-06-29 06:25:02"
IOP,0.00077704,"2017-06-29 06:30:03"
IOP,0.00077704,"2017-06-29 06:35:01"
IOP,0.000751,"2017-06-29 06:40:02"
IOP,0.000751,"2017-06-29 06:45:02"
IOP,0.000751,"2017-06-29 06:50:01"
IOP,0.000751,"2017-06-29 06:55:01"
IOP,0.000751,"2017-06-29 07:00:02"
IOP,0.00075036,"2017-06-29 07:05:01"
IOP,0.00075036,"2017-06-29 07:10:01"
IOP,0.00075036,"2017-06-29 07:15:01"
IOP,0.00075036,"2017-06-29 07:20:01"
IOP,0.00075036,"2017-06-29 07:25:01"
IOP,0.00075,"2017-06-29 07:30:01"
IOP,0.00075,"2017-06-29 07:35:01"
IOP,0.00075,"2017-06-29 07:40:02"
IOP,0.00076772,"2017-06-29 07:45:01"
IOP,0.00076772,"2017-06-29 07:50:03"
IOP,0.00076772,"2017-06-29 07:55:02"
IOP,0.00076772,"2017-06-29 08:00:02"
IOP,0.00076518,"2017-06-29 08:05:02"
IOP,0.00076518,"2017-06-29 08:10:01"
IOP,0.00076518,"2017-06-29 08:15:02"
IOP,0.00076518,"2017-06-29 08:20:01"
IOP,0.00076518,"2017-06-29 08:25:01"
IOP,0.00076518,"2017-06-29 08:30:02"
IOP,0.00076518,"2017-06-29 08:35:01"
IOP,0.00076518,"2017-06-29 08:40:02"
IOP,0.00076518,"2017-06-29 08:45:02"
IOP,0.00076518,"2017-06-29 08:50:01"
IOP,0.00076518,"2017-06-29 08:55:01"
IOP,0.00076518,"2017-06-29 09:00:02"
IOP,0.00076518,"2017-06-29 09:05:02"
IOP,0.00076518,"2017-06-29 09:10:02"
IOP,0.00076518,"2017-06-29 09:15:02"
IOP,0.00075821,"2017-06-29 09:20:01"
IOP,0.00075801,"2017-06-29 09:25:02"
IOP,0.00075801,"2017-06-29 09:30:02"
IOP,0.0007576,"2017-06-29 09:35:02"
IOP,0.0007576,"2017-06-29 09:40:02"
IOP,0.0007576,"2017-06-29 09:45:01"
IOP,0.0007576,"2017-06-29 09:50:01"
IOP,0.00075761,"2017-06-29 09:55:02"
IOP,0.00075761,"2017-06-29 10:00:02"
IOP,0.00075761,"2017-06-29 10:05:02"
IOP,0.00075761,"2017-06-29 10:10:01"
IOP,0.00075761,"2017-06-29 10:15:01"
IOP,0.00075761,"2017-06-29 10:20:02"
IOP,0.00075761,"2017-06-29 10:25:01"
IOP,0.00075761,"2017-06-29 10:30:03"
IOP,0.00075761,"2017-06-29 10:35:01"
IOP,0.00075761,"2017-06-29 10:40:01"
IOP,0.00075761,"2017-06-29 10:45:05"
IOP,0.00075761,"2017-06-29 10:50:02"
IOP,0.00079479,"2017-06-29 10:55:02"
IOP,0.00079479,"2017-06-29 11:00:03"
IOP,0.00079479,"2017-06-29 11:05:02"
IOP,0.0007578,"2017-06-29 11:10:01"
IOP,0.00075781,"2017-06-29 11:15:02"
IOP,0.00075783,"2017-06-29 11:20:02"
IOP,0.00075783,"2017-06-29 11:25:01"
IOP,0.00075783,"2017-06-29 11:30:02"
IOP,0.00075783,"2017-06-29 11:35:02"
IOP,0.00075783,"2017-06-29 11:40:01"
IOP,0.00075783,"2017-06-29 11:45:01"
IOP,0.00075783,"2017-06-29 11:50:02"
IOP,0.00075783,"2017-06-29 11:55:02"
IOP,0.00075783,"2017-06-29 12:00:02"
IOP,0.00075783,"2017-06-29 12:05:01"
IOP,0.0007585,"2017-06-29 12:10:01"
IOP,0.0007585,"2017-06-29 12:15:02"
IOP,0.0007585,"2017-06-29 12:20:02"
IOP,0.0007585,"2017-06-29 12:25:02"
IOP,0.0007585,"2017-06-29 12:30:02"
IOP,0.0007585,"2017-06-29 12:35:02"
IOP,0.0007585,"2017-06-29 12:40:02"
IOP,0.0007585,"2017-06-29 12:45:02"
IOP,0.00078911,"2017-06-29 12:50:01"
IOP,0.00078911,"2017-06-29 12:55:01"
IOP,0.00078911,"2017-06-29 13:00:02"
IOP,0.00078751,"2017-06-29 13:05:02"
IOP,0.00078719,"2017-06-29 13:10:01"
IOP,0.00078719,"2017-06-29 13:15:01"
IOP,0.00078719,"2017-06-29 13:20:01"
IOP,0.00078719,"2017-06-29 13:25:02"
IOP,0.00078719,"2017-06-29 13:30:02"
IOP,0.00078719,"2017-06-29 13:35:01"
IOP,0.00078719,"2017-06-29 13:40:02"
IOP,0.00078719,"2017-06-29 13:45:02"
IOP,0.00078719,"2017-06-29 13:50:01"
IOP,0.00079278,"2017-06-29 13:55:02"
IOP,0.00079278,"2017-06-29 14:00:02"
IOP,0.00079278,"2017-06-29 14:05:02"
IOP,0.00079277,"2017-06-29 14:10:02"
IOP,0.00079277,"2017-06-29 14:15:02"
IOP,0.00079277,"2017-06-29 14:20:02"
IOP,0.00076011,"2017-06-29 14:25:02"
IOP,0.00076011,"2017-06-29 14:30:02"
IOP,0.00076011,"2017-06-29 14:35:02"
IOP,0.00076011,"2017-06-29 14:40:01"
IOP,0.00079,"2017-06-29 14:45:02"
IOP,0.00079,"2017-06-29 14:50:01"
IOP,0.00079,"2017-06-29 14:55:01"
IOP,0.00079,"2017-06-29 15:00:02"
IOP,0.00077353,"2017-06-29 15:05:01"
IOP,0.00077353,"2017-06-29 15:10:01"
IOP,0.00077353,"2017-06-29 15:15:01"
IOP,0.00077353,"2017-06-29 15:20:02"
IOP,0.00077353,"2017-06-29 15:25:01"
IOP,0.00077353,"2017-06-29 15:30:02"
IOP,0.00075851,"2017-06-29 15:35:02"
IOP,0.00075855,"2017-06-29 15:40:02"
IOP,0.00075855,"2017-06-29 15:45:02"
IOP,0.00075855,"2017-06-29 15:50:01"
IOP,0.00075855,"2017-06-29 15:55:02"
IOP,0.00075855,"2017-06-29 16:00:02"
IOP,0.00075855,"2017-06-29 16:05:01"
IOP,0.00075855,"2017-06-29 16:10:01"
IOP,0.00075855,"2017-06-29 16:15:01"
IOP,0.00075855,"2017-06-29 16:20:01"
IOP,0.00075855,"2017-06-29 16:25:01"
IOP,0.00075855,"2017-06-29 16:30:02"
IOP,0.00075855,"2017-06-29 16:35:02"
IOP,0.00075855,"2017-06-29 16:40:01"
IOP,0.00075855,"2017-06-29 16:45:02"
IOP,0.00075855,"2017-06-29 16:50:01"
IOP,0.00075855,"2017-06-29 16:55:01"
IOP,0.00075855,"2017-06-29 17:00:02"
IOP,0.00077353,"2017-06-29 17:05:01"
IOP,0.00075862,"2017-06-29 17:10:02"
IOP,0.00075862,"2017-06-29 17:15:01"
IOP,0.00075862,"2017-06-29 17:20:02"
IOP,0.00075862,"2017-06-29 17:25:02"
IOP,0.00078969,"2017-06-29 17:30:01"
IOP,0.00075874,"2017-06-29 17:35:01"
IOP,0.00078862,"2017-06-29 17:40:02"
IOP,0.00078855,"2017-06-29 17:45:02"
IOP,0.00075914,"2017-06-29 17:50:01"
IOP,0.00075914,"2017-06-29 17:55:01"
IOP,0.00078841,"2017-06-29 18:00:02"
IOP,0.00078837,"2017-06-29 18:05:02"
IOP,0.00078834,"2017-06-29 18:10:01"
IOP,0.00078843,"2017-06-29 18:15:02"
IOP,0.00078845,"2017-06-29 18:20:31"
IOP,0.00079279,"2017-06-29 18:25:02"
IOP,0.00079279,"2017-06-29 18:30:01"
IOP,0.00079279,"2017-06-29 18:35:01"
IOP,0.00079279,"2017-06-29 18:40:02"
IOP,0.00079279,"2017-06-29 18:45:02"
IOP,0.00079279,"2017-06-29 18:50:01"
IOP,0.00079279,"2017-06-29 18:55:01"
IOP,0.00080008,"2017-06-29 19:00:03"
IOP,0.00082881,"2017-06-29 19:05:02"
IOP,0.00081878,"2017-06-29 19:10:02"
IOP,0.00081878,"2017-06-29 19:15:01"
IOP,0.00081878,"2017-06-29 19:20:01"
IOP,0.0008,"2017-06-29 19:25:01"
IOP,0.0008,"2017-06-29 19:30:02"
IOP,0.00079985,"2017-06-29 19:35:02"
IOP,0.00079979,"2017-06-29 19:40:01"
IOP,0.00077025,"2017-06-29 19:45:01"
IOP,0.00077042,"2017-06-29 19:50:02"
IOP,0.0007705,"2017-06-29 19:55:02"
IOP,0.00079996,"2017-06-29 20:00:02"
IOP,0.00074386,"2017-06-29 20:05:02"
IOP,0.00079992,"2017-06-29 20:10:02"
IOP,0.00079992,"2017-06-29 20:15:01"
IOP,0.00079992,"2017-06-29 20:20:02"
IOP,0.00079992,"2017-06-29 20:25:01"
IOP,0.00079992,"2017-06-29 20:30:01"
IOP,0.00079992,"2017-06-29 20:35:01"
IOP,0.00079992,"2017-06-29 20:40:01"
IOP,0.00079992,"2017-06-29 20:45:02"
IOP,0.00079992,"2017-06-29 20:50:02"
IOP,0.00079992,"2017-06-29 20:55:02"
IOP,0.00079992,"2017-06-29 21:00:02"
IOP,0.00079992,"2017-06-29 21:05:01"
IOP,0.00079992,"2017-06-29 21:10:01"
IOP,0.00079992,"2017-06-29 21:15:01"
IOP,0.00079992,"2017-06-29 21:20:01"
IOP,0.00079992,"2017-06-29 21:25:02"
IOP,0.00079992,"2017-06-29 21:30:02"
IOP,0.00079992,"2017-06-29 21:35:02"
IOP,0.00079992,"2017-06-29 21:40:01"
IOP,0.00079981,"2017-06-29 21:45:02"
IOP,0.00079981,"2017-06-29 21:50:02"
IOP,0.00079981,"2017-06-29 21:55:02"
IOP,0.00079985,"2017-06-29 22:00:02"
IOP,0.00079985,"2017-06-29 22:05:02"
IOP,0.00075078,"2017-06-29 22:10:01"
IOP,0.00075079,"2017-06-29 22:15:02"
IOP,0.00075079,"2017-06-29 22:20:02"
IOP,0.00075079,"2017-06-29 22:25:02"
IOP,0.00075079,"2017-06-29 22:30:02"
IOP,0.00075079,"2017-06-29 22:35:01"
IOP,0.00075079,"2017-06-29 22:40:01"
IOP,0.00075079,"2017-06-29 22:45:01"
IOP,0.00077146,"2017-06-29 22:50:02"
IOP,0.00077146,"2017-06-29 22:55:01"
IOP,0.00077146,"2017-06-29 23:00:01"
IOP,0.00077146,"2017-06-29 23:05:01"
IOP,0.00077146,"2017-06-29 23:10:02"
IOP,0.00077146,"2017-06-29 23:15:02"
IOP,0.00077146,"2017-06-29 23:20:01"
IOP,0.00077146,"2017-06-29 23:25:01"
IOP,0.00077146,"2017-06-29 23:30:02"
IOP,0.00074373,"2017-06-29 23:35:01"
IOP,0.00074373,"2017-06-29 23:40:02"
IOP,0.00074373,"2017-06-29 23:45:02"
IOP,0.00074373,"2017-06-29 23:50:02"
IOP,0.00074373,"2017-06-29 23:55:02"
IOP,0.00074373,"2017-06-30 00:00:02"
IOP,0.00074373,"2017-06-30 00:05:02"
IOP,0.00074373,"2017-06-30 00:10:02"
IOP,0.00074373,"2017-06-30 00:15:01"
IOP,0.00074373,"2017-06-30 00:20:02"
IOP,0.00074373,"2017-06-30 00:25:01"
IOP,0.00074373,"2017-06-30 00:30:01"
IOP,0.00074373,"2017-06-30 00:35:01"
IOP,0.00074373,"2017-06-30 00:40:01"
IOP,0.00074373,"2017-06-30 00:45:02"
IOP,0.00074373,"2017-06-30 00:50:02"
IOP,0.00074373,"2017-06-30 00:55:01"
IOP,0.00074373,"2017-06-30 01:00:01"
IOP,0.00074373,"2017-06-30 01:05:01"
IOP,0.00074373,"2017-06-30 01:10:02"
IOP,0.00074373,"2017-06-30 01:15:01"
IOP,0.00074373,"2017-06-30 01:20:02"
IOP,0.00074373,"2017-06-30 01:25:02"
IOP,0.00074373,"2017-06-30 01:30:02"
IOP,0.00074373,"2017-06-30 01:35:02"
IOP,0.00074373,"2017-06-30 01:40:01"
IOP,0.00074373,"2017-06-30 01:45:02"
IOP,0.00074373,"2017-06-30 01:50:02"
IOP,0.00074373,"2017-06-30 01:55:01"
IOP,0.00078745,"2017-06-30 02:00:02"
IOP,0.00078745,"2017-06-30 02:05:02"
IOP,0.00078745,"2017-06-30 02:10:02"
IOP,0.00078745,"2017-06-30 02:15:01"
IOP,0.00078745,"2017-06-30 02:20:02"
IOP,0.00078745,"2017-06-30 02:25:01"
IOP,0.00078745,"2017-06-30 02:30:02"
IOP,0.00078745,"2017-06-30 02:35:01"
IOP,0.00078746,"2017-06-30 02:40:02"
IOP,0.00078746,"2017-06-30 02:45:02"
IOP,0.00078746,"2017-06-30 02:50:02"
IOP,0.00078746,"2017-06-30 02:55:02"
IOP,0.00078746,"2017-06-30 03:00:02"
IOP,0.00078746,"2017-06-30 03:05:01"
IOP,0.00078746,"2017-06-30 03:10:02"
IOP,0.00078746,"2017-06-30 03:15:02"
IOP,0.00078746,"2017-06-30 03:20:01"
IOP,0.00076701,"2017-06-30 03:25:01"
IOP,0.00076701,"2017-06-30 03:30:02"
IOP,0.00076701,"2017-06-30 03:35:02"
IOP,0.00076701,"2017-06-30 03:40:01"
IOP,0.00076701,"2017-06-30 03:45:02"
IOP,0.00076701,"2017-06-30 03:50:02"
IOP,0.00076701,"2017-06-30 03:55:02"
IOP,0.00076701,"2017-06-30 04:00:02"
IOP,0.00076701,"2017-06-30 04:05:01"
IOP,0.00078745,"2017-06-30 04:10:02"
IOP,0.00078745,"2017-06-30 04:15:01"
IOP,0.00078745,"2017-06-30 04:20:01"
IOP,0.00078745,"2017-06-30 04:25:02"
IOP,0.00078745,"2017-06-30 04:30:02"
IOP,0.00078745,"2017-06-30 04:35:01"
IOP,0.00075027,"2017-06-30 04:40:01"
IOP,0.00075027,"2017-06-30 04:45:01"
IOP,0.00075027,"2017-06-30 04:50:01"
IOP,0.00075027,"2017-06-30 04:55:02"
IOP,0.00075027,"2017-06-30 05:00:02"
IOP,0.00075027,"2017-06-30 05:05:02"
IOP,0.00074999,"2017-06-30 05:10:01"
IOP,0.00075,"2017-06-30 05:15:02"
IOP,0.00075,"2017-06-30 05:20:01"
IOP,0.00075,"2017-06-30 05:25:02"
IOP,0.00075,"2017-06-30 05:30:01"
IOP,0.00075,"2017-06-30 05:35:01"
IOP,0.00075,"2017-06-30 05:40:01"
IOP,0.0007501,"2017-06-30 05:45:02"
IOP,0.0007501,"2017-06-30 05:50:01"
IOP,0.0007501,"2017-06-30 05:55:01"
IOP,0.00075009,"2017-06-30 06:00:02"
IOP,0.00075009,"2017-06-30 06:05:02"
IOP,0.00075009,"2017-06-30 06:10:02"
IOP,0.00075009,"2017-06-30 06:15:02"
IOP,0.00075009,"2017-06-30 06:20:01"
IOP,0.00075009,"2017-06-30 06:25:02"
IOP,0.00075009,"2017-06-30 06:30:02"
IOP,0.00075009,"2017-06-30 06:35:02"
IOP,0.00075009,"2017-06-30 06:40:01"
IOP,0.00075009,"2017-06-30 06:45:01"
IOP,0.00075009,"2017-06-30 06:50:01"
IOP,0.00075009,"2017-06-30 06:55:02"
IOP,0.00075009,"2017-06-30 07:00:02"
IOP,0.00075027,"2017-06-30 07:05:01"
IOP,0.00075027,"2017-06-30 07:10:01"
IOP,0.00075027,"2017-06-30 07:15:01"
IOP,0.00075027,"2017-06-30 07:20:02"
IOP,0.00075027,"2017-06-30 07:25:01"
IOP,0.00075027,"2017-06-30 07:30:02"
IOP,0.00075027,"2017-06-30 07:35:02"
IOP,0.000751,"2017-06-30 07:40:01"
IOP,0.000751,"2017-06-30 07:45:01"
IOP,0.000751,"2017-06-30 07:50:02"
IOP,0.000751,"2017-06-30 07:55:02"
IOP,0.000751,"2017-06-30 08:00:02"
IOP,0.000751,"2017-06-30 08:05:01"
IOP,0.000751,"2017-06-30 08:10:01"
IOP,0.000751,"2017-06-30 08:15:02"
IOP,0.000751,"2017-06-30 08:20:01"
IOP,0.000751,"2017-06-30 08:25:01"
IOP,0.000751,"2017-06-30 08:30:01"
IOP,0.000751,"2017-06-30 08:35:01"
IOP,0.000751,"2017-06-30 08:40:02"
IOP,0.000751,"2017-06-30 08:45:01"
IOP,0.000751,"2017-06-30 08:50:02"
IOP,0.000751,"2017-06-30 08:55:01"
IOP,0.000751,"2017-06-30 09:00:02"
IOP,0.000751,"2017-06-30 09:05:01"
IOP,0.00077756,"2017-06-30 09:10:01"
IOP,0.00077756,"2017-06-30 09:15:01"
IOP,0.00077756,"2017-06-30 09:20:02"
IOP,0.00077756,"2017-06-30 09:25:01"
IOP,0.00077756,"2017-06-30 09:30:02"
IOP,0.00077756,"2017-06-30 09:35:02"
IOP,0.00077662,"2017-06-30 09:40:02"
IOP,0.00075,"2017-06-30 09:45:01"
IOP,0.00075,"2017-06-30 09:50:04"
IOP,0.00075,"2017-06-30 09:55:02"
IOP,0.00075,"2017-06-30 10:00:01"
IOP,0.00073,"2017-06-30 10:05:01"
IOP,0.00071332,"2017-06-30 10:10:01"
IOP,0.00077942,"2017-06-30 10:15:02"
IOP,0.00077787,"2017-06-30 10:20:01"
IOP,0.00077781,"2017-06-30 10:25:02"
IOP,0.00077769,"2017-06-30 10:30:01"
IOP,0.00077764,"2017-06-30 10:35:01"
IOP,0.00077764,"2017-06-30 10:40:01"
IOP,0.00077764,"2017-06-30 10:45:01"
IOP,0.00077764,"2017-06-30 10:50:02"
IOP,0.00077764,"2017-06-30 10:55:02"
IOP,0.00077764,"2017-06-30 11:00:01"
IOP,0.00077764,"2017-06-30 11:05:01"
IOP,0.00077764,"2017-06-30 11:10:01"
IOP,0.00077764,"2017-06-30 11:15:02"
IOP,0.00077764,"2017-06-30 11:20:02"
IOP,0.00078645,"2017-06-30 11:25:02"
IOP,0.00078746,"2017-06-30 11:30:01"
IOP,0.0008,"2017-06-30 11:35:01"
IOP,0.0008,"2017-06-30 11:40:01"
IOP,0.0008,"2017-06-30 11:45:01"
IOP,0.0008,"2017-06-30 11:50:02"
IOP,0.00081,"2017-06-30 11:55:01"
IOP,0.00081,"2017-06-30 12:00:02"
IOP,0.00081,"2017-06-30 12:05:01"
IOP,0.00081,"2017-06-30 12:10:02"
IOP,0.00080991,"2017-06-30 12:15:01"
IOP,0.00080991,"2017-06-30 12:20:02"
IOP,0.00080991,"2017-06-30 12:25:02"
IOP,0.00080991,"2017-06-30 12:30:02"
IOP,0.00080991,"2017-06-30 12:35:02"
IOP,0.00080991,"2017-06-30 12:40:01"
IOP,0.00079874,"2017-06-30 12:45:02"
IOP,0.00079874,"2017-06-30 12:50:02"
IOP,0.00079874,"2017-06-30 12:55:02"
IOP,0.00079872,"2017-06-30 13:00:02"
IOP,0.00079872,"2017-06-30 13:05:01"
IOP,0.00079872,"2017-06-30 13:10:01"
IOP,0.00079872,"2017-06-30 13:15:01"
IOP,0.00079872,"2017-06-30 13:20:01"
IOP,0.00079872,"2017-06-30 13:25:02"
IOP,0.00079872,"2017-06-30 13:30:03"
IOP,0.00079872,"2017-06-30 13:35:01"
IOP,0.00078968,"2017-06-30 13:40:01"
IOP,0.00079433,"2017-06-30 13:45:02"
IOP,0.00079433,"2017-06-30 13:50:02"
IOP,0.00079433,"2017-06-30 13:55:01"
IOP,0.00076114,"2017-06-30 14:00:02"
IOP,0.00076114,"2017-06-30 14:05:04"
IOP,0.00076114,"2017-06-30 14:10:02"
IOP,0.00076114,"2017-06-30 14:15:02"
IOP,0.00076114,"2017-06-30 14:20:02"
IOP,0.00076114,"2017-06-30 14:25:01"
IOP,0.00076114,"2017-06-30 14:30:01"
IOP,0.00076114,"2017-06-30 14:35:02"
IOP,0.00076114,"2017-06-30 14:40:12"
IOP,0.00076197,"2017-06-30 14:45:02"
IOP,0.00076195,"2017-06-30 14:50:02"
IOP,0.00076195,"2017-06-30 14:55:02"
IOP,0.00076195,"2017-06-30 15:00:02"
IOP,0.00076169,"2017-06-30 15:05:01"
IOP,0.00076169,"2017-06-30 15:10:01"
IOP,0.00076151,"2017-06-30 15:15:02"
IOP,0.00076151,"2017-06-30 15:20:01"
IOP,0.00076151,"2017-06-30 15:25:01"
IOP,0.00076151,"2017-06-30 15:30:01"
IOP,0.00076151,"2017-06-30 15:35:02"
IOP,0.00076151,"2017-06-30 15:40:01"
IOP,0.00076151,"2017-06-30 15:45:02"
IOP,0.0007611,"2017-06-30 15:50:02"
IOP,0.00076106,"2017-06-30 15:55:02"
IOP,0.00076101,"2017-06-30 16:00:02"
IOP,0.00076101,"2017-06-30 16:05:02"
IOP,0.00076101,"2017-06-30 16:10:01"
IOP,0.00076089,"2017-06-30 16:15:02"
IOP,0.00076089,"2017-06-30 16:20:01"
IOP,0.00076089,"2017-06-30 16:25:02"
IOP,0.00076089,"2017-06-30 16:30:01"
IOP,0.00076089,"2017-06-30 16:35:01"
IOP,0.00076089,"2017-06-30 16:40:01"
IOP,0.00076072,"2017-06-30 16:45:02"
IOP,0.00076072,"2017-06-30 16:50:01"
IOP,0.00076,"2017-06-30 16:55:01"
IOP,0.00075995,"2017-06-30 17:00:02"
IOP,0.00075995,"2017-06-30 17:05:02"
IOP,0.00075987,"2017-06-30 17:10:01"
IOP,0.00075987,"2017-06-30 17:15:02"
IOP,0.00075987,"2017-06-30 17:20:02"
IOP,0.00075297,"2017-06-30 17:25:01"
IOP,0.00075297,"2017-06-30 17:30:02"
IOP,0.00075497,"2017-06-30 17:35:07"
IOP,0.00075497,"2017-06-30 17:40:02"
IOP,0.000753,"2017-06-30 17:45:02"
IOP,0.000731,"2017-06-30 17:50:01"
IOP,0.000752,"2017-06-30 17:55:02"
IOP,0.000731,"2017-06-30 18:00:02"
IOP,0.0007151,"2017-06-30 18:05:01"
IOP,0.0007151,"2017-06-30 18:10:02"
IOP,0.0007151,"2017-06-30 18:15:02"
IOP,0.00071334,"2017-06-30 18:20:01"
IOP,0.00071334,"2017-06-30 18:25:02"
IOP,0.00071334,"2017-06-30 18:30:02"
IOP,0.00071402,"2017-06-30 18:35:02"
IOP,0.00071402,"2017-06-30 18:40:02"
IOP,0.00073843,"2017-06-30 18:45:01"
IOP,0.00073843,"2017-06-30 18:50:01"
IOP,0.00069,"2017-06-30 18:55:02"
IOP,0.00073807,"2017-06-30 19:00:01"
IOP,0.0007243,"2017-06-30 19:05:02"
IOP,0.00069011,"2017-06-30 19:10:02"
IOP,0.00069011,"2017-06-30 19:15:02"
IOP,0.00069539,"2017-06-30 19:20:02"
IOP,0.00069527,"2017-06-30 19:25:01"
IOP,0.00069527,"2017-06-30 19:30:02"
IOP,0.00069527,"2017-06-30 19:35:02"
IOP,0.00071443,"2017-06-30 19:40:01"
IOP,0.00071421,"2017-06-30 19:45:01"
IOP,0.00071426,"2017-06-30 19:50:01"
IOP,0.00071426,"2017-06-30 19:55:02"
IOP,0.00071426,"2017-06-30 20:00:02"
IOP,0.000697,"2017-06-30 20:05:01"
IOP,0.000697,"2017-06-30 20:10:02"
IOP,0.000697,"2017-06-30 20:15:02"
IOP,0.000697,"2017-06-30 20:20:01"
IOP,0.00071609,"2017-06-30 20:25:01"
IOP,0.00073979,"2017-06-30 20:30:01"
IOP,0.0007161,"2017-06-30 20:35:02"
IOP,0.00073097,"2017-06-30 20:40:02"
IOP,0.0007305,"2017-06-30 20:45:02"
IOP,0.0007308,"2017-06-30 20:50:02"
IOP,0.0007308,"2017-06-30 20:55:02"
IOP,0.0007308,"2017-06-30 21:00:02"
IOP,0.0007308,"2017-06-30 21:05:02"
IOP,0.0007308,"2017-06-30 21:10:02"
IOP,0.00073933,"2017-06-30 21:15:02"
IOP,0.00073933,"2017-06-30 21:20:02"
IOP,0.00074022,"2017-06-30 21:25:02"
IOP,0.00074022,"2017-06-30 21:30:02"
IOP,0.00074022,"2017-06-30 21:35:01"
IOP,0.00074022,"2017-06-30 21:40:01"
IOP,0.00074022,"2017-06-30 21:45:02"
IOP,0.0007642,"2017-06-30 21:50:01"
IOP,0.0007642,"2017-06-30 21:55:02"
IOP,0.0007642,"2017-06-30 22:00:01"
IOP,0.0007642,"2017-06-30 22:05:02"
IOP,0.00076421,"2017-06-30 22:10:01"
IOP,0.00076421,"2017-06-30 22:15:02"
IOP,0.00076421,"2017-06-30 22:20:02"
IOP,0.00076421,"2017-06-30 22:25:01"
IOP,0.00076421,"2017-06-30 22:30:02"
IOP,0.00076421,"2017-06-30 22:35:02"
IOP,0.00071201,"2017-06-30 22:40:02"
IOP,0.00071201,"2017-06-30 22:45:02"
IOP,0.00071094,"2017-06-30 22:50:02"
IOP,0.0007489,"2017-06-30 22:55:02"
IOP,0.00074596,"2017-06-30 23:00:01"
IOP,0.00074597,"2017-06-30 23:05:01"
IOP,0.00070147,"2017-06-30 23:10:03"
IOP,0.00070167,"2017-06-30 23:15:02"
IOP,0.00070167,"2017-06-30 23:20:01"
IOP,0.00070167,"2017-06-30 23:25:02"
IOP,0.00070167,"2017-06-30 23:30:02"
IOP,0.00070167,"2017-06-30 23:35:01"
IOP,0.00070167,"2017-06-30 23:40:01"
IOP,0.0007,"2017-06-30 23:45:02"
IOP,0.000697,"2017-06-30 23:50:02"
IOP,0.00068911,"2017-06-30 23:55:02"
IOP,0.00068911,"2017-07-01 00:00:03"
IOP,0.00069,"2017-07-01 00:05:01"
IOP,0.00069,"2017-07-01 00:10:03"
IOP,0.00069686,"2017-07-01 00:15:01"
IOP,0.000697,"2017-07-01 00:20:01"
IOP,0.000697,"2017-07-01 00:25:02"
IOP,0.000697,"2017-07-01 00:30:03"
IOP,0.000697,"2017-07-01 00:35:01"
IOP,0.000697,"2017-07-01 00:40:02"
IOP,0.000697,"2017-07-01 00:45:01"
IOP,0.000697,"2017-07-01 00:50:01"
IOP,0.000697,"2017-07-01 00:55:02"
IOP,0.000697,"2017-07-01 01:00:02"
IOP,0.000697,"2017-07-01 01:05:02"
IOP,0.000697,"2017-07-01 01:10:02"
IOP,0.000697,"2017-07-01 01:15:02"
IOP,0.000697,"2017-07-01 01:20:02"
IOP,0.000697,"2017-07-01 01:25:01"
IOP,0.000697,"2017-07-01 01:30:01"
IOP,0.000697,"2017-07-01 01:35:01"
IOP,0.000697,"2017-07-01 01:40:01"
IOP,0.000697,"2017-07-01 01:45:02"
IOP,0.000697,"2017-07-01 01:50:02"
IOP,0.000697,"2017-07-01 01:55:02"
IOP,0.000697,"2017-07-01 02:00:02"
IOP,0.000697,"2017-07-01 02:05:02"
IOP,0.000697,"2017-07-01 02:10:01"
IOP,0.000697,"2017-07-01 02:15:01"
IOP,0.000697,"2017-07-01 02:20:01"
IOP,0.000697,"2017-07-01 02:25:01"
IOP,0.000697,"2017-07-01 02:30:02"
IOP,0.000697,"2017-07-01 02:35:01"
IOP,0.000697,"2017-07-01 02:40:01"
IOP,0.000697,"2017-07-01 02:45:02"
IOP,0.000697,"2017-07-01 02:50:01"
IOP,0.000697,"2017-07-01 02:55:02"
IOP,0.000697,"2017-07-01 03:00:02"
IOP,0.000697,"2017-07-01 03:05:01"
IOP,0.000697,"2017-07-01 03:10:01"
IOP,0.000697,"2017-07-01 03:15:01"
IOP,0.000697,"2017-07-01 03:20:01"
IOP,0.000697,"2017-07-01 03:25:02"
IOP,0.000697,"2017-07-01 03:30:01"
IOP,0.000697,"2017-07-01 03:35:02"
IOP,0.000697,"2017-07-01 03:40:02"
IOP,0.000697,"2017-07-01 03:45:02"
IOP,0.000697,"2017-07-01 03:50:02"
IOP,0.000697,"2017-07-01 03:55:01"
IOP,0.00072585,"2017-07-01 04:00:02"
IOP,0.00072585,"2017-07-01 04:05:02"
IOP,0.00072585,"2017-07-01 04:10:02"
IOP,0.00072585,"2017-07-01 04:15:02"
IOP,0.00072466,"2017-07-01 04:20:02"
IOP,0.00071258,"2017-07-01 04:25:02"
IOP,0.00071258,"2017-07-01 04:30:02"
IOP,0.00071258,"2017-07-01 04:35:01"
IOP,0.00071258,"2017-07-01 04:40:01"
IOP,0.00071258,"2017-07-01 04:45:01"
IOP,0.00071258,"2017-07-01 04:50:02"
IOP,0.00071258,"2017-07-01 04:55:01"
IOP,0.00071258,"2017-07-01 05:00:01"
IOP,0.00071258,"2017-07-01 05:05:02"
IOP,0.0007246,"2017-07-01 05:10:01"
IOP,0.0007246,"2017-07-01 05:15:02"
IOP,0.0007246,"2017-07-01 05:20:01"
IOP,0.0007246,"2017-07-01 05:25:02"
IOP,0.0007246,"2017-07-01 05:30:01"
IOP,0.0007246,"2017-07-01 05:35:02"
IOP,0.0007246,"2017-07-01 05:40:01"
IOP,0.0007246,"2017-07-01 05:45:01"
IOP,0.00071262,"2017-07-01 05:50:02"
IOP,0.00071262,"2017-07-01 05:55:02"
IOP,0.00071262,"2017-07-01 06:00:03"
IOP,0.00071262,"2017-07-01 06:05:02"
IOP,0.00071262,"2017-07-01 06:10:01"
IOP,0.00071262,"2017-07-01 06:15:01"
IOP,0.00071262,"2017-07-01 06:20:03"
IOP,0.00071262,"2017-07-01 06:25:02"
IOP,0.00071262,"2017-07-01 06:30:02"
IOP,0.00071262,"2017-07-01 06:35:02"
IOP,0.00071262,"2017-07-01 06:40:02"
IOP,0.00071258,"2017-07-01 06:45:01"
IOP,0.00071258,"2017-07-01 06:50:01"
IOP,0.00071258,"2017-07-01 06:55:01"
IOP,0.00071258,"2017-07-01 07:00:03"
IOP,0.00071258,"2017-07-01 07:05:01"
IOP,0.00071258,"2017-07-01 07:10:01"
IOP,0.00071258,"2017-07-01 07:15:01"
IOP,0.00071258,"2017-07-01 07:20:02"
IOP,0.00071258,"2017-07-01 07:25:01"
IOP,0.00071258,"2017-07-01 07:30:01"
IOP,0.00071258,"2017-07-01 07:35:01"
IOP,0.00071258,"2017-07-01 07:40:01"
IOP,0.00071258,"2017-07-01 07:45:02"
IOP,0.00071258,"2017-07-01 07:50:01"
IOP,0.00071258,"2017-07-01 07:55:01"
IOP,0.00071258,"2017-07-01 08:00:02"
IOP,0.00071258,"2017-07-01 08:05:02"
IOP,0.00071258,"2017-07-01 08:10:01"
IOP,0.00071258,"2017-07-01 08:15:02"
IOP,0.00071258,"2017-07-01 08:20:01"
IOP,0.00071258,"2017-07-01 08:25:02"
IOP,0.00071258,"2017-07-01 08:30:02"
IOP,0.00071258,"2017-07-01 08:35:01"
IOP,0.00071258,"2017-07-01 08:40:02"
IOP,0.00071264,"2017-07-01 08:45:02"
IOP,0.0007337,"2017-07-01 08:50:02"
IOP,0.0007337,"2017-07-01 08:55:01"
IOP,0.0007337,"2017-07-01 09:00:02"
IOP,0.00071264,"2017-07-01 09:05:01"
IOP,0.00071264,"2017-07-01 09:10:01"
IOP,0.00071264,"2017-07-01 09:15:02"
IOP,0.00071264,"2017-07-01 09:20:01"
IOP,0.00071264,"2017-07-01 09:25:01"
IOP,0.00071264,"2017-07-01 09:30:01"
IOP,0.00071264,"2017-07-01 09:35:01"
IOP,0.00071264,"2017-07-01 09:40:01"
IOP,0.00071264,"2017-07-01 09:45:01"
IOP,0.00071264,"2017-07-01 09:50:02"
IOP,0.00071264,"2017-07-01 09:55:02"
IOP,0.00071264,"2017-07-01 10:00:02"
IOP,0.00071264,"2017-07-01 10:05:02"
IOP,0.00071264,"2017-07-01 10:10:01"
IOP,0.00071264,"2017-07-01 10:15:02"
IOP,0.00071264,"2017-07-01 10:20:01"
IOP,0.00071264,"2017-07-01 10:25:01"
IOP,0.00071264,"2017-07-01 10:30:02"
IOP,0.00071264,"2017-07-01 10:35:02"
IOP,0.00071264,"2017-07-01 10:40:01"
IOP,0.0007,"2017-07-01 10:45:02"
IOP,0.0007,"2017-07-01 10:50:02"
IOP,0.0007,"2017-07-01 10:55:02"
IOP,0.0007123,"2017-07-01 11:00:01"
IOP,0.0007123,"2017-07-01 11:05:01"
IOP,0.0007123,"2017-07-01 11:10:02"
IOP,0.0007123,"2017-07-01 11:15:02"
IOP,0.0007123,"2017-07-01 11:20:01"
IOP,0.0007123,"2017-07-01 11:25:01"
IOP,0.0007123,"2017-07-01 11:30:02"
IOP,0.0007123,"2017-07-01 11:35:02"
IOP,0.0007123,"2017-07-01 11:40:01"
IOP,0.0007123,"2017-07-01 11:45:01"
IOP,0.0007123,"2017-07-01 11:50:02"
IOP,0.00071151,"2017-07-01 11:55:01"
IOP,0.00071151,"2017-07-01 12:00:02"
IOP,0.00071151,"2017-07-01 12:05:01"
IOP,0.00071151,"2017-07-01 12:10:01"
IOP,0.00071151,"2017-07-01 12:15:01"
IOP,0.00071151,"2017-07-01 12:20:01"
IOP,0.00071151,"2017-07-01 12:25:02"
IOP,0.00071151,"2017-07-01 12:30:02"
IOP,0.00071151,"2017-07-01 12:35:01"
IOP,0.00071151,"2017-07-01 12:40:02"
IOP,0.00071151,"2017-07-01 12:45:02"
IOP,0.00071151,"2017-07-01 12:50:02"
IOP,0.00071151,"2017-07-01 12:55:01"
IOP,0.00071151,"2017-07-01 13:00:02"
IOP,0.00071151,"2017-07-01 13:05:04"
IOP,0.00071151,"2017-07-01 13:10:01"
IOP,0.00071151,"2017-07-01 13:15:01"
IOP,0.00071151,"2017-07-01 13:20:01"
IOP,0.00071151,"2017-07-01 13:25:01"
IOP,0.00071151,"2017-07-01 13:30:01"
IOP,0.00071151,"2017-07-01 13:35:02"
IOP,0.00071151,"2017-07-01 13:40:01"
IOP,0.00071151,"2017-07-01 13:45:01"
IOP,0.00071152,"2017-07-01 13:50:01"
IOP,0.00071152,"2017-07-01 13:55:01"
IOP,0.00071152,"2017-07-01 14:00:02"
IOP,0.00071152,"2017-07-01 14:05:02"
IOP,0.00073208,"2017-07-01 14:10:02"
IOP,0.00073208,"2017-07-01 14:15:02"
IOP,0.00073208,"2017-07-01 14:20:01"
IOP,0.00073208,"2017-07-01 14:25:01"
IOP,0.00073208,"2017-07-01 14:30:02"
IOP,0.00073208,"2017-07-01 14:35:01"
IOP,0.00073208,"2017-07-01 14:40:01"
IOP,0.00073208,"2017-07-01 14:45:01"
IOP,0.00073208,"2017-07-01 14:50:01"
IOP,0.00073208,"2017-07-01 14:55:02"
IOP,0.00073208,"2017-07-01 15:00:02"
IOP,0.00073208,"2017-07-01 15:05:02"
IOP,0.00073208,"2017-07-01 15:10:01"
IOP,0.00073208,"2017-07-01 15:15:01"
IOP,0.00073238,"2017-07-01 15:20:01"
IOP,0.00071151,"2017-07-01 15:25:01"
IOP,0.00071151,"2017-07-01 15:30:02"
IOP,0.00071151,"2017-07-01 15:35:02"
IOP,0.00071151,"2017-07-01 15:40:04"
IOP,0.00071151,"2017-07-01 15:45:01"
IOP,0.00071151,"2017-07-01 15:50:02"
IOP,0.00071151,"2017-07-01 15:55:02"
IOP,0.00071151,"2017-07-01 16:00:02"
IOP,0.00071151,"2017-07-01 16:05:01"
IOP,0.00071151,"2017-07-01 16:10:01"
IOP,0.00071151,"2017-07-01 16:15:02"
IOP,0.00071151,"2017-07-01 16:20:01"
IOP,0.00071151,"2017-07-01 16:25:01"
IOP,0.00073237,"2017-07-01 16:30:02"
IOP,0.00073237,"2017-07-01 16:35:02"
IOP,0.00073237,"2017-07-01 16:40:01"
IOP,0.00073237,"2017-07-01 16:45:01"
IOP,0.00073237,"2017-07-01 16:50:01"
IOP,0.00073237,"2017-07-01 16:55:02"
IOP,0.00071151,"2017-07-01 17:00:01"
IOP,0.00071151,"2017-07-01 17:05:01"
IOP,0.00071151,"2017-07-01 17:10:02"
IOP,0.00071151,"2017-07-01 17:15:02"
IOP,0.00071151,"2017-07-01 17:20:02"
IOP,0.00071151,"2017-07-01 17:25:01"
IOP,0.00071151,"2017-07-01 17:30:02"
IOP,0.00071151,"2017-07-01 17:35:02"
IOP,0.00071151,"2017-07-01 17:40:01"
IOP,0.00071151,"2017-07-01 17:45:01"
IOP,0.00071151,"2017-07-01 17:50:02"
IOP,0.00070084,"2017-07-01 17:55:02"
IOP,0.0007008,"2017-07-01 18:00:01"
IOP,0.0007,"2017-07-01 18:05:01"
IOP,0.0007,"2017-07-01 18:10:02"
IOP,0.0007,"2017-07-01 18:15:01"
IOP,0.0007,"2017-07-01 18:20:01"
IOP,0.0007,"2017-07-01 18:25:02"
IOP,0.0007,"2017-07-01 18:30:02"
IOP,0.00069916,"2017-07-01 18:35:03"
IOP,0.00069711,"2017-07-01 18:40:01"
IOP,0.00069711,"2017-07-01 18:45:01"
IOP,0.00069711,"2017-07-01 18:50:01"
IOP,0.00069711,"2017-07-01 18:55:02"
IOP,0.00069711,"2017-07-01 19:00:02"
IOP,0.00073237,"2017-07-01 19:05:01"
IOP,0.00073237,"2017-07-01 19:10:02"
IOP,0.00073237,"2017-07-01 19:15:02"
IOP,0.00073237,"2017-07-01 19:20:01"
IOP,0.00073237,"2017-07-01 19:25:01"
IOP,0.00073237,"2017-07-01 19:30:02"
IOP,0.00073429,"2017-07-01 19:35:01"
IOP,0.00073429,"2017-07-01 19:40:02"
IOP,0.00073429,"2017-07-01 19:45:02"
IOP,0.00073429,"2017-07-01 19:50:01"
IOP,0.00069746,"2017-07-01 19:55:01"
IOP,0.00073409,"2017-07-01 20:00:01"
IOP,0.00073409,"2017-07-01 20:05:01"
IOP,0.00073387,"2017-07-01 20:10:02"
IOP,0.00072394,"2017-07-01 20:15:02"
IOP,0.00072394,"2017-07-01 20:20:02"
IOP,0.00072394,"2017-07-01 20:25:01"
IOP,0.00072394,"2017-07-01 20:30:02"
IOP,0.00072394,"2017-07-01 20:35:02"
IOP,0.00072394,"2017-07-01 20:40:02"
IOP,0.00072394,"2017-07-01 20:45:02"
IOP,0.00072394,"2017-07-01 20:50:01"
IOP,0.00072394,"2017-07-01 20:55:02"
IOP,0.00072394,"2017-07-01 21:00:02"
IOP,0.00072394,"2017-07-01 21:05:01"
IOP,0.00072394,"2017-07-01 21:10:01"
IOP,0.00072394,"2017-07-01 21:15:01"
IOP,0.00072394,"2017-07-01 21:20:01"
IOP,0.00072394,"2017-07-01 21:25:02"
IOP,0.00072394,"2017-07-01 21:30:01"
IOP,0.00072394,"2017-07-01 21:35:02"
IOP,0.00072394,"2017-07-01 21:40:01"
IOP,0.00072394,"2017-07-01 21:45:02"
IOP,0.00072394,"2017-07-01 21:50:01"
IOP,0.00072394,"2017-07-01 21:55:01"
IOP,0.00072394,"2017-07-01 22:00:01"
IOP,0.00066055,"2017-07-01 22:05:01"
IOP,0.00066059,"2017-07-01 22:10:02"
IOP,0.00066059,"2017-07-01 22:15:02"
IOP,0.00066085,"2017-07-01 22:20:01"
IOP,0.00066094,"2017-07-01 22:25:01"
IOP,0.00066101,"2017-07-01 22:30:02"
IOP,0.00066101,"2017-07-01 22:35:01"
IOP,0.00066101,"2017-07-01 22:40:01"
IOP,0.00066101,"2017-07-01 22:45:01"
IOP,0.00066101,"2017-07-01 22:50:02"
IOP,0.00066101,"2017-07-01 22:55:02"
IOP,0.00066101,"2017-07-01 23:00:02"
IOP,0.00066101,"2017-07-01 23:05:02"
IOP,0.00066101,"2017-07-01 23:10:02"
IOP,0.00066101,"2017-07-01 23:15:02"
IOP,0.00066101,"2017-07-01 23:20:01"
IOP,0.00066101,"2017-07-01 23:25:01"
IOP,0.00066101,"2017-07-01 23:30:01"
IOP,0.00066101,"2017-07-01 23:35:02"
IOP,0.00071715,"2017-07-01 23:40:02"
IOP,0.00071715,"2017-07-01 23:45:02"
IOP,0.00071715,"2017-07-01 23:50:02"
IOP,0.00071715,"2017-07-01 23:55:01"
IOP,0.00071715,"2017-07-02 00:00:02"
IOP,0.00063701,"2017-07-02 00:05:01"
IOP,0.00063655,"2017-07-02 00:10:02"
IOP,0.00063655,"2017-07-02 00:15:01"
IOP,0.00063655,"2017-07-02 00:20:02"
IOP,0.00063655,"2017-07-02 00:25:02"
IOP,0.00063656,"2017-07-02 00:30:02"
IOP,0.00063656,"2017-07-02 00:35:02"
IOP,0.00063656,"2017-07-02 00:40:02"
IOP,0.00063656,"2017-07-02 00:45:03"
IOP,0.00063656,"2017-07-02 00:50:02"
IOP,0.00063656,"2017-07-02 00:55:01"
IOP,0.00063656,"2017-07-02 01:00:01"
IOP,0.00063656,"2017-07-02 01:05:01"
IOP,0.00063656,"2017-07-02 01:10:01"
IOP,0.00063656,"2017-07-02 01:15:02"
IOP,0.00063656,"2017-07-02 01:20:01"
IOP,0.00063656,"2017-07-02 01:25:01"
IOP,0.00063656,"2017-07-02 01:30:01"
IOP,0.00063656,"2017-07-02 01:35:01"
IOP,0.00063656,"2017-07-02 01:40:01"
IOP,0.00063656,"2017-07-02 01:45:01"
IOP,0.00063656,"2017-07-02 01:50:01"
IOP,0.00064,"2017-07-02 01:55:02"
IOP,0.00064,"2017-07-02 02:00:02"
IOP,0.00064,"2017-07-02 02:05:01"
IOP,0.00064,"2017-07-02 02:10:01"
IOP,0.00064,"2017-07-02 02:15:01"
IOP,0.00064,"2017-07-02 02:20:01"
IOP,0.00064,"2017-07-02 02:25:01"
IOP,0.00064,"2017-07-02 02:30:01"
IOP,0.00064,"2017-07-02 02:35:02"
IOP,0.00066595,"2017-07-02 02:40:02"
IOP,0.00066595,"2017-07-02 02:45:01"
IOP,0.00066595,"2017-07-02 02:50:01"
IOP,0.00066529,"2017-07-02 02:55:02"
IOP,0.00063999,"2017-07-02 03:00:01"
IOP,0.00063999,"2017-07-02 03:05:01"
IOP,0.00063999,"2017-07-02 03:10:01"
IOP,0.00063999,"2017-07-02 03:15:02"
IOP,0.00063999,"2017-07-02 03:20:01"
IOP,0.00063999,"2017-07-02 03:25:01"
IOP,0.00063999,"2017-07-02 03:30:02"
IOP,0.00063999,"2017-07-02 03:35:01"
IOP,0.00063999,"2017-07-02 03:40:02"
IOP,0.00063999,"2017-07-02 03:45:01"
IOP,0.00063999,"2017-07-02 03:50:01"
IOP,0.00063999,"2017-07-02 03:55:01"
IOP,0.00063999,"2017-07-02 04:00:02"
IOP,0.00063999,"2017-07-02 04:05:01"
IOP,0.00063999,"2017-07-02 04:10:01"
IOP,0.00063999,"2017-07-02 04:15:02"
IOP,0.00067965,"2017-07-02 04:20:01"
IOP,0.00067965,"2017-07-02 04:25:01"
IOP,0.00067965,"2017-07-02 04:30:02"
IOP,0.00067965,"2017-07-02 04:35:02"
IOP,0.00067965,"2017-07-02 04:40:02"
IOP,0.00067965,"2017-07-02 04:45:01"
IOP,0.00067965,"2017-07-02 04:50:02"
IOP,0.00067965,"2017-07-02 04:55:02"
IOP,0.00067965,"2017-07-02 05:00:03"
IOP,0.00067965,"2017-07-02 05:05:01"
IOP,0.00067965,"2017-07-02 05:10:02"
IOP,0.00067965,"2017-07-02 05:15:01"
IOP,0.00067965,"2017-07-02 05:20:01"
IOP,0.00067965,"2017-07-02 05:25:02"
IOP,0.00067965,"2017-07-02 05:30:02"
IOP,0.00069999,"2017-07-02 05:35:01"
IOP,0.00069999,"2017-07-02 05:40:02"
IOP,0.00069999,"2017-07-02 05:45:01"
IOP,0.00069999,"2017-07-02 05:50:01"
IOP,0.00069999,"2017-07-02 05:55:01"
IOP,0.00069999,"2017-07-02 06:00:03"
IOP,0.00069999,"2017-07-02 06:05:01"
IOP,0.00069999,"2017-07-02 06:10:01"
IOP,0.00069999,"2017-07-02 06:15:02"
IOP,0.00069999,"2017-07-02 06:20:01"
IOP,0.00069999,"2017-07-02 06:25:02"
IOP,0.00069999,"2017-07-02 06:30:02"
IOP,0.00069999,"2017-07-02 06:35:01"
IOP,0.00069999,"2017-07-02 06:40:01"
IOP,0.00069999,"2017-07-02 06:45:01"
IOP,0.00069999,"2017-07-02 06:50:02"
IOP,0.00069999,"2017-07-02 06:55:01"
IOP,0.00069999,"2017-07-02 07:00:01"
IOP,0.00069999,"2017-07-02 07:05:01"
IOP,0.00069999,"2017-07-02 07:10:01"
IOP,0.00069999,"2017-07-02 07:15:02"
IOP,0.00069999,"2017-07-02 07:20:02"
IOP,0.00069999,"2017-07-02 07:25:01"
IOP,0.00069999,"2017-07-02 07:30:02"
IOP,0.00069999,"2017-07-02 07:35:01"
IOP,0.00069999,"2017-07-02 07:40:01"
IOP,0.00069999,"2017-07-02 07:45:02"
IOP,0.00069999,"2017-07-02 07:50:01"
IOP,0.00069999,"2017-07-02 07:55:01"
IOP,0.00069999,"2017-07-02 08:00:01"
IOP,0.00069999,"2017-07-02 08:05:01"
IOP,0.00069999,"2017-07-02 08:10:01"
IOP,0.00069999,"2017-07-02 08:15:02"
IOP,0.00069999,"2017-07-02 08:20:01"
IOP,0.00069999,"2017-07-02 08:25:01"
IOP,0.00069999,"2017-07-02 08:30:02"
IOP,0.00069999,"2017-07-02 08:35:01"
IOP,0.00069999,"2017-07-02 08:40:01"
IOP,0.00069999,"2017-07-02 08:45:01"
IOP,0.00069999,"2017-07-02 08:50:01"
IOP,0.00069999,"2017-07-02 08:55:01"
IOP,0.00069999,"2017-07-02 09:00:02"
IOP,0.00069999,"2017-07-02 09:05:01"
IOP,0.00069999,"2017-07-02 09:10:03"
IOP,0.00069999,"2017-07-02 09:15:01"
IOP,0.00069999,"2017-07-02 09:20:02"
IOP,0.00069999,"2017-07-02 09:25:01"
IOP,0.00069999,"2017-07-02 09:30:02"
IOP,0.00069999,"2017-07-02 09:35:02"
IOP,0.00069999,"2017-07-02 09:40:02"
IOP,0.00069999,"2017-07-02 09:45:01"
IOP,0.00069999,"2017-07-02 09:50:01"
IOP,0.00069,"2017-07-02 09:55:01"
IOP,0.00069,"2017-07-02 10:00:02"
IOP,0.00069,"2017-07-02 10:05:01"
IOP,0.00069,"2017-07-02 10:10:01"
IOP,0.00069,"2017-07-02 10:15:01"
IOP,0.00069,"2017-07-02 10:20:01"
IOP,0.00069,"2017-07-02 10:25:01"
IOP,0.00069,"2017-07-02 10:30:02"
IOP,0.00069,"2017-07-02 10:35:01"
IOP,0.00069,"2017-07-02 10:40:01"
IOP,0.00069,"2017-07-02 10:45:02"
IOP,0.00069,"2017-07-02 10:50:01"
IOP,0.00069,"2017-07-02 10:55:01"
IOP,0.00069,"2017-07-02 11:00:02"
IOP,0.00069,"2017-07-02 11:05:02"
IOP,0.00069,"2017-07-02 11:10:01"
IOP,0.00069,"2017-07-02 11:15:01"
IOP,0.00069,"2017-07-02 11:20:01"
IOP,0.00068999,"2017-07-02 11:25:01"
IOP,0.00068999,"2017-07-02 11:30:02"
IOP,0.00068999,"2017-07-02 11:35:01"
IOP,0.00068999,"2017-07-02 11:40:01"
IOP,0.00068999,"2017-07-02 11:45:01"
IOP,0.00068999,"2017-07-02 11:50:02"
IOP,0.00068999,"2017-07-02 11:55:02"
IOP,0.00068999,"2017-07-02 12:00:02"
IOP,0.00068999,"2017-07-02 12:05:01"
IOP,0.00068999,"2017-07-02 12:10:01"
IOP,0.0006514,"2017-07-02 12:15:02"
IOP,0.0006514,"2017-07-02 12:20:02"
IOP,0.0006514,"2017-07-02 12:25:01"
IOP,0.00065173,"2017-07-02 12:30:02"
IOP,0.00065172,"2017-07-02 12:35:02"
IOP,0.00065172,"2017-07-02 12:40:02"
IOP,0.00065172,"2017-07-02 12:45:02"
IOP,0.00065172,"2017-07-02 12:50:02"
IOP,0.00065172,"2017-07-02 12:55:01"
IOP,0.00065172,"2017-07-02 13:00:02"
IOP,0.00065172,"2017-07-02 13:05:02"
IOP,0.00065172,"2017-07-02 13:10:01"
IOP,0.00065172,"2017-07-02 13:15:02"
IOP,0.00065172,"2017-07-02 13:20:02"
IOP,0.00065172,"2017-07-02 13:25:04"
IOP,0.00065172,"2017-07-02 13:30:02"
IOP,0.00065172,"2017-07-02 13:35:02"
IOP,0.00065172,"2017-07-02 13:40:01"
IOP,0.00065172,"2017-07-02 13:45:01"
IOP,0.00065172,"2017-07-02 13:50:01"
IOP,0.00065172,"2017-07-02 13:55:01"
IOP,0.00065172,"2017-07-02 14:00:08"
IOP,0.00065172,"2017-07-02 14:05:01"
IOP,0.00065172,"2017-07-02 14:10:02"
IOP,0.00065172,"2017-07-02 14:15:01"
IOP,0.00065172,"2017-07-02 14:20:01"
IOP,0.00068875,"2017-07-02 14:25:01"
IOP,0.00068853,"2017-07-02 14:30:02"
IOP,0.00068853,"2017-07-02 14:35:01"
IOP,0.00068853,"2017-07-02 14:40:02"
IOP,0.00064118,"2017-07-02 14:45:01"
IOP,0.00068661,"2017-07-02 14:50:03"
IOP,0.00068661,"2017-07-02 14:55:01"
IOP,0.00068661,"2017-07-02 15:00:01"
IOP,0.00068661,"2017-07-02 15:05:01"
IOP,0.00064163,"2017-07-02 15:10:04"
IOP,0.00064116,"2017-07-02 15:15:02"
IOP,0.00064116,"2017-07-02 15:20:01"
IOP,0.00064117,"2017-07-02 15:25:02"
IOP,0.00064117,"2017-07-02 15:30:03"
IOP,0.00064117,"2017-07-02 15:35:02"
IOP,0.00064117,"2017-07-02 15:40:01"
IOP,0.00064117,"2017-07-02 15:45:01"
IOP,0.00064117,"2017-07-02 15:50:02"
IOP,0.00064117,"2017-07-02 15:55:01"
IOP,0.00064117,"2017-07-02 16:00:02"
IOP,0.00064161,"2017-07-02 16:05:01"
IOP,0.00064334,"2017-07-02 16:10:01"
IOP,0.00064334,"2017-07-02 16:15:07"
IOP,0.00064334,"2017-07-02 16:20:02"
IOP,0.00064164,"2017-07-02 16:25:02"
IOP,0.00068977,"2017-07-02 16:30:03"
IOP,0.0006895,"2017-07-02 16:35:01"
IOP,0.00064161,"2017-07-02 16:40:03"
IOP,0.00068337,"2017-07-02 16:45:02"
IOP,0.00068476,"2017-07-02 16:50:01"
IOP,0.00068476,"2017-07-02 16:55:02"
IOP,0.00068476,"2017-07-02 17:00:05"
IOP,0.00064342,"2017-07-02 17:05:02"
IOP,0.00064342,"2017-07-02 17:10:01"
IOP,0.00064371,"2017-07-02 17:15:02"
IOP,0.00064371,"2017-07-02 17:20:02"
IOP,0.00068433,"2017-07-02 17:25:01"
IOP,0.00068433,"2017-07-02 17:30:02"
IOP,0.00068433,"2017-07-02 17:35:02"
IOP,0.00068433,"2017-07-02 17:40:02"
IOP,0.00068433,"2017-07-02 17:45:01"
IOP,0.00071992,"2017-07-02 17:50:01"
IOP,0.00071992,"2017-07-02 17:55:01"
IOP,0.00071999,"2017-07-02 18:00:01"
IOP,0.00066629,"2017-07-02 18:05:02"
IOP,0.00066629,"2017-07-02 18:10:01"
IOP,0.00066697,"2017-07-02 18:15:01"
IOP,0.00066795,"2017-07-02 18:20:02"
IOP,0.000665,"2017-07-02 18:25:01"
IOP,0.000665,"2017-07-02 18:30:05"
IOP,0.000665,"2017-07-02 18:35:01"
IOP,0.000665,"2017-07-02 18:40:01"
IOP,0.000665,"2017-07-02 18:45:01"
IOP,0.000665,"2017-07-02 18:50:02"
IOP,0.000665,"2017-07-02 18:55:01"
IOP,0.00064161,"2017-07-02 19:00:02"
IOP,0.00064161,"2017-07-02 19:05:02"
IOP,0.00064161,"2017-07-02 19:10:03"
IOP,0.00066797,"2017-07-02 19:15:02"
IOP,0.00066797,"2017-07-02 19:20:01"
IOP,0.00066797,"2017-07-02 19:25:03"
IOP,0.00066797,"2017-07-02 19:30:02"
IOP,0.00066797,"2017-07-02 19:35:01"
IOP,0.00066797,"2017-07-02 19:40:02"
IOP,0.00066797,"2017-07-02 19:45:01"
IOP,0.00066797,"2017-07-02 19:50:01"
IOP,0.00066797,"2017-07-02 19:55:01"
IOP,0.00066797,"2017-07-02 20:00:02"
IOP,0.0006416,"2017-07-02 20:05:01"
IOP,0.0006416,"2017-07-02 20:10:01"
IOP,0.00065375,"2017-07-02 20:15:02"
IOP,0.00065375,"2017-07-02 20:20:01"
IOP,0.00065375,"2017-07-02 20:25:02"
IOP,0.00071405,"2017-07-02 20:30:02"
IOP,0.00071405,"2017-07-02 20:35:01"
IOP,0.00071348,"2017-07-02 20:40:01"
IOP,0.00071348,"2017-07-02 20:45:02"
IOP,0.00071348,"2017-07-02 20:50:03"
IOP,0.00071348,"2017-07-02 20:55:02"
IOP,0.00071348,"2017-07-02 21:00:01"
IOP,0.00071348,"2017-07-02 21:05:02"
IOP,0.00071348,"2017-07-02 21:10:02"
IOP,0.00071348,"2017-07-02 21:15:02"
IOP,0.00071348,"2017-07-02 21:20:01"
IOP,0.00067912,"2017-07-02 21:25:02"
IOP,0.00067912,"2017-07-02 21:30:02"
IOP,0.00067912,"2017-07-02 21:35:02"
IOP,0.00067912,"2017-07-02 21:40:02"
IOP,0.00067912,"2017-07-02 21:45:01"
IOP,0.00067912,"2017-07-02 21:50:02"
IOP,0.00067912,"2017-07-02 21:55:01"
IOP,0.00067892,"2017-07-02 22:00:02"
IOP,0.00065117,"2017-07-02 22:05:01"
IOP,0.00065117,"2017-07-02 22:10:02"
IOP,0.00065117,"2017-07-02 22:15:01"
IOP,0.00065117,"2017-07-02 22:20:02"
IOP,0.00065117,"2017-07-02 22:25:02"
IOP,0.00065117,"2017-07-02 22:30:02"
IOP,0.00065117,"2017-07-02 22:35:02"
IOP,0.00065117,"2017-07-02 22:40:03"
IOP,0.00065117,"2017-07-02 22:45:02"
IOP,0.00065117,"2017-07-02 22:50:03"
IOP,0.00064213,"2017-07-02 22:55:02"
IOP,0.00064213,"2017-07-02 23:00:02"
IOP,0.00064213,"2017-07-02 23:05:02"
IOP,0.00064213,"2017-07-02 23:10:02"
IOP,0.00064213,"2017-07-02 23:15:02"
IOP,0.00064213,"2017-07-02 23:20:02"
IOP,0.00064213,"2017-07-02 23:25:01"
IOP,0.00064213,"2017-07-02 23:30:04"
IOP,0.00064213,"2017-07-02 23:35:02"
IOP,0.00064213,"2017-07-02 23:40:01"
IOP,0.00064213,"2017-07-02 23:45:01"
IOP,0.00064213,"2017-07-02 23:50:02"
IOP,0.00064213,"2017-07-02 23:55:01"
IOP,0.00064213,"2017-07-03 00:00:03"
IOP,0.00064213,"2017-07-03 00:05:02"
IOP,0.00064213,"2017-07-03 00:10:02"
IOP,0.00064213,"2017-07-03 00:15:01"
IOP,0.00064213,"2017-07-03 00:20:01"
IOP,0.00062817,"2017-07-03 00:25:01"
IOP,0.00063,"2017-07-03 00:30:02"
IOP,0.00063,"2017-07-03 00:35:01"
IOP,0.00063,"2017-07-03 00:40:02"
IOP,0.00063,"2017-07-03 00:45:02"
IOP,0.00063,"2017-07-03 00:50:01"
IOP,0.00063,"2017-07-03 00:55:01"
IOP,0.00063,"2017-07-03 01:00:02"
IOP,0.00063,"2017-07-03 01:05:02"
IOP,0.00063,"2017-07-03 01:10:01"
IOP,0.00063,"2017-07-03 01:15:02"
IOP,0.00063,"2017-07-03 01:20:02"
IOP,0.00063,"2017-07-03 01:25:02"
IOP,0.00063,"2017-07-03 01:30:02"
IOP,0.00063,"2017-07-03 01:35:01"
IOP,0.00063,"2017-07-03 01:40:01"
IOP,0.00063,"2017-07-03 01:45:02"
IOP,0.00063,"2017-07-03 01:50:02"
IOP,0.00063,"2017-07-03 01:55:01"
IOP,0.00063,"2017-07-03 02:00:02"
IOP,0.00063,"2017-07-03 02:05:02"
IOP,0.00063,"2017-07-03 02:10:02"
IOP,0.00063,"2017-07-03 02:15:01"
IOP,0.00063,"2017-07-03 02:20:02"
IOP,0.00063,"2017-07-03 02:25:01"
IOP,0.00063,"2017-07-03 02:30:02"
IOP,0.00063269,"2017-07-03 02:35:01"
IOP,0.00063269,"2017-07-03 02:40:01"
IOP,0.00063269,"2017-07-03 02:45:01"
IOP,0.00063269,"2017-07-03 02:50:01"
IOP,0.00063269,"2017-07-03 02:55:01"
IOP,0.00063269,"2017-07-03 03:00:01"
IOP,0.00063269,"2017-07-03 03:05:02"
IOP,0.00063269,"2017-07-03 03:10:01"
IOP,0.00063269,"2017-07-03 03:15:01"
IOP,0.00063269,"2017-07-03 03:20:02"
IOP,0.00063269,"2017-07-03 03:25:01"
IOP,0.00063269,"2017-07-03 03:30:02"
IOP,0.00063269,"2017-07-03 03:35:01"
IOP,0.00063269,"2017-07-03 03:40:02"
IOP,0.00063269,"2017-07-03 03:45:01"
IOP,0.00063269,"2017-07-03 03:50:01"
IOP,0.00063269,"2017-07-03 03:55:01"
IOP,0.00063269,"2017-07-03 04:00:02"
IOP,0.00063269,"2017-07-03 04:05:03"
IOP,0.00063269,"2017-07-03 04:10:01"
IOP,0.00063269,"2017-07-03 04:15:01"
IOP,0.00063269,"2017-07-03 04:20:01"
IOP,0.00063269,"2017-07-03 04:25:02"
IOP,0.0006719,"2017-07-03 04:30:02"
IOP,0.0006719,"2017-07-03 04:35:02"
IOP,0.0006719,"2017-07-03 04:40:03"
IOP,0.0006719,"2017-07-03 04:45:02"
IOP,0.0006719,"2017-07-03 04:50:01"
IOP,0.0006719,"2017-07-03 04:55:01"
IOP,0.0006719,"2017-07-03 05:00:02"
IOP,0.0006719,"2017-07-03 05:05:02"
IOP,0.0006719,"2017-07-03 05:10:01"
IOP,0.0006719,"2017-07-03 05:15:01"
IOP,0.0006719,"2017-07-03 05:20:01"
IOP,0.0006719,"2017-07-03 05:25:02"
IOP,0.0006719,"2017-07-03 05:30:02"
IOP,0.0006719,"2017-07-03 05:35:02"
IOP,0.0006719,"2017-07-03 05:40:02"
IOP,0.0006719,"2017-07-03 05:45:01"
IOP,0.00063269,"2017-07-03 05:50:02"
IOP,0.00063269,"2017-07-03 05:55:02"
IOP,0.00063269,"2017-07-03 06:00:02"
IOP,0.00063269,"2017-07-03 06:05:01"
IOP,0.00063269,"2017-07-03 06:10:02"
IOP,0.00063269,"2017-07-03 06:15:01"
IOP,0.00063269,"2017-07-03 06:20:02"
IOP,0.0006332,"2017-07-03 06:25:02"
IOP,0.0006332,"2017-07-03 06:30:03"
IOP,0.0006332,"2017-07-03 06:35:02"
IOP,0.0006332,"2017-07-03 06:40:01"
IOP,0.0006332,"2017-07-03 06:45:02"
IOP,0.0006332,"2017-07-03 06:50:01"
IOP,0.0006332,"2017-07-03 06:55:02"
IOP,0.0006332,"2017-07-03 07:00:02"
IOP,0.0006332,"2017-07-03 07:05:02"
IOP,0.0006332,"2017-07-03 07:10:02"
IOP,0.0006332,"2017-07-03 07:15:02"
IOP,0.0006332,"2017-07-03 07:20:02"
IOP,0.0006332,"2017-07-03 07:25:02"
IOP,0.0006332,"2017-07-03 07:30:02"
IOP,0.0006332,"2017-07-03 07:35:02"
IOP,0.0006332,"2017-07-03 07:40:01"
IOP,0.0006332,"2017-07-03 07:45:01"
IOP,0.0006332,"2017-07-03 07:50:02"
IOP,0.0006332,"2017-07-03 07:55:01"
IOP,0.0006332,"2017-07-03 08:00:02"
IOP,0.00069883,"2017-07-03 08:05:01"
IOP,0.00069883,"2017-07-03 08:10:02"
IOP,0.00069883,"2017-07-03 08:15:02"
IOP,0.00063442,"2017-07-03 08:20:01"
IOP,0.00063442,"2017-07-03 08:25:02"
IOP,0.00063442,"2017-07-03 08:30:02"
IOP,0.00063442,"2017-07-03 08:35:01"
IOP,0.00063442,"2017-07-03 08:40:01"
IOP,0.00063442,"2017-07-03 08:45:01"
IOP,0.00063442,"2017-07-03 08:50:01"
IOP,0.00063442,"2017-07-03 08:55:01"
IOP,0.00063442,"2017-07-03 09:00:02"
IOP,0.00063442,"2017-07-03 09:05:02"
IOP,0.00063442,"2017-07-03 09:10:02"
IOP,0.00063442,"2017-07-03 09:15:02"
IOP,0.00068602,"2017-07-03 09:20:01"
IOP,0.00068601,"2017-07-03 09:25:02"
IOP,0.00068601,"2017-07-03 09:30:02"
IOP,0.00068601,"2017-07-03 09:35:02"
IOP,0.00068601,"2017-07-03 09:40:01"
IOP,0.00068601,"2017-07-03 09:45:01"
IOP,0.00068601,"2017-07-03 09:50:01"
IOP,0.00068601,"2017-07-03 09:55:03"
IOP,0.00068601,"2017-07-03 10:00:03"
IOP,0.00068601,"2017-07-03 10:05:01"
IOP,0.00068601,"2017-07-03 10:10:01"
IOP,0.00068601,"2017-07-03 10:15:02"
IOP,0.00068601,"2017-07-03 10:20:02"
IOP,0.00068601,"2017-07-03 10:25:01"
IOP,0.00068601,"2017-07-03 10:30:02"
IOP,0.00068601,"2017-07-03 10:35:02"
IOP,0.00068601,"2017-07-03 10:40:02"
IOP,0.00068601,"2017-07-03 10:45:02"
IOP,0.00068601,"2017-07-03 10:50:01"
IOP,0.00068601,"2017-07-03 10:55:02"
IOP,0.00068601,"2017-07-03 11:00:02"
IOP,0.00068601,"2017-07-03 11:05:02"
IOP,0.00068601,"2017-07-03 11:10:01"
IOP,0.00070894,"2017-07-03 11:15:02"
IOP,0.00070897,"2017-07-03 11:20:02"
IOP,0.00070896,"2017-07-03 11:25:02"
IOP,0.00070896,"2017-07-03 11:30:01"
IOP,0.00070889,"2017-07-03 11:35:01"
IOP,0.00070889,"2017-07-03 11:40:02"
IOP,0.00070889,"2017-07-03 11:45:02"
IOP,0.00070889,"2017-07-03 11:50:01"
IOP,0.00070889,"2017-07-03 11:55:02"
IOP,0.00070889,"2017-07-03 12:00:02"
IOP,0.00070889,"2017-07-03 12:05:02"
IOP,0.00070889,"2017-07-03 12:10:01"
IOP,0.00070889,"2017-07-03 12:15:01"
IOP,0.00070889,"2017-07-03 12:20:02"
IOP,0.00070889,"2017-07-03 12:25:02"
IOP,0.00070889,"2017-07-03 12:30:01"
IOP,0.00070889,"2017-07-03 12:35:02"
IOP,0.0007085,"2017-07-03 12:40:01"
IOP,0.0007085,"2017-07-03 12:45:02"
IOP,0.0006467,"2017-07-03 12:50:01"
IOP,0.0006467,"2017-07-03 12:55:01"
IOP,0.0006467,"2017-07-03 13:00:02"
IOP,0.0006467,"2017-07-03 13:05:01"
IOP,0.0006467,"2017-07-03 13:10:02"
IOP,0.00066044,"2017-07-03 13:15:01"
IOP,0.0007232,"2017-07-03 13:20:02"
IOP,0.00072393,"2017-07-03 13:25:02"
IOP,0.00072393,"2017-07-03 13:30:02"
IOP,0.00072394,"2017-07-03 13:35:01"
IOP,0.00072394,"2017-07-03 13:40:02"
IOP,0.00072394,"2017-07-03 13:45:02"
IOP,0.000724,"2017-07-03 13:50:01"
IOP,0.00066933,"2017-07-03 13:55:02"
IOP,0.00066933,"2017-07-03 14:00:02"
IOP,0.00066933,"2017-07-03 14:05:01"
IOP,0.00066933,"2017-07-03 14:10:01"
IOP,0.00066933,"2017-07-03 14:15:02"
IOP,0.00066933,"2017-07-03 14:20:02"
IOP,0.00066933,"2017-07-03 14:25:02"
IOP,0.00069216,"2017-07-03 14:30:01"
IOP,0.00069216,"2017-07-03 14:35:01"
IOP,0.00069216,"2017-07-03 14:40:01"
IOP,0.00069216,"2017-07-03 14:45:01"
IOP,0.00069216,"2017-07-03 14:50:02"
IOP,0.00069216,"2017-07-03 14:55:02"
IOP,0.00069216,"2017-07-03 15:00:03"
IOP,0.00069216,"2017-07-03 15:05:01"
IOP,0.00069216,"2017-07-03 15:10:02"
IOP,0.00069216,"2017-07-03 15:15:01"
IOP,0.00069216,"2017-07-03 15:20:01"
IOP,0.00069216,"2017-07-03 15:25:02"
IOP,0.00069435,"2017-07-03 15:30:07"
IOP,0.00069435,"2017-07-03 15:35:02"
IOP,0.00073423,"2017-07-03 15:40:01"
IOP,0.00073425,"2017-07-03 15:45:01"
IOP,0.00071115,"2017-07-03 15:50:02"
IOP,0.00071261,"2017-07-03 15:55:01"
IOP,0.00073424,"2017-07-03 16:00:02"
IOP,0.00071715,"2017-07-03 16:05:01"
IOP,0.00071715,"2017-07-03 16:10:02"
IOP,0.00073427,"2017-07-03 16:15:01"
IOP,0.00073427,"2017-07-03 16:20:01"
IOP,0.00073427,"2017-07-03 16:25:01"
IOP,0.00073427,"2017-07-03 16:30:03"
IOP,0.00073427,"2017-07-03 16:35:01"
IOP,0.00073427,"2017-07-03 16:40:01"
IOP,0.00073427,"2017-07-03 16:45:04"
IOP,0.00071781,"2017-07-03 16:50:02"
IOP,0.00071782,"2017-07-03 16:55:02"
IOP,0.00073428,"2017-07-03 17:00:03"
IOP,0.00073427,"2017-07-03 17:05:01"
IOP,0.00071722,"2017-07-03 17:10:02"
IOP,0.00071722,"2017-07-03 17:15:02"
IOP,0.00071722,"2017-07-03 17:20:01"
IOP,0.00073428,"2017-07-03 17:25:02"
IOP,0.00073428,"2017-07-03 17:30:02"
IOP,0.00073656,"2017-07-03 17:35:02"
IOP,0.00073656,"2017-07-03 17:40:05"
IOP,0.00073656,"2017-07-03 17:45:02"
IOP,0.00073656,"2017-07-03 17:50:02"
IOP,0.00073656,"2017-07-03 17:55:02"
IOP,0.00074944,"2017-07-03 18:00:02"
IOP,0.00073428,"2017-07-03 18:05:02"
IOP,0.00073428,"2017-07-03 18:10:02"
IOP,0.00073429,"2017-07-03 18:15:02"
IOP,0.00073429,"2017-07-03 18:20:02"
IOP,0.00073429,"2017-07-03 18:25:02"
IOP,0.00073429,"2017-07-03 18:30:02"
IOP,0.00073429,"2017-07-03 18:35:01"
IOP,0.00073429,"2017-07-03 18:40:01"
IOP,0.00073429,"2017-07-03 18:45:02"
IOP,0.00073429,"2017-07-03 18:50:02"
IOP,0.00073429,"2017-07-03 18:55:01"
IOP,0.00073429,"2017-07-03 19:00:02"
IOP,0.00073429,"2017-07-03 19:05:01"
IOP,0.00073429,"2017-07-03 19:10:01"
IOP,0.00074942,"2017-07-03 19:15:11"
IOP,0.00074942,"2017-07-03 19:20:02"
IOP,0.00074939,"2017-07-03 19:25:02"
IOP,0.00073537,"2017-07-03 19:30:02"
IOP,0.00071717,"2017-07-03 19:35:01"
IOP,0.00071717,"2017-07-03 19:40:06"
IOP,0.00071716,"2017-07-03 19:45:01"
IOP,0.00071681,"2017-07-03 19:50:01"
IOP,0.00073425,"2017-07-03 19:55:01"
IOP,0.00073425,"2017-07-03 20:00:02"
IOP,0.00073425,"2017-07-03 20:05:02"
IOP,0.00073425,"2017-07-03 20:10:02"
IOP,0.00073411,"2017-07-03 20:15:02"
IOP,0.00073411,"2017-07-03 20:20:02"
IOP,0.00073411,"2017-07-03 20:25:02"
IOP,0.00065451,"2017-07-03 20:30:02"
IOP,0.00065451,"2017-07-03 20:35:02"
IOP,0.0007,"2017-07-03 20:40:02"
IOP,0.00067544,"2017-07-03 20:45:01"
IOP,0.00068351,"2017-07-03 20:50:01"
IOP,0.00068351,"2017-07-03 20:55:01"
IOP,0.00068351,"2017-07-03 21:00:02"
IOP,0.00068351,"2017-07-03 21:05:02"
IOP,0.00068351,"2017-07-03 21:10:02"
IOP,0.00067899,"2017-07-03 21:15:01"
IOP,0.00067899,"2017-07-03 21:20:01"
IOP,0.00067899,"2017-07-03 21:25:02"
IOP,0.00067899,"2017-07-03 21:30:01"
IOP,0.00067899,"2017-07-03 21:35:01"
IOP,0.00067027,"2017-07-03 21:40:02"
IOP,0.00062817,"2017-07-03 21:45:01"
IOP,0.00065,"2017-07-03 21:50:01"
IOP,0.00065,"2017-07-03 21:55:02"
IOP,0.00065,"2017-07-03 22:00:01"
IOP,0.00065,"2017-07-03 22:05:01"
IOP,0.00065,"2017-07-03 22:10:01"
IOP,0.000628,"2017-07-03 22:15:02"
IOP,0.000628,"2017-07-03 22:20:02"
IOP,0.000628,"2017-07-03 22:25:02"
IOP,0.000628,"2017-07-03 22:30:02"
IOP,0.000628,"2017-07-03 22:35:01"
IOP,0.00065,"2017-07-03 22:40:02"
IOP,0.00065,"2017-07-03 22:45:02"
IOP,0.00065,"2017-07-03 22:50:03"
IOP,0.00065,"2017-07-03 22:55:03"
IOP,0.00066603,"2017-07-03 23:00:02"
IOP,0.00066535,"2017-07-03 23:05:02"
IOP,0.00066535,"2017-07-03 23:10:02"
IOP,0.00066535,"2017-07-03 23:15:01"
IOP,0.000656,"2017-07-03 23:20:02"
IOP,0.00065544,"2017-07-03 23:25:01"
IOP,0.00065544,"2017-07-03 23:30:02"
IOP,0.00065544,"2017-07-03 23:35:03"
IOP,0.0006256,"2017-07-03 23:40:01"
IOP,0.0006256,"2017-07-03 23:45:01"
IOP,0.00064638,"2017-07-03 23:50:01"
IOP,0.00064983,"2017-07-03 23:55:02"
IOP,0.00064983,"2017-07-04 00:00:02"
IOP,0.00064983,"2017-07-04 00:05:01"
IOP,0.00064634,"2017-07-04 00:10:01"
IOP,0.00064567,"2017-07-04 00:15:02"
IOP,0.00064567,"2017-07-04 00:20:01"
IOP,0.00064567,"2017-07-04 00:25:01"
IOP,0.00064567,"2017-07-04 00:30:01"
IOP,0.00064645,"2017-07-04 00:35:02"
IOP,0.00065481,"2017-07-04 00:40:01"
IOP,0.00065481,"2017-07-04 00:45:02"
IOP,0.00065481,"2017-07-04 00:50:02"
IOP,0.00065481,"2017-07-04 00:55:06"
IOP,0.00065481,"2017-07-04 01:00:02"
IOP,0.0006531,"2017-07-04 01:05:01"
IOP,0.00065329,"2017-07-04 01:10:01"
IOP,0.00065411,"2017-07-04 01:15:02"
IOP,0.00065411,"2017-07-04 01:20:03"
IOP,0.00065411,"2017-07-04 01:25:02"
IOP,0.00065411,"2017-07-04 01:30:01"
IOP,0.00065333,"2017-07-04 01:35:03"
IOP,0.00065333,"2017-07-04 01:40:01"
IOP,0.00065333,"2017-07-04 01:45:02"
IOP,0.00065332,"2017-07-04 01:50:01"
IOP,0.00065332,"2017-07-04 01:55:01"
IOP,0.00065332,"2017-07-04 02:00:02"
IOP,0.00065332,"2017-07-04 02:05:02"
IOP,0.00065332,"2017-07-04 02:10:01"
IOP,0.00065332,"2017-07-04 02:15:01"
IOP,0.00065332,"2017-07-04 02:20:02"
IOP,0.00065332,"2017-07-04 02:25:01"
IOP,0.00065332,"2017-07-04 02:30:02"
IOP,0.00065332,"2017-07-04 02:35:01"
IOP,0.00065332,"2017-07-04 02:40:02"
IOP,0.00064112,"2017-07-04 02:45:02"
IOP,0.00063048,"2017-07-04 02:50:02"
IOP,0.00063048,"2017-07-04 02:55:02"
IOP,0.00063048,"2017-07-04 03:00:02"
IOP,0.00063048,"2017-07-04 03:05:01"
IOP,0.00063048,"2017-07-04 03:10:01"
IOP,0.00063048,"2017-07-04 03:15:01"
IOP,0.00063048,"2017-07-04 03:20:02"
IOP,0.00063048,"2017-07-04 03:25:02"
IOP,0.00063048,"2017-07-04 03:30:02"
IOP,0.00063048,"2017-07-04 03:35:01"
IOP,0.00063048,"2017-07-04 03:40:02"
IOP,0.00063048,"2017-07-04 03:45:01"
IOP,0.00063048,"2017-07-04 03:50:01"
IOP,0.00063048,"2017-07-04 03:55:01"
IOP,0.00065,"2017-07-04 04:00:01"
IOP,0.00065,"2017-07-04 04:05:02"
IOP,0.00065,"2017-07-04 04:10:04"
IOP,0.00065,"2017-07-04 04:15:01"
IOP,0.00065,"2017-07-04 04:20:01"
IOP,0.00065,"2017-07-04 04:25:02"
IOP,0.00065,"2017-07-04 04:30:02"
IOP,0.00065,"2017-07-04 04:35:02"
IOP,0.00065,"2017-07-04 04:40:02"
IOP,0.00065,"2017-07-04 04:45:01"
IOP,0.00065,"2017-07-04 04:50:01"
IOP,0.00065,"2017-07-04 04:55:01"
IOP,0.00065,"2017-07-04 05:00:01"
IOP,0.00065339,"2017-07-04 05:05:01"
IOP,0.00065339,"2017-07-04 05:10:02"
IOP,0.00065339,"2017-07-04 05:15:02"
IOP,0.00065339,"2017-07-04 05:20:01"
IOP,0.00065339,"2017-07-04 05:25:02"
IOP,0.00065339,"2017-07-04 05:30:02"
IOP,0.00065339,"2017-07-04 05:35:02"
IOP,0.00065339,"2017-07-04 05:40:06"
IOP,0.00065338,"2017-07-04 05:45:01"
IOP,0.00065338,"2017-07-04 05:50:01"
IOP,0.00065338,"2017-07-04 05:55:02"
IOP,0.00065738,"2017-07-04 06:00:01"
IOP,0.00065738,"2017-07-04 06:05:01"
IOP,0.00065738,"2017-07-04 06:10:01"
IOP,0.00065718,"2017-07-04 06:15:02"
IOP,0.00065713,"2017-07-04 06:20:02"
IOP,0.00065713,"2017-07-04 06:25:02"
IOP,0.00065713,"2017-07-04 06:30:02"
IOP,0.00065692,"2017-07-04 06:35:02"
IOP,0.00065692,"2017-07-04 06:40:02"
IOP,0.00065692,"2017-07-04 06:45:01"
IOP,0.00065692,"2017-07-04 06:50:02"
IOP,0.00065692,"2017-07-04 06:55:01"
IOP,0.00065692,"2017-07-04 07:00:02"
IOP,0.00065692,"2017-07-04 07:05:01"
IOP,0.00065692,"2017-07-04 07:10:01"
IOP,0.00065692,"2017-07-04 07:15:01"
IOP,0.00065692,"2017-07-04 07:20:01"
IOP,0.00065692,"2017-07-04 07:25:01"
IOP,0.00065692,"2017-07-04 07:30:01"
IOP,0.00065692,"2017-07-04 07:35:01"
IOP,0.00065692,"2017-07-04 07:40:01"
IOP,0.00065692,"2017-07-04 07:45:02"
IOP,0.00065692,"2017-07-04 07:50:01"
IOP,0.00065692,"2017-07-04 07:55:01"
IOP,0.00065692,"2017-07-04 08:00:01"
IOP,0.00065692,"2017-07-04 08:05:01"
IOP,0.0006573,"2017-07-04 08:10:03"
IOP,0.0006573,"2017-07-04 08:15:02"
IOP,0.0006358,"2017-07-04 08:20:02"
IOP,0.0006358,"2017-07-04 08:25:01"
IOP,0.0006358,"2017-07-04 08:30:02"
IOP,0.0006358,"2017-07-04 08:35:01"
IOP,0.0006358,"2017-07-04 08:40:01"
IOP,0.00063481,"2017-07-04 08:45:02"
IOP,0.00063481,"2017-07-04 08:50:01"
IOP,0.00063481,"2017-07-04 08:55:01"
IOP,0.00063481,"2017-07-04 09:00:02"
IOP,0.00063481,"2017-07-04 09:05:01"
IOP,0.00065647,"2017-07-04 09:10:01"
IOP,0.00065647,"2017-07-04 09:15:02"
IOP,0.00063489,"2017-07-04 09:20:02"
IOP,0.00063482,"2017-07-04 09:25:01"
IOP,0.00063482,"2017-07-04 09:30:03"
IOP,0.00063488,"2017-07-04 09:35:01"
IOP,0.00063488,"2017-07-04 09:40:02"
IOP,0.00063102,"2017-07-04 09:45:01"
IOP,0.00063102,"2017-07-04 09:50:01"
IOP,0.00063102,"2017-07-04 09:55:01"
IOP,0.00063102,"2017-07-04 10:00:02"
IOP,0.00063102,"2017-07-04 10:05:02"
IOP,0.00065245,"2017-07-04 10:10:01"
IOP,0.00065245,"2017-07-04 10:15:01"
IOP,0.00065245,"2017-07-04 10:20:01"
IOP,0.0006514,"2017-07-04 10:25:01"
IOP,0.0006514,"2017-07-04 10:30:02"
IOP,0.00062557,"2017-07-04 10:35:02"
IOP,0.00062557,"2017-07-04 10:40:02"
IOP,0.00062557,"2017-07-04 10:45:01"
IOP,0.00062557,"2017-07-04 10:50:02"
IOP,0.00062557,"2017-07-04 10:55:01"
IOP,0.00062557,"2017-07-04 11:00:02"
IOP,0.00063,"2017-07-04 11:05:02"
IOP,0.00063,"2017-07-04 11:10:02"
IOP,0.00064801,"2017-07-04 11:15:02"
IOP,0.00064801,"2017-07-04 11:20:01"
IOP,0.00064801,"2017-07-04 11:25:02"
IOP,0.00064801,"2017-07-04 11:30:02"
IOP,0.00062528,"2017-07-04 11:35:01"
IOP,0.00063,"2017-07-04 11:40:02"
IOP,0.00063,"2017-07-04 11:45:01"
IOP,0.00063,"2017-07-04 11:50:02"
IOP,0.00066396,"2017-07-04 11:55:01"
IOP,0.00066396,"2017-07-04 12:00:05"
IOP,0.00066396,"2017-07-04 12:05:02"
IOP,0.00066392,"2017-07-04 12:10:01"
IOP,0.00066392,"2017-07-04 12:15:02"
IOP,0.00066392,"2017-07-04 12:20:01"
IOP,0.00066392,"2017-07-04 12:25:03"
IOP,0.00066392,"2017-07-04 12:30:01"
IOP,0.00066392,"2017-07-04 12:35:02"
IOP,0.00066397,"2017-07-04 12:40:01"
IOP,0.00066397,"2017-07-04 12:45:02"
IOP,0.00066397,"2017-07-04 12:50:01"
IOP,0.00063558,"2017-07-04 12:55:02"
IOP,0.00063558,"2017-07-04 13:00:03"
IOP,0.00063558,"2017-07-04 13:05:01"
IOP,0.00063558,"2017-07-04 13:10:04"
IOP,0.00066397,"2017-07-04 13:15:01"
IOP,0.00066397,"2017-07-04 13:20:01"
IOP,0.00066397,"2017-07-04 13:25:01"
IOP,0.00066729,"2017-07-04 13:30:02"
IOP,0.00066729,"2017-07-04 13:35:01"
IOP,0.00066729,"2017-07-04 13:40:02"
IOP,0.00066729,"2017-07-04 13:45:01"
IOP,0.00066729,"2017-07-04 13:50:02"
IOP,0.00066729,"2017-07-04 13:55:01"
IOP,0.00067062,"2017-07-04 14:00:02"
IOP,0.00067062,"2017-07-04 14:05:02"
IOP,0.00063134,"2017-07-04 14:10:01"
IOP,0.00063134,"2017-07-04 14:15:02"
IOP,0.0006706,"2017-07-04 14:20:01"
IOP,0.0006706,"2017-07-04 14:25:02"
IOP,0.00067062,"2017-07-04 14:30:01"
IOP,0.00067062,"2017-07-04 14:35:02"
IOP,0.00066996,"2017-07-04 14:40:01"
IOP,0.00067,"2017-07-04 14:45:02"
IOP,0.00066868,"2017-07-04 14:50:02"
IOP,0.00066795,"2017-07-04 14:55:01"
IOP,0.00060802,"2017-07-04 15:00:02"
IOP,0.00063429,"2017-07-04 15:05:01"
IOP,0.00061005,"2017-07-04 15:10:02"
IOP,0.0006332,"2017-07-04 15:15:01"
IOP,0.00063319,"2017-07-04 15:20:02"
IOP,0.00063319,"2017-07-04 15:25:01"
IOP,0.00063319,"2017-07-04 15:30:02"
IOP,0.00063319,"2017-07-04 15:35:01"
IOP,0.00063319,"2017-07-04 15:40:02"
IOP,0.00063319,"2017-07-04 15:45:01"
IOP,0.0006005,"2017-07-04 15:50:01"
IOP,0.00060227,"2017-07-04 15:55:01"
IOP,0.00063187,"2017-07-04 16:00:01"
IOP,0.00063107,"2017-07-04 16:05:02"
IOP,0.00063045,"2017-07-04 16:10:02"
IOP,0.000625,"2017-07-04 16:15:01"
IOP,0.00062899,"2017-07-04 16:20:01"
IOP,0.000629,"2017-07-04 16:25:01"
IOP,0.000629,"2017-07-04 16:30:01"
IOP,0.00062899,"2017-07-04 16:35:01"
IOP,0.00062899,"2017-07-04 16:40:02"
IOP,0.00062899,"2017-07-04 16:45:01"
IOP,0.00062899,"2017-07-04 16:50:01"
IOP,0.00062899,"2017-07-04 16:55:02"
IOP,0.000629,"2017-07-04 17:00:01"
IOP,0.00060056,"2017-07-04 17:05:01"
IOP,0.00062851,"2017-07-04 17:10:01"
IOP,0.00062773,"2017-07-04 17:15:01"
IOP,0.00062695,"2017-07-04 17:20:01"
IOP,0.00062499,"2017-07-04 17:25:02"
IOP,0.00061034,"2017-07-04 17:30:01"
IOP,0.00061043,"2017-07-04 17:35:02"
IOP,0.00061043,"2017-07-04 17:40:02"
IOP,0.00061043,"2017-07-04 17:45:01"
IOP,0.00061048,"2017-07-04 17:50:02"
IOP,0.0006105,"2017-07-04 17:55:02"
IOP,0.00098888,"2017-07-04 18:00:03"
IOP,0.00070014,"2017-07-04 18:05:02"
IOP,0.00066039,"2017-07-04 18:10:01"
IOP,0.00066107,"2017-07-04 18:15:01"
IOP,0.00067991,"2017-07-04 18:20:02"
IOP,0.00067971,"2017-07-04 18:25:01"
IOP,0.00067951,"2017-07-04 18:30:02"
IOP,0.00066108,"2017-07-04 18:35:06"
IOP,0.00071682,"2017-07-04 18:40:02"
IOP,0.00072951,"2017-07-04 18:45:01"
IOP,0.00070678,"2017-07-04 18:50:01"
IOP,0.00070678,"2017-07-04 18:55:01"
IOP,0.00070678,"2017-07-04 19:00:02"
IOP,0.00070649,"2017-07-04 19:05:03"
IOP,0.00068986,"2017-07-04 19:10:02"
IOP,0.00067,"2017-07-04 19:15:02"
IOP,0.00068999,"2017-07-04 19:20:01"
IOP,0.000681,"2017-07-04 19:25:01"
IOP,0.00067007,"2017-07-04 19:30:02"
IOP,0.00067007,"2017-07-04 19:35:02"
IOP,0.00067007,"2017-07-04 19:40:02"
IOP,0.00067007,"2017-07-04 19:45:02"
IOP,0.00067007,"2017-07-04 19:50:03"
IOP,0.00067109,"2017-07-04 19:55:01"
IOP,0.00067,"2017-07-04 20:00:02"
IOP,0.00067,"2017-07-04 20:05:02"
IOP,0.00067095,"2017-07-04 20:10:01"
IOP,0.00067095,"2017-07-04 20:15:01"
IOP,0.00068994,"2017-07-04 20:20:01"
IOP,0.00069,"2017-07-04 20:25:02"
IOP,0.00069,"2017-07-04 20:30:02"
IOP,0.00069,"2017-07-04 20:35:01"
IOP,0.00069,"2017-07-04 20:40:02"
IOP,0.00069,"2017-07-04 20:45:01"
IOP,0.00071634,"2017-07-04 20:50:01"
IOP,0.00070992,"2017-07-04 20:55:02"
IOP,0.00070992,"2017-07-04 21:00:02"
IOP,0.00065572,"2017-07-04 21:05:02"
IOP,0.00065572,"2017-07-04 21:10:01"
IOP,0.00065572,"2017-07-04 21:15:02"
IOP,0.00068413,"2017-07-04 21:20:02"
IOP,0.00068524,"2017-07-04 21:25:01"
IOP,0.00068524,"2017-07-04 21:30:01"
IOP,0.00068524,"2017-07-04 21:35:02"
IOP,0.00068624,"2017-07-04 21:40:02"
IOP,0.00077007,"2017-07-04 21:45:02"
IOP,0.00082001,"2017-07-04 21:50:04"
IOP,0.00076206,"2017-07-04 21:55:01"
IOP,0.00077398,"2017-07-04 22:00:02"
IOP,0.00074273,"2017-07-04 22:05:02"
IOP,0.00072498,"2017-07-04 22:10:01"
IOP,0.0006906,"2017-07-04 22:15:02"
IOP,0.00068,"2017-07-04 22:20:02"
IOP,0.00068,"2017-07-04 22:25:01"
IOP,0.00068,"2017-07-04 22:30:02"
IOP,0.00071638,"2017-07-04 22:35:01"
IOP,0.00071638,"2017-07-04 22:40:01"
IOP,0.00072876,"2017-07-04 22:45:02"
IOP,0.00072876,"2017-07-04 22:50:02"
IOP,0.00072876,"2017-07-04 22:55:01"
IOP,0.00072876,"2017-07-04 23:00:01"
IOP,0.00071161,"2017-07-04 23:05:01"
IOP,0.00070001,"2017-07-04 23:10:02"
IOP,0.00071,"2017-07-04 23:15:02"
IOP,0.00071,"2017-07-04 23:20:01"
IOP,0.00072,"2017-07-04 23:25:01"
IOP,0.00072,"2017-07-04 23:30:02"
IOP,0.00072,"2017-07-04 23:35:03"
IOP,0.00072,"2017-07-04 23:40:01"
IOP,0.00071,"2017-07-04 23:45:01"
IOP,0.00066151,"2017-07-04 23:50:01"
IOP,0.00071999,"2017-07-04 23:55:01"
IOP,0.00071999,"2017-07-05 00:00:02"
IOP,0.00067289,"2017-07-05 00:05:01"
IOP,0.00068064,"2017-07-05 00:10:02"
IOP,0.00070955,"2017-07-05 00:15:01"
IOP,0.00070886,"2017-07-05 00:20:01"
IOP,0.00070886,"2017-07-05 00:25:02"
IOP,0.00070886,"2017-07-05 00:30:02"
IOP,0.00070886,"2017-07-05 00:35:02"
IOP,0.00068961,"2017-07-05 00:40:02"
IOP,0.00068107,"2017-07-05 00:45:02"
IOP,0.0006805,"2017-07-05 00:50:01"
IOP,0.0006805,"2017-07-05 00:55:02"
IOP,0.0006805,"2017-07-05 01:00:02"
IOP,0.0006805,"2017-07-05 01:05:02"
IOP,0.00068122,"2017-07-05 01:10:01"
IOP,0.00068116,"2017-07-05 01:15:01"
IOP,0.00068116,"2017-07-05 01:20:01"
IOP,0.00068116,"2017-07-05 01:25:02"
IOP,0.00068052,"2017-07-05 01:30:02"
IOP,0.00068052,"2017-07-05 01:35:01"
IOP,0.00068052,"2017-07-05 01:40:02"
IOP,0.0006805,"2017-07-05 01:45:02"
IOP,0.0006805,"2017-07-05 01:50:02"
IOP,0.0006805,"2017-07-05 01:55:01"
IOP,0.00066999,"2017-07-05 02:00:01"
IOP,0.00065758,"2017-07-05 02:05:01"
IOP,0.00065758,"2017-07-05 02:10:01"
IOP,0.00065468,"2017-07-05 02:15:01"
IOP,0.00061212,"2017-07-05 02:20:02"
IOP,0.00050001,"2017-07-05 02:25:01"
IOP,0.00048986,"2017-07-05 02:30:01"
IOP,0.00051301,"2017-07-05 02:35:01"
IOP,0.00051817,"2017-07-05 02:40:01"
IOP,0.00051299,"2017-07-05 02:45:01"
IOP,0.0005001,"2017-07-05 02:50:02"
IOP,0.0005233,"2017-07-05 02:55:02"
IOP,0.00053887,"2017-07-05 03:00:01"
IOP,0.00058748,"2017-07-05 03:05:02"
IOP,0.00057722,"2017-07-05 03:10:02"
IOP,0.00056741,"2017-07-05 03:15:01"
IOP,0.0005595,"2017-07-05 03:20:02"
IOP,0.00055922,"2017-07-05 03:25:01"
IOP,0.00054653,"2017-07-05 03:30:01"
IOP,0.00055951,"2017-07-05 03:35:02"
IOP,0.00054104,"2017-07-05 03:40:02"
IOP,0.00054104,"2017-07-05 03:45:01"
IOP,0.00054104,"2017-07-05 03:50:02"
IOP,0.00054238,"2017-07-05 03:55:02"
IOP,0.00054238,"2017-07-05 04:00:02"
IOP,0.00055905,"2017-07-05 04:05:02"
IOP,0.00055905,"2017-07-05 04:10:02"
IOP,0.00055825,"2017-07-05 04:15:01"
IOP,0.0005421,"2017-07-05 04:20:01"
IOP,0.00054103,"2017-07-05 04:25:01"
IOP,0.00054103,"2017-07-05 04:30:01"
IOP,0.00054103,"2017-07-05 04:35:01"
IOP,0.00054103,"2017-07-05 04:40:01"
IOP,0.00052353,"2017-07-05 04:45:01"
IOP,0.00052353,"2017-07-05 04:50:02"
IOP,0.00054231,"2017-07-05 04:55:02"
IOP,0.00055847,"2017-07-05 05:00:01"
IOP,0.00055837,"2017-07-05 05:05:01"
IOP,0.0005595,"2017-07-05 05:10:02"
IOP,0.0005595,"2017-07-05 05:15:01"
IOP,0.0005595,"2017-07-05 05:20:02"
IOP,0.00053786,"2017-07-05 05:25:01"
IOP,0.00054234,"2017-07-05 05:30:02"
IOP,0.00054234,"2017-07-05 05:35:02"
IOP,0.00056917,"2017-07-05 05:40:01"
IOP,0.00058006,"2017-07-05 05:45:02"
IOP,0.000574,"2017-07-05 05:50:02"
IOP,0.00058398,"2017-07-05 05:55:01"
IOP,0.000575,"2017-07-05 06:00:01"
IOP,0.000575,"2017-07-05 06:05:01"
IOP,0.000575,"2017-07-05 06:10:02"
IOP,0.000575,"2017-07-05 06:15:01"
IOP,0.000575,"2017-07-05 06:20:02"
IOP,0.00057001,"2017-07-05 06:25:01"
IOP,0.00057001,"2017-07-05 06:30:02"
IOP,0.00057001,"2017-07-05 06:35:01"
IOP,0.00057092,"2017-07-05 06:40:04"
IOP,0.00057002,"2017-07-05 06:45:01"
IOP,0.00057002,"2017-07-05 06:50:01"
IOP,0.0005701,"2017-07-05 06:55:01"
IOP,0.0005701,"2017-07-05 07:00:02"
IOP,0.0005701,"2017-07-05 07:05:02"
IOP,0.0005701,"2017-07-05 07:10:01"
IOP,0.0005702,"2017-07-05 07:15:01"
IOP,0.00057002,"2017-07-05 07:20:01"
IOP,0.00057001,"2017-07-05 07:25:01"
IOP,0.00057001,"2017-07-05 07:30:02"
IOP,0.00057001,"2017-07-05 07:35:02"
IOP,0.00057467,"2017-07-05 07:40:02"
IOP,0.00057002,"2017-07-05 07:45:02"
IOP,0.00057467,"2017-07-05 07:50:01"
IOP,0.00057002,"2017-07-05 07:55:01"
IOP,0.00057002,"2017-07-05 08:00:02"
IOP,0.00057002,"2017-07-05 08:05:03"
IOP,0.00057002,"2017-07-05 08:10:01"
IOP,0.00059156,"2017-07-05 08:15:01"
IOP,0.00057434,"2017-07-05 08:20:02"
IOP,0.00059154,"2017-07-05 08:25:02"
IOP,0.00059154,"2017-07-05 08:30:02"
IOP,0.00059154,"2017-07-05 08:35:01"
IOP,0.00059154,"2017-07-05 08:40:02"
IOP,0.00059188,"2017-07-05 08:45:01"
IOP,0.00059188,"2017-07-05 08:50:01"
IOP,0.00059188,"2017-07-05 08:55:02"
IOP,0.00059188,"2017-07-05 09:00:02"
IOP,0.0005726,"2017-07-05 09:05:01"
IOP,0.00059188,"2017-07-05 09:10:01"
IOP,0.00059188,"2017-07-05 09:15:02"
IOP,0.00057278,"2017-07-05 09:20:02"
IOP,0.00059187,"2017-07-05 09:25:01"
IOP,0.00059187,"2017-07-05 09:30:02"
IOP,0.00058421,"2017-07-05 09:35:02"
IOP,0.00059,"2017-07-05 09:40:01"
IOP,0.00059,"2017-07-05 09:45:02"
IOP,0.00058703,"2017-07-05 09:50:01"
IOP,0.00058703,"2017-07-05 09:55:02"
IOP,0.00058703,"2017-07-05 10:00:01"
IOP,0.00058703,"2017-07-05 10:05:01"
IOP,0.00058703,"2017-07-05 10:10:02"
IOP,0.00059001,"2017-07-05 10:15:01"
IOP,0.00058701,"2017-07-05 10:20:02"
IOP,0.00055011,"2017-07-05 10:25:02"
IOP,0.00055011,"2017-07-05 10:30:01"
IOP,0.00055011,"2017-07-05 10:35:03"
IOP,0.00055011,"2017-07-05 10:40:02"
IOP,0.00047369,"2017-07-05 10:45:01"
IOP,0.00053108,"2017-07-05 10:50:01"
IOP,0.00049993,"2017-07-05 10:55:02"
IOP,0.00052042,"2017-07-05 11:00:01"
IOP,0.00052169,"2017-07-05 11:05:02"
IOP,0.0005311,"2017-07-05 11:10:01"
IOP,0.0005311,"2017-07-05 11:15:01"
IOP,0.00053993,"2017-07-05 11:20:01"
IOP,0.00053993,"2017-07-05 11:25:02"
IOP,0.00056008,"2017-07-05 11:30:02"
IOP,0.00055954,"2017-07-05 11:35:02"
IOP,0.00055954,"2017-07-05 11:40:01"
IOP,0.0005697,"2017-07-05 11:45:02"
IOP,0.00056968,"2017-07-05 11:50:01"
IOP,0.00052791,"2017-07-05 11:55:01"
IOP,0.00056959,"2017-07-05 12:00:02"
IOP,0.00053885,"2017-07-05 12:05:03"
IOP,0.00053781,"2017-07-05 12:10:01"
IOP,0.00053781,"2017-07-05 12:15:02"
IOP,0.00053781,"2017-07-05 12:20:02"
IOP,0.0005329,"2017-07-05 12:25:02"
IOP,0.00053289,"2017-07-05 12:30:01"
IOP,0.00053289,"2017-07-05 12:35:01"
IOP,0.0005233,"2017-07-05 12:40:01"
IOP,0.000505,"2017-07-05 12:45:01"
IOP,0.00053208,"2017-07-05 12:50:02"
IOP,0.00053261,"2017-07-05 12:55:01"
IOP,0.00053261,"2017-07-05 13:00:02"
IOP,0.00053189,"2017-07-05 13:05:02"
IOP,0.00053189,"2017-07-05 13:10:01"
IOP,0.00052268,"2017-07-05 13:15:02"
IOP,0.00052268,"2017-07-05 13:20:02"
IOP,0.00052268,"2017-07-05 13:25:01"
IOP,0.00052268,"2017-07-05 13:30:01"
IOP,0.00052997,"2017-07-05 13:35:02"
IOP,0.00052997,"2017-07-05 13:40:01"
IOP,0.0005327,"2017-07-05 13:45:01"
IOP,0.00053904,"2017-07-05 13:50:02"
IOP,0.0005386,"2017-07-05 13:55:02"
IOP,0.0005386,"2017-07-05 14:00:02"
IOP,0.00052997,"2017-07-05 14:05:02"
IOP,0.00052997,"2017-07-05 14:10:02"
IOP,0.00052409,"2017-07-05 14:15:03"
IOP,0.00053884,"2017-07-05 14:20:02"
IOP,0.00053884,"2017-07-05 14:25:03"
IOP,0.00053898,"2017-07-05 14:30:01"
IOP,0.00056107,"2017-07-05 14:35:02"
IOP,0.00056009,"2017-07-05 14:40:01"
IOP,0.00056009,"2017-07-05 14:45:02"
IOP,0.00053684,"2017-07-05 14:50:01"
IOP,0.00053684,"2017-07-05 14:55:01"
IOP,0.00053684,"2017-07-05 15:00:01"
IOP,0.00053684,"2017-07-05 15:05:01"
IOP,0.00053203,"2017-07-05 15:10:01"
IOP,0.0005597,"2017-07-05 15:15:02"
IOP,0.0005597,"2017-07-05 15:20:02"
IOP,0.00055834,"2017-07-05 15:25:01"
IOP,0.00055834,"2017-07-05 15:30:01"
IOP,0.00056,"2017-07-05 15:35:01"
IOP,0.00056078,"2017-07-05 15:40:01"
IOP,0.00056078,"2017-07-05 15:45:02"
IOP,0.00056097,"2017-07-05 15:50:02"
IOP,0.00054008,"2017-07-05 15:55:01"
IOP,0.00054661,"2017-07-05 16:00:01"
IOP,0.00056102,"2017-07-05 16:05:01"
IOP,0.00056102,"2017-07-05 16:10:02"
IOP,0.00054031,"2017-07-05 16:15:02"
IOP,0.00054031,"2017-07-05 16:20:02"
IOP,0.00055875,"2017-07-05 16:25:01"
IOP,0.00055875,"2017-07-05 16:30:02"
IOP,0.00054032,"2017-07-05 16:35:01"
IOP,0.00054035,"2017-07-05 16:40:01"
IOP,0.00054035,"2017-07-05 16:45:02"
IOP,0.00055762,"2017-07-05 16:50:02"
IOP,0.00055762,"2017-07-05 16:55:01"
IOP,0.00055762,"2017-07-05 17:00:02"
IOP,0.00055868,"2017-07-05 17:05:02"
IOP,0.00055869,"2017-07-05 17:10:02"
IOP,0.00055869,"2017-07-05 17:15:01"
IOP,0.0005588,"2017-07-05 17:20:02"
IOP,0.0005588,"2017-07-05 17:25:01"
IOP,0.00055762,"2017-07-05 17:30:02"
IOP,0.00054034,"2017-07-05 17:35:02"
IOP,0.00054034,"2017-07-05 17:40:01"
IOP,0.00054035,"2017-07-05 17:45:02"
IOP,0.00054035,"2017-07-05 17:50:01"
IOP,0.00054035,"2017-07-05 17:55:02"
IOP,0.00054035,"2017-07-05 18:00:01"
IOP,0.00054057,"2017-07-05 18:05:02"
IOP,0.00054679,"2017-07-05 18:10:01"
IOP,0.00055848,"2017-07-05 18:15:02"
IOP,0.00054068,"2017-07-05 18:20:01"
IOP,0.00054082,"2017-07-05 18:25:02"
IOP,0.00055813,"2017-07-05 18:30:01"
IOP,0.00055813,"2017-07-05 18:35:05"
IOP,0.00055813,"2017-07-05 18:40:02"
IOP,0.00055448,"2017-07-05 18:45:02"
IOP,0.00055384,"2017-07-05 18:50:01"
IOP,0.00055384,"2017-07-05 18:55:01"
IOP,0.00055384,"2017-07-05 19:00:02"
IOP,0.00055384,"2017-07-05 19:05:02"
IOP,0.000555,"2017-07-05 19:10:01"
IOP,0.000555,"2017-07-05 19:15:02"
IOP,0.00055784,"2017-07-05 19:20:02"
IOP,0.00055783,"2017-07-05 19:25:04"
IOP,0.00055783,"2017-07-05 19:30:02"
IOP,0.00055783,"2017-07-05 19:35:02"
IOP,0.000555,"2017-07-05 19:40:02"
IOP,0.000555,"2017-07-05 19:45:01"
IOP,0.000555,"2017-07-05 19:50:01"
IOP,0.000555,"2017-07-05 19:55:02"
IOP,0.00055498,"2017-07-05 20:00:02"
IOP,0.00055498,"2017-07-05 20:05:01"
IOP,0.000555,"2017-07-05 20:10:02"
IOP,0.000555,"2017-07-05 20:15:02"
IOP,0.000555,"2017-07-05 20:20:01"
IOP,0.000555,"2017-07-05 20:25:06"
IOP,0.000555,"2017-07-05 20:30:02"
IOP,0.0005555,"2017-07-05 20:35:02"
IOP,0.00055549,"2017-07-05 20:40:01"
IOP,0.00055547,"2017-07-05 20:45:01"
IOP,0.00055547,"2017-07-05 20:50:01"
IOP,0.00053983,"2017-07-05 20:55:01"
IOP,0.00055336,"2017-07-05 21:00:02"
IOP,0.00053702,"2017-07-05 21:05:01"
IOP,0.00053702,"2017-07-05 21:10:01"
IOP,0.00053702,"2017-07-05 21:15:01"
IOP,0.00054886,"2017-07-05 21:20:01"
IOP,0.00051,"2017-07-05 21:25:01"
IOP,0.00054901,"2017-07-05 21:30:02"
IOP,0.00054901,"2017-07-05 21:35:01"
IOP,0.00054901,"2017-07-05 21:40:01"
IOP,0.00054797,"2017-07-05 21:45:02"
IOP,0.00054774,"2017-07-05 21:50:01"
IOP,0.00054638,"2017-07-05 21:55:02"
IOP,0.00054321,"2017-07-05 22:00:02"
IOP,0.00054624,"2017-07-05 22:05:04"
IOP,0.000546,"2017-07-05 22:10:01"
IOP,0.00054511,"2017-07-05 22:15:01"
IOP,0.00054511,"2017-07-05 22:20:01"
IOP,0.00054421,"2017-07-05 22:25:01"
IOP,0.00054353,"2017-07-05 22:30:01"
IOP,0.00054637,"2017-07-05 22:35:01"
IOP,0.00054638,"2017-07-05 22:40:02"
IOP,0.00054638,"2017-07-05 22:45:02"
IOP,0.00054637,"2017-07-05 22:50:01"
IOP,0.00054637,"2017-07-05 22:55:01"
IOP,0.00054637,"2017-07-05 23:00:02"
IOP,0.00054637,"2017-07-05 23:05:01"
IOP,0.00054637,"2017-07-05 23:10:02"
IOP,0.00054637,"2017-07-05 23:15:01"
IOP,0.00054629,"2017-07-05 23:20:01"
IOP,0.0005463,"2017-07-05 23:25:02"
IOP,0.0005463,"2017-07-05 23:30:01"
IOP,0.0005463,"2017-07-05 23:35:01"
IOP,0.0005463,"2017-07-05 23:40:07"
IOP,0.00054609,"2017-07-05 23:45:02"
IOP,0.00054609,"2017-07-05 23:50:01"
IOP,0.00054609,"2017-07-05 23:55:01"
IOP,0.00054609,"2017-07-06 00:00:02"
IOP,0.00054491,"2017-07-06 00:05:01"
IOP,0.00042733,"2017-07-06 00:10:02"
IOP,0.00045447,"2017-07-06 00:15:01"
IOP,0.00043173,"2017-07-06 00:20:02"
IOP,0.00045795,"2017-07-06 00:25:02"
IOP,0.00046789,"2017-07-06 00:30:02"
IOP,0.00046788,"2017-07-06 00:35:02"
IOP,0.00049777,"2017-07-06 00:40:01"
IOP,0.00048978,"2017-07-06 00:45:01"
IOP,0.0004886,"2017-07-06 00:50:02"
IOP,0.00048864,"2017-07-06 00:55:01"
IOP,0.00050024,"2017-07-06 01:00:03"
IOP,0.00050024,"2017-07-06 01:05:02"
IOP,0.00050024,"2017-07-06 01:10:01"
IOP,0.00050015,"2017-07-06 01:15:01"
IOP,0.00050994,"2017-07-06 01:20:01"
IOP,0.00050999,"2017-07-06 01:25:01"
IOP,0.00050999,"2017-07-06 01:30:01"
IOP,0.00049999,"2017-07-06 01:35:02"
IOP,0.000485,"2017-07-06 01:40:01"
IOP,0.00048266,"2017-07-06 01:45:01"
IOP,0.00051714,"2017-07-06 01:50:02"
IOP,0.00051714,"2017-07-06 01:55:02"
IOP,0.00051714,"2017-07-06 02:00:02"
IOP,0.00050058,"2017-07-06 02:05:01"
IOP,0.00050135,"2017-07-06 02:10:02"
IOP,0.00050135,"2017-07-06 02:15:02"
IOP,0.00050135,"2017-07-06 02:20:02"
IOP,0.00050135,"2017-07-06 02:25:02"
IOP,0.00050135,"2017-07-06 02:30:01"
IOP,0.00050135,"2017-07-06 02:35:01"
IOP,0.00050135,"2017-07-06 02:40:02"
IOP,0.00050135,"2017-07-06 02:45:01"
IOP,0.00049897,"2017-07-06 02:50:02"
IOP,0.00049897,"2017-07-06 02:55:01"
IOP,0.00049129,"2017-07-06 03:00:01"
IOP,0.00049129,"2017-07-06 03:05:02"
IOP,0.00049871,"2017-07-06 03:10:02"
IOP,0.00049128,"2017-07-06 03:15:03"
IOP,0.00049128,"2017-07-06 03:20:01"
IOP,0.00049128,"2017-07-06 03:25:01"
IOP,0.00049128,"2017-07-06 03:30:02"
IOP,0.00049132,"2017-07-06 03:35:02"
IOP,0.00049132,"2017-07-06 03:40:02"
IOP,0.00049132,"2017-07-06 03:45:02"
IOP,0.00049897,"2017-07-06 03:50:01"
IOP,0.00050135,"2017-07-06 03:55:01"
IOP,0.00052001,"2017-07-06 04:00:02"
IOP,0.00052001,"2017-07-06 04:05:01"
IOP,0.000501,"2017-07-06 04:10:01"
IOP,0.00050106,"2017-07-06 04:15:02"
IOP,0.00050106,"2017-07-06 04:20:01"
IOP,0.00051761,"2017-07-06 04:25:02"
IOP,0.00051761,"2017-07-06 04:30:01"
IOP,0.00051761,"2017-07-06 04:35:02"
IOP,0.0005,"2017-07-06 04:40:02"
IOP,0.0005,"2017-07-06 04:45:01"
IOP,0.00049128,"2017-07-06 04:50:02"
IOP,0.00049128,"2017-07-06 04:55:01"
IOP,0.00049128,"2017-07-06 05:00:03"
IOP,0.00049128,"2017-07-06 05:05:02"
IOP,0.00049128,"2017-07-06 05:10:01"
IOP,0.00049997,"2017-07-06 05:15:01"
IOP,0.0005,"2017-07-06 05:20:02"
IOP,0.0005,"2017-07-06 05:25:01"
IOP,0.0005,"2017-07-06 05:30:01"
IOP,0.0005,"2017-07-06 05:35:01"
IOP,0.0005,"2017-07-06 05:40:02"
IOP,0.00049997,"2017-07-06 05:45:01"
IOP,0.00049997,"2017-07-06 05:50:01"
IOP,0.00049997,"2017-07-06 05:55:02"
IOP,0.00049997,"2017-07-06 06:00:03"
IOP,0.0005,"2017-07-06 06:05:02"
IOP,0.0005,"2017-07-06 06:10:01"
IOP,0.00049996,"2017-07-06 06:15:01"
IOP,0.00049996,"2017-07-06 06:20:02"
IOP,0.00049996,"2017-07-06 06:25:04"
IOP,0.00049996,"2017-07-06 06:30:02"
IOP,0.00049996,"2017-07-06 06:35:09"
IOP,0.00049996,"2017-07-06 06:40:02"
IOP,0.00049996,"2017-07-06 06:45:01"
IOP,0.00049996,"2017-07-06 06:50:02"
IOP,0.00049996,"2017-07-06 06:55:02"
IOP,0.00049193,"2017-07-06 07:00:02"
IOP,0.00049193,"2017-07-06 07:05:01"
IOP,0.00048611,"2017-07-06 07:10:02"
IOP,0.00048611,"2017-07-06 07:15:02"
IOP,0.00048611,"2017-07-06 07:20:02"
IOP,0.0004706,"2017-07-06 07:25:02"
IOP,0.0004706,"2017-07-06 07:30:02"
IOP,0.0004706,"2017-07-06 07:35:01"
IOP,0.00047166,"2017-07-06 07:40:02"
IOP,0.00049412,"2017-07-06 07:45:02"
IOP,0.00047345,"2017-07-06 07:50:02"
IOP,0.00047345,"2017-07-06 07:55:01"
IOP,0.00047355,"2017-07-06 08:00:01"
IOP,0.00047405,"2017-07-06 08:05:02"
IOP,0.00047407,"2017-07-06 08:10:01"
IOP,0.00047395,"2017-07-06 08:15:01"
IOP,0.00047395,"2017-07-06 08:20:01"
IOP,0.00047381,"2017-07-06 08:25:01"
IOP,0.00047395,"2017-07-06 08:30:01"
IOP,0.00047396,"2017-07-06 08:35:01"
IOP,0.00047816,"2017-07-06 08:40:01"
IOP,0.00049857,"2017-07-06 08:45:02"
IOP,0.00047106,"2017-07-06 08:50:01"
IOP,0.00047106,"2017-07-06 08:55:02"
IOP,0.00052659,"2017-07-06 09:00:02"
IOP,0.00050603,"2017-07-06 09:05:02"
IOP,0.00050551,"2017-07-06 09:10:01"
IOP,0.00050551,"2017-07-06 09:15:01"
IOP,0.00050551,"2017-07-06 09:20:02"
IOP,0.00047724,"2017-07-06 09:25:02"
IOP,0.00047724,"2017-07-06 09:30:02"
IOP,0.00047724,"2017-07-06 09:35:02"
IOP,0.00049773,"2017-07-06 09:40:01"
IOP,0.00049773,"2017-07-06 09:45:01"
IOP,0.00049888,"2017-07-06 09:50:02"
IOP,0.00049888,"2017-07-06 09:55:01"
IOP,0.00049807,"2017-07-06 10:00:03"
IOP,0.00049807,"2017-07-06 10:05:01"
IOP,0.00049807,"2017-07-06 10:10:01"
IOP,0.00050829,"2017-07-06 10:15:02"
IOP,0.00050749,"2017-07-06 10:20:02"
IOP,0.00050749,"2017-07-06 10:25:01"
IOP,0.0005072,"2017-07-06 10:30:01"
IOP,0.0005072,"2017-07-06 10:35:02"
IOP,0.0005072,"2017-07-06 10:40:01"
IOP,0.000498,"2017-07-06 10:45:01"
IOP,0.000498,"2017-07-06 10:50:01"
IOP,0.000498,"2017-07-06 10:55:02"
IOP,0.000498,"2017-07-06 11:00:01"
IOP,0.000498,"2017-07-06 11:05:01"
IOP,0.00047668,"2017-07-06 11:10:01"
IOP,0.00047668,"2017-07-06 11:15:02"
IOP,0.00047072,"2017-07-06 11:20:01"
IOP,0.00047072,"2017-07-06 11:25:01"
IOP,0.00047069,"2017-07-06 11:30:02"
IOP,0.00047069,"2017-07-06 11:35:01"
IOP,0.00046226,"2017-07-06 11:40:01"
IOP,0.00046001,"2017-07-06 11:45:01"
IOP,0.00046001,"2017-07-06 11:50:01"
IOP,0.00045009,"2017-07-06 11:55:02"
IOP,0.00045019,"2017-07-06 12:00:01"
IOP,0.00045019,"2017-07-06 12:05:02"
IOP,0.00045969,"2017-07-06 12:10:01"
IOP,0.00046226,"2017-07-06 12:15:01"
IOP,0.00049059,"2017-07-06 12:20:02"
IOP,0.00049059,"2017-07-06 12:25:02"
IOP,0.00049,"2017-07-06 12:30:01"
IOP,0.00049,"2017-07-06 12:35:02"
IOP,0.00049,"2017-07-06 12:40:02"
IOP,0.00049,"2017-07-06 12:45:02"
IOP,0.00049,"2017-07-06 12:50:01"
IOP,0.0004899,"2017-07-06 12:55:05"
IOP,0.00047527,"2017-07-06 13:00:02"
IOP,0.00047527,"2017-07-06 13:05:02"
IOP,0.00048483,"2017-07-06 13:10:01"
IOP,0.00048483,"2017-07-06 13:15:01"
IOP,0.00048483,"2017-07-06 13:20:01"
IOP,0.00047531,"2017-07-06 13:25:01"
IOP,0.00047531,"2017-07-06 13:30:02"
IOP,0.00047629,"2017-07-06 13:35:01"
IOP,0.00047637,"2017-07-06 13:40:02"
IOP,0.00043809,"2017-07-06 13:45:02"
IOP,0.00038921,"2017-07-06 13:50:02"
IOP,0.00039104,"2017-07-06 13:55:02"
IOP,0.00043796,"2017-07-06 14:00:02"
IOP,0.00041908,"2017-07-06 14:05:01"
IOP,0.00042495,"2017-07-06 14:10:02"
IOP,0.00042495,"2017-07-06 14:15:02"
IOP,0.00039205,"2017-07-06 14:20:02"
IOP,0.00039205,"2017-07-06 14:25:02"
IOP,0.00039205,"2017-07-06 14:30:02"
IOP,0.0003924,"2017-07-06 14:35:01"
IOP,0.0003924,"2017-07-06 14:40:02"
IOP,0.0003924,"2017-07-06 14:45:01"
IOP,0.000393,"2017-07-06 14:50:01"
IOP,0.00039,"2017-07-06 14:55:02"
IOP,0.00039016,"2017-07-06 15:00:01"
IOP,0.00039016,"2017-07-06 15:05:03"
IOP,0.00039099,"2017-07-06 15:10:01"
IOP,0.00039099,"2017-07-06 15:15:01"
IOP,0.00039099,"2017-07-06 15:20:02"
IOP,0.000355,"2017-07-06 15:25:01"
IOP,0.0003989,"2017-07-06 15:30:01"
IOP,0.0003696,"2017-07-06 15:35:02"
IOP,0.00038535,"2017-07-06 15:40:01"
IOP,0.000355,"2017-07-06 15:45:01"
IOP,0.00038402,"2017-07-06 15:50:01"
IOP,0.00038268,"2017-07-06 15:55:01"
IOP,0.00037002,"2017-07-06 16:00:02"
IOP,0.00037002,"2017-07-06 16:05:02"
IOP,0.00037182,"2017-07-06 16:10:01"
IOP,0.00037222,"2017-07-06 16:15:02"
IOP,0.00038483,"2017-07-06 16:20:02"
IOP,0.00038456,"2017-07-06 16:25:01"
IOP,0.00037533,"2017-07-06 16:30:02"
IOP,0.00035832,"2017-07-06 16:35:01"
IOP,0.00035845,"2017-07-06 16:40:02"
IOP,0.00035845,"2017-07-06 16:45:02"
IOP,0.00035845,"2017-07-06 16:50:02"
IOP,0.00037828,"2017-07-06 16:55:01"
IOP,0.00037794,"2017-07-06 17:00:02"
IOP,0.00037717,"2017-07-06 17:05:01"
IOP,0.00037691,"2017-07-06 17:10:01"
IOP,0.00037691,"2017-07-06 17:15:01"
IOP,0.00037688,"2017-07-06 17:20:02"
IOP,0.00037102,"2017-07-06 17:25:01"
IOP,0.00037767,"2017-07-06 17:30:02"
IOP,0.00038499,"2017-07-06 17:35:02"
IOP,0.000385,"2017-07-06 17:40:01"
IOP,0.000393,"2017-07-06 17:45:02"
IOP,0.00039376,"2017-07-06 17:50:01"
IOP,0.00039376,"2017-07-06 17:55:02"
IOP,0.00040359,"2017-07-06 18:00:01"
IOP,0.00040334,"2017-07-06 18:05:01"
IOP,0.00039995,"2017-07-06 18:10:02"
IOP,0.0003965,"2017-07-06 18:15:02"
IOP,0.00040425,"2017-07-06 18:20:01"
IOP,0.00040422,"2017-07-06 18:25:02"
IOP,0.00040422,"2017-07-06 18:30:02"
IOP,0.00041048,"2017-07-06 18:35:02"
IOP,0.0004253,"2017-07-06 18:40:01"
IOP,0.0004251,"2017-07-06 18:45:01"
IOP,0.0004251,"2017-07-06 18:50:01"
IOP,0.00040347,"2017-07-06 18:55:01"
IOP,0.00040348,"2017-07-06 19:00:01"
IOP,0.00040156,"2017-07-06 19:05:02"
IOP,0.00041327,"2017-07-06 19:10:01"
IOP,0.00040166,"2017-07-06 19:15:01"
IOP,0.00040166,"2017-07-06 19:20:02"
IOP,0.00040166,"2017-07-06 19:25:02"
IOP,0.00041188,"2017-07-06 19:30:01"
IOP,0.0004015,"2017-07-06 19:35:02"
IOP,0.0004015,"2017-07-06 19:40:02"
IOP,0.0004015,"2017-07-06 19:45:02"
IOP,0.0004015,"2017-07-06 19:50:02"
IOP,0.0004015,"2017-07-06 19:55:02"
IOP,0.0004015,"2017-07-06 20:00:02"
IOP,0.0004015,"2017-07-06 20:05:02"
IOP,0.0004015,"2017-07-06 20:10:03"
IOP,0.0004015,"2017-07-06 20:15:02"
IOP,0.00039987,"2017-07-06 20:20:02"
IOP,0.00039986,"2017-07-06 20:25:01"
IOP,0.000396,"2017-07-06 20:30:02"
IOP,0.00040107,"2017-07-06 20:35:02"
IOP,0.00040146,"2017-07-06 20:40:01"
IOP,0.00040146,"2017-07-06 20:45:02"
IOP,0.00040149,"2017-07-06 20:50:02"
IOP,0.00040149,"2017-07-06 20:55:01"
IOP,0.00040149,"2017-07-06 21:00:02"
IOP,0.00040149,"2017-07-06 21:05:01"
IOP,0.00040149,"2017-07-06 21:10:02"
IOP,0.00040149,"2017-07-06 21:15:01"
IOP,0.00040149,"2017-07-06 21:20:01"
IOP,0.0004015,"2017-07-06 21:25:01"
IOP,0.0004015,"2017-07-06 21:30:02"
IOP,0.0004015,"2017-07-06 21:35:02"
IOP,0.0004015,"2017-07-06 21:40:01"
IOP,0.0004015,"2017-07-06 21:45:02"
IOP,0.0004015,"2017-07-06 21:50:01"
IOP,0.0004015,"2017-07-06 21:55:01"
IOP,0.0004015,"2017-07-06 22:00:02"
IOP,0.0004015,"2017-07-06 22:05:01"
IOP,0.0004015,"2017-07-06 22:10:01"
IOP,0.0004015,"2017-07-06 22:15:02"
IOP,0.0004015,"2017-07-06 22:20:01"
IOP,0.0004015,"2017-07-06 22:25:02"
IOP,0.00039605,"2017-07-06 22:30:02"
IOP,0.000396,"2017-07-06 22:35:01"
IOP,0.00039605,"2017-07-06 22:40:02"
IOP,0.0003961,"2017-07-06 22:45:01"
IOP,0.00039605,"2017-07-06 22:50:02"
IOP,0.0003961,"2017-07-06 22:55:01"
IOP,0.0003961,"2017-07-06 23:00:02"
IOP,0.0003961,"2017-07-06 23:05:02"
IOP,0.00039605,"2017-07-06 23:10:01"
IOP,0.00039605,"2017-07-06 23:15:02"
IOP,0.00039605,"2017-07-06 23:20:02"
IOP,0.00039388,"2017-07-06 23:25:01"
IOP,0.00039351,"2017-07-06 23:30:01"
IOP,0.00039351,"2017-07-06 23:35:02"
IOP,0.00039351,"2017-07-06 23:40:02"
IOP,0.00040463,"2017-07-06 23:45:02"
IOP,0.00040649,"2017-07-06 23:50:01"
IOP,0.0004073,"2017-07-06 23:55:01"
IOP,0.00041072,"2017-07-07 00:00:01"
IOP,0.00041072,"2017-07-07 00:05:01"
IOP,0.00041072,"2017-07-07 00:10:01"
IOP,0.0004199,"2017-07-07 00:15:03"
IOP,0.00041991,"2017-07-07 00:20:04"
IOP,0.00041991,"2017-07-07 00:25:01"
IOP,0.00041991,"2017-07-07 00:30:01"
IOP,0.00041991,"2017-07-07 00:35:01"
IOP,0.00042017,"2017-07-07 00:40:02"
IOP,0.00042019,"2017-07-07 00:45:01"
IOP,0.00042019,"2017-07-07 00:50:01"
IOP,0.00042015,"2017-07-07 00:55:01"
IOP,0.00042015,"2017-07-07 01:00:01"
IOP,0.00042015,"2017-07-07 01:05:01"
IOP,0.0004201,"2017-07-07 01:10:05"
IOP,0.0004201,"2017-07-07 01:15:02"
IOP,0.0004201,"2017-07-07 01:20:01"
IOP,0.0004201,"2017-07-07 01:25:01"
IOP,0.0004201,"2017-07-07 01:30:01"
IOP,0.0004201,"2017-07-07 01:35:01"
IOP,0.0004201,"2017-07-07 01:40:01"
IOP,0.0004201,"2017-07-07 01:45:01"
IOP,0.0004201,"2017-07-07 01:50:01"
IOP,0.0004201,"2017-07-07 01:55:02"
IOP,0.00040012,"2017-07-07 02:00:01"
IOP,0.00039384,"2017-07-07 02:05:01"
IOP,0.00039384,"2017-07-07 02:10:02"
IOP,0.00039076,"2017-07-07 02:15:02"
IOP,0.00038651,"2017-07-07 02:20:01"
IOP,0.00038651,"2017-07-07 02:25:01"
IOP,0.00038651,"2017-07-07 02:30:02"
IOP,0.00039821,"2017-07-07 02:35:02"
IOP,0.00039821,"2017-07-07 02:40:01"
IOP,0.00039821,"2017-07-07 02:45:01"
IOP,0.00039821,"2017-07-07 02:50:02"
IOP,0.00039821,"2017-07-07 02:55:01"
IOP,0.00039821,"2017-07-07 03:00:02"
IOP,0.0003837,"2017-07-07 03:05:01"
IOP,0.0003837,"2017-07-07 03:10:03"
IOP,0.0003837,"2017-07-07 03:15:04"
IOP,0.0003837,"2017-07-07 03:20:02"
IOP,0.0003837,"2017-07-07 03:25:01"
IOP,0.0003837,"2017-07-07 03:30:02"
IOP,0.0003837,"2017-07-07 03:35:01"
IOP,0.0003837,"2017-07-07 03:40:01"
IOP,0.0003837,"2017-07-07 03:45:02"
IOP,0.00039418,"2017-07-07 03:50:02"
IOP,0.00039418,"2017-07-07 03:55:01"
IOP,0.00039418,"2017-07-07 04:00:02"
IOP,0.00039418,"2017-07-07 04:05:01"
IOP,0.00038528,"2017-07-07 04:10:02"
IOP,0.00038528,"2017-07-07 04:15:07"
IOP,0.00038528,"2017-07-07 04:20:02"
IOP,0.00038401,"2017-07-07 04:25:05"
IOP,0.00038401,"2017-07-07 04:30:02"
IOP,0.00038401,"2017-07-07 04:35:02"
IOP,0.00038401,"2017-07-07 04:40:01"
IOP,0.00038959,"2017-07-07 04:45:01"
IOP,0.00038959,"2017-07-07 04:50:01"
IOP,0.00038959,"2017-07-07 04:55:02"
IOP,0.00040007,"2017-07-07 05:00:01"
IOP,0.00040007,"2017-07-07 05:05:01"
IOP,0.00040007,"2017-07-07 05:10:02"
IOP,0.00040007,"2017-07-07 05:15:02"
IOP,0.00040007,"2017-07-07 05:20:02"
IOP,0.00041233,"2017-07-07 05:25:01"
IOP,0.000415,"2017-07-07 05:30:01"
IOP,0.000415,"2017-07-07 05:35:02"
IOP,0.000415,"2017-07-07 05:40:02"
IOP,0.000415,"2017-07-07 05:45:01"
IOP,0.00039502,"2017-07-07 05:55:04"
IOP,0.00039502,"2017-07-07 05:56:12"
IOP,0.00039502,"2017-07-07 06:00:02"
IOP,0.00039502,"2017-07-07 06:05:02"
IOP,0.00039502,"2017-07-07 06:10:01"
IOP,0.00039502,"2017-07-07 06:15:02"
IOP,0.00039178,"2017-07-07 06:20:01"
IOP,0.00039178,"2017-07-07 06:25:02"
IOP,0.00039178,"2017-07-07 06:30:03"
IOP,0.00039178,"2017-07-07 06:35:02"
IOP,0.00039225,"2017-07-07 06:40:01"
IOP,0.00039225,"2017-07-07 06:45:01"
IOP,0.00039225,"2017-07-07 06:50:01"
IOP,0.00039225,"2017-07-07 06:55:01"
IOP,0.00039225,"2017-07-07 07:00:03"
IOP,0.00039225,"2017-07-07 07:05:01"
IOP,0.00039401,"2017-07-07 07:10:02"
IOP,0.00039401,"2017-07-07 07:15:02"
IOP,0.00039401,"2017-07-07 07:20:02"
IOP,0.00039798,"2017-07-07 07:25:01"
IOP,0.00039798,"2017-07-07 07:30:01"
IOP,0.00039918,"2017-07-07 07:35:03"
IOP,0.00039918,"2017-07-07 07:40:01"
IOP,0.00039918,"2017-07-07 07:45:01"
IOP,0.00039918,"2017-07-07 07:50:01"
IOP,0.00039918,"2017-07-07 07:55:01"
IOP,0.00039342,"2017-07-07 08:00:01"
IOP,0.00039342,"2017-07-07 08:05:02"
IOP,0.00039342,"2017-07-07 08:10:01"
IOP,0.00041108,"2017-07-07 08:15:01"
IOP,0.00041108,"2017-07-07 08:20:02"
IOP,0.00039364,"2017-07-07 08:25:02"
IOP,0.00039364,"2017-07-07 08:30:02"
IOP,0.00039364,"2017-07-07 08:35:01"
IOP,0.00039367,"2017-07-07 08:40:04"
IOP,0.00039367,"2017-07-07 08:45:01"
IOP,0.00039367,"2017-07-07 08:50:01"
IOP,0.0004148,"2017-07-07 08:55:01"
IOP,0.0004148,"2017-07-07 09:00:02"
IOP,0.00042996,"2017-07-07 09:05:01"
IOP,0.00044,"2017-07-07 09:10:03"
IOP,0.00044,"2017-07-07 09:15:02"
IOP,0.00044,"2017-07-07 09:20:01"
IOP,0.000421,"2017-07-07 09:25:03"
IOP,0.000421,"2017-07-07 09:30:03"
IOP,0.00041343,"2017-07-07 09:35:03"
IOP,0.00041343,"2017-07-07 09:40:02"
IOP,0.00041343,"2017-07-07 09:45:01"
IOP,0.00041343,"2017-07-07 09:50:03"
IOP,0.00041472,"2017-07-07 09:55:01"
IOP,0.00041359,"2017-07-07 10:00:02"
IOP,0.00041359,"2017-07-07 10:05:01"
IOP,0.00041359,"2017-07-07 10:10:02"
IOP,0.00041359,"2017-07-07 10:15:01"
IOP,0.00041359,"2017-07-07 10:20:01"
IOP,0.00041359,"2017-07-07 10:25:01"
IOP,0.00041359,"2017-07-07 10:30:08"
IOP,0.00041359,"2017-07-07 10:35:02"
IOP,0.00041359,"2017-07-07 10:40:03"
IOP,0.00041341,"2017-07-07 10:45:01"
IOP,0.00041341,"2017-07-07 10:50:05"
IOP,0.00041341,"2017-07-07 10:55:01"
IOP,0.00041341,"2017-07-07 11:00:02"
IOP,0.00041341,"2017-07-07 11:05:01"
IOP,0.00041341,"2017-07-07 11:10:01"
IOP,0.00039401,"2017-07-07 11:15:01"
IOP,0.00039401,"2017-07-07 11:20:02"
IOP,0.000394,"2017-07-07 11:25:01"
IOP,0.000394,"2017-07-07 11:30:01"
IOP,0.00039,"2017-07-07 11:35:01"
IOP,0.00039,"2017-07-07 11:40:01"
IOP,0.00039,"2017-07-07 11:45:02"
IOP,0.00039,"2017-07-07 11:50:02"
IOP,0.00039,"2017-07-07 11:55:01"
IOP,0.00039401,"2017-07-07 12:00:02"
IOP,0.00042121,"2017-07-07 12:05:01"
IOP,0.00042121,"2017-07-07 12:10:01"
IOP,0.00042121,"2017-07-07 12:15:02"
IOP,0.00042121,"2017-07-07 12:20:02"
IOP,0.00042121,"2017-07-07 12:25:01"
IOP,0.00042121,"2017-07-07 12:30:02"
IOP,0.00042121,"2017-07-07 12:35:01"
IOP,0.00042121,"2017-07-07 12:40:04"
IOP,0.00042121,"2017-07-07 12:45:01"
IOP,0.00042121,"2017-07-07 12:50:01"
IOP,0.00042121,"2017-07-07 12:55:01"
IOP,0.00042106,"2017-07-07 13:00:02"
IOP,0.00042106,"2017-07-07 13:05:04"
IOP,0.00042106,"2017-07-07 13:10:01"
IOP,0.00042106,"2017-07-07 13:15:02"
IOP,0.00042106,"2017-07-07 13:20:01"
IOP,0.00042106,"2017-07-07 13:25:01"
IOP,0.00042106,"2017-07-07 13:30:03"
IOP,0.00041804,"2017-07-07 13:35:01"
IOP,0.00041804,"2017-07-07 13:40:01"
IOP,0.00042554,"2017-07-07 13:45:02"
IOP,0.00041804,"2017-07-07 13:50:01"
IOP,0.00041804,"2017-07-07 13:55:02"
IOP,0.00041804,"2017-07-07 14:00:01"
IOP,0.00041804,"2017-07-07 14:05:02"
IOP,0.0004218,"2017-07-07 14:10:01"
IOP,0.00041992,"2017-07-07 14:15:02"
IOP,0.00042557,"2017-07-07 14:20:02"
IOP,0.00041804,"2017-07-07 14:25:02"
IOP,0.00041804,"2017-07-07 14:30:02"
IOP,0.00041804,"2017-07-07 14:35:02"
IOP,0.00041804,"2017-07-07 14:40:01"
IOP,0.00041805,"2017-07-07 14:45:02"
IOP,0.00041805,"2017-07-07 14:50:01"
IOP,0.00041805,"2017-07-07 14:55:01"
IOP,0.00041805,"2017-07-07 15:00:01"
IOP,0.00041805,"2017-07-07 15:05:01"
IOP,0.00041805,"2017-07-07 15:10:01"
IOP,0.00041805,"2017-07-07 15:15:01"
IOP,0.00041805,"2017-07-07 15:20:01"
IOP,0.00041805,"2017-07-07 15:25:02"
IOP,0.00041805,"2017-07-07 15:30:03"
IOP,0.00041805,"2017-07-07 15:35:01"
IOP,0.00043998,"2017-07-07 15:40:01"
IOP,0.00043999,"2017-07-07 15:45:01"
IOP,0.00043474,"2017-07-07 15:50:01"
IOP,0.0004217,"2017-07-07 15:55:02"
IOP,0.00041805,"2017-07-07 16:00:01"
IOP,0.00042159,"2017-07-07 16:05:02"
IOP,0.00044,"2017-07-07 16:10:01"
IOP,0.00049205,"2017-07-07 16:15:02"
IOP,0.00049501,"2017-07-07 16:20:01"
IOP,0.0004999,"2017-07-07 16:25:02"
IOP,0.000435,"2017-07-07 16:30:03"
IOP,0.00041996,"2017-07-07 16:35:02"
IOP,0.00042705,"2017-07-07 16:40:01"
IOP,0.00042702,"2017-07-07 16:45:02"
IOP,0.00041614,"2017-07-07 16:50:01"
IOP,0.00040217,"2017-07-07 16:55:01"
IOP,0.00040275,"2017-07-07 17:00:02"
IOP,0.00040003,"2017-07-07 17:05:02"
IOP,0.0004,"2017-07-07 17:10:01"
IOP,0.00039545,"2017-07-07 17:15:01"
IOP,0.00039544,"2017-07-07 17:20:02"
IOP,0.00039544,"2017-07-07 17:25:01"
IOP,0.00039542,"2017-07-07 17:30:03"
IOP,0.0003942,"2017-07-07 17:35:01"
IOP,0.0003942,"2017-07-07 17:40:01"
IOP,0.0004056,"2017-07-07 17:45:02"
IOP,0.0004056,"2017-07-07 17:50:01"
IOP,0.0004056,"2017-07-07 17:55:02"
IOP,0.0004056,"2017-07-07 18:00:02"
IOP,0.0004056,"2017-07-07 18:05:01"
IOP,0.0003942,"2017-07-07 18:10:02"
IOP,0.00039552,"2017-07-07 18:15:02"
IOP,0.00039588,"2017-07-07 18:20:02"
IOP,0.00039588,"2017-07-07 18:25:01"
IOP,0.00041176,"2017-07-07 18:30:04"
IOP,0.00041176,"2017-07-07 18:35:01"
IOP,0.0003942,"2017-07-07 18:40:01"
IOP,0.0003942,"2017-07-07 18:45:02"
IOP,0.0003942,"2017-07-07 18:50:02"
IOP,0.0003942,"2017-07-07 18:55:02"
IOP,0.00039991,"2017-07-07 19:00:02"
IOP,0.00039991,"2017-07-07 19:05:01"
IOP,0.00039967,"2017-07-07 19:10:02"
IOP,0.00039,"2017-07-07 19:15:02"
IOP,0.00039001,"2017-07-07 19:20:01"
IOP,0.00039001,"2017-07-07 19:25:01"
IOP,0.00039001,"2017-07-07 19:30:02"
IOP,0.00039844,"2017-07-07 19:35:01"
IOP,0.00039844,"2017-07-07 19:40:02"
IOP,0.00039844,"2017-07-07 19:45:04"
IOP,0.00039844,"2017-07-07 19:50:02"
IOP,0.00039844,"2017-07-07 19:55:01"
IOP,0.00039844,"2017-07-07 20:00:01"
IOP,0.00039844,"2017-07-07 20:05:01"
IOP,0.00039844,"2017-07-07 20:10:02"
IOP,0.00039844,"2017-07-07 20:15:02"
IOP,0.00039844,"2017-07-07 20:20:01"
IOP,0.00039812,"2017-07-07 20:25:01"
IOP,0.00039812,"2017-07-07 20:30:02"
IOP,0.00039812,"2017-07-07 20:35:02"
IOP,0.00039812,"2017-07-07 20:40:02"
IOP,0.00039812,"2017-07-07 20:45:01"
IOP,0.00039,"2017-07-07 20:50:01"
IOP,0.00039,"2017-07-07 20:55:01"
IOP,0.00039,"2017-07-07 21:00:03"
IOP,0.00039,"2017-07-07 21:05:01"
IOP,0.00039,"2017-07-07 21:10:05"
IOP,0.00039,"2017-07-07 21:15:01"
IOP,0.00038959,"2017-07-07 21:20:02"
IOP,0.00038959,"2017-07-07 21:25:01"
IOP,0.00038959,"2017-07-07 21:30:02"
IOP,0.00038959,"2017-07-07 21:35:02"
IOP,0.00038959,"2017-07-07 21:40:01"
IOP,0.00038959,"2017-07-07 21:45:01"
IOP,0.00039473,"2017-07-07 21:50:01"
IOP,0.00039473,"2017-07-07 21:55:01"
IOP,0.00039473,"2017-07-07 22:00:02"
IOP,0.00039474,"2017-07-07 22:05:01"
IOP,0.00039474,"2017-07-07 22:10:01"
IOP,0.00039474,"2017-07-07 22:15:01"
IOP,0.00039474,"2017-07-07 22:20:02"
IOP,0.00039474,"2017-07-07 22:25:02"
IOP,0.00039474,"2017-07-07 22:30:01"
IOP,0.00039474,"2017-07-07 22:35:02"
IOP,0.00039474,"2017-07-07 22:40:01"
IOP,0.00038959,"2017-07-07 22:45:02"
IOP,0.00038959,"2017-07-07 22:50:01"
IOP,0.00038959,"2017-07-07 22:55:02"
IOP,0.00041923,"2017-07-07 23:00:01"
IOP,0.00041923,"2017-07-07 23:05:02"
IOP,0.00041923,"2017-07-07 23:10:01"
IOP,0.00041892,"2017-07-07 23:15:04"
IOP,0.00039592,"2017-07-07 23:20:02"
IOP,0.00039592,"2017-07-07 23:25:01"
IOP,0.00039592,"2017-07-07 23:30:02"
IOP,0.00039592,"2017-07-07 23:35:01"
IOP,0.00039592,"2017-07-07 23:40:02"
IOP,0.00039913,"2017-07-07 23:45:01"
IOP,0.00039913,"2017-07-07 23:50:02"
IOP,0.00039913,"2017-07-07 23:55:01"
IOP,0.00039913,"2017-07-08 00:00:11"
IOP,0.00039913,"2017-07-08 00:05:01"
IOP,0.00039913,"2017-07-08 00:10:02"
IOP,0.00039913,"2017-07-08 00:15:01"
IOP,0.00039913,"2017-07-08 00:20:01"
IOP,0.00039913,"2017-07-08 00:25:01"
IOP,0.00039913,"2017-07-08 00:30:01"
IOP,0.00039913,"2017-07-08 00:35:02"
IOP,0.00040977,"2017-07-08 00:40:01"
IOP,0.00040961,"2017-07-08 00:45:02"
IOP,0.00040961,"2017-07-08 00:50:01"
IOP,0.00040961,"2017-07-08 00:55:02"
IOP,0.00040961,"2017-07-08 01:00:02"
IOP,0.00039623,"2017-07-08 01:05:01"
IOP,0.00039623,"2017-07-08 01:10:02"
IOP,0.00039623,"2017-07-08 01:15:01"
IOP,0.00041373,"2017-07-08 01:20:02"
IOP,0.00041373,"2017-07-08 01:25:01"
IOP,0.00041373,"2017-07-08 01:30:02"
IOP,0.00041373,"2017-07-08 01:35:07"
IOP,0.00041309,"2017-07-08 01:40:01"
IOP,0.00040068,"2017-07-08 01:45:01"
IOP,0.00040068,"2017-07-08 01:50:01"
IOP,0.00040068,"2017-07-08 01:55:01"
IOP,0.00040068,"2017-07-08 02:00:02"
IOP,0.00039638,"2017-07-08 02:05:02"
IOP,0.00039667,"2017-07-08 02:10:01"
IOP,0.00039667,"2017-07-08 02:15:01"
IOP,0.00039667,"2017-07-08 02:20:01"
IOP,0.00039667,"2017-07-08 02:25:01"
IOP,0.00039667,"2017-07-08 02:30:02"
IOP,0.00039667,"2017-07-08 02:35:02"
IOP,0.00040074,"2017-07-08 02:40:01"
IOP,0.00040074,"2017-07-08 02:45:01"
IOP,0.00040074,"2017-07-08 02:50:02"
IOP,0.00040074,"2017-07-08 02:55:02"
IOP,0.00040074,"2017-07-08 03:00:02"
IOP,0.00040074,"2017-07-08 03:05:01"
IOP,0.00040074,"2017-07-08 03:10:01"
IOP,0.00040074,"2017-07-08 03:15:01"
IOP,0.00040074,"2017-07-08 03:20:02"
IOP,0.00040074,"2017-07-08 03:25:01"
IOP,0.00040074,"2017-07-08 03:30:01"
IOP,0.00040074,"2017-07-08 03:35:02"
IOP,0.00040074,"2017-07-08 03:40:01"
IOP,0.00040074,"2017-07-08 03:45:01"
IOP,0.00040074,"2017-07-08 03:50:01"
IOP,0.00040074,"2017-07-08 03:55:02"
IOP,0.00040074,"2017-07-08 04:00:02"
IOP,0.00040074,"2017-07-08 04:05:02"
IOP,0.00040019,"2017-07-08 04:10:02"
IOP,0.00040019,"2017-07-08 04:15:02"
IOP,0.00040019,"2017-07-08 04:20:03"
IOP,0.00040019,"2017-07-08 04:25:01"
IOP,0.00040019,"2017-07-08 04:30:01"
IOP,0.00040019,"2017-07-08 04:35:01"
IOP,0.00041649,"2017-07-08 04:40:01"
IOP,0.00041649,"2017-07-08 04:45:02"
IOP,0.00041649,"2017-07-08 04:50:02"
IOP,0.00041649,"2017-07-08 04:55:02"
IOP,0.00041649,"2017-07-08 05:00:03"
IOP,0.00041611,"2017-07-08 05:05:01"
IOP,0.00041579,"2017-07-08 05:10:01"
IOP,0.00041581,"2017-07-08 05:15:01"
IOP,0.00041581,"2017-07-08 05:20:02"
IOP,0.00041581,"2017-07-08 05:25:01"
IOP,0.00041581,"2017-07-08 05:30:01"
IOP,0.000415,"2017-07-08 05:35:01"
IOP,0.000415,"2017-07-08 05:40:02"
IOP,0.00040062,"2017-07-08 05:45:02"
IOP,0.0004,"2017-07-08 05:50:01"
IOP,0.00040001,"2017-07-08 05:55:06"
IOP,0.00040001,"2017-07-08 06:00:02"
IOP,0.00040001,"2017-07-08 06:05:01"
IOP,0.00040001,"2017-07-08 06:10:01"
IOP,0.00040001,"2017-07-08 06:15:01"
IOP,0.00040001,"2017-07-08 06:20:02"
IOP,0.00040001,"2017-07-08 06:25:02"
IOP,0.00038281,"2017-07-08 06:30:02"
IOP,0.00038281,"2017-07-08 06:35:02"
IOP,0.00038281,"2017-07-08 06:40:02"
IOP,0.00038281,"2017-07-08 06:45:02"
IOP,0.00038281,"2017-07-08 06:50:02"
IOP,0.00038281,"2017-07-08 06:55:01"
IOP,0.00038281,"2017-07-08 07:00:01"
IOP,0.00038281,"2017-07-08 07:05:02"
IOP,0.00038281,"2017-07-08 07:10:01"
IOP,0.00038281,"2017-07-08 07:15:01"
IOP,0.00038281,"2017-07-08 07:20:01"
IOP,0.00038281,"2017-07-08 07:25:02"
IOP,0.00038281,"2017-07-08 07:30:02"
IOP,0.00038281,"2017-07-08 07:35:01"
IOP,0.00038281,"2017-07-08 07:40:02"
IOP,0.00038281,"2017-07-08 07:45:02"
IOP,0.00038281,"2017-07-08 07:50:01"
IOP,0.00038281,"2017-07-08 07:55:01"
IOP,0.00038281,"2017-07-08 08:00:02"
IOP,0.00038281,"2017-07-08 08:05:01"
IOP,0.00038281,"2017-07-08 08:10:01"
IOP,0.00038281,"2017-07-08 08:15:02"
IOP,0.00038281,"2017-07-08 08:20:01"
IOP,0.00041294,"2017-07-08 08:25:01"
IOP,0.00041294,"2017-07-08 08:30:02"
IOP,0.00041294,"2017-07-08 08:35:02"
IOP,0.00041294,"2017-07-08 08:40:01"
IOP,0.00041294,"2017-07-08 08:45:02"
IOP,0.00041294,"2017-07-08 08:50:01"
IOP,0.00041294,"2017-07-08 08:55:02"
IOP,0.00041294,"2017-07-08 09:00:01"
IOP,0.00041294,"2017-07-08 09:05:01"
IOP,0.00041294,"2017-07-08 09:10:01"
IOP,0.00039543,"2017-07-08 09:15:02"
IOP,0.00038315,"2017-07-08 09:20:02"
IOP,0.00038315,"2017-07-08 09:25:02"
IOP,0.00038315,"2017-07-08 09:30:02"
IOP,0.00038315,"2017-07-08 09:35:01"
IOP,0.00038315,"2017-07-08 09:40:01"
IOP,0.00038315,"2017-07-08 09:45:01"
IOP,0.00038315,"2017-07-08 09:50:01"
IOP,0.00038315,"2017-07-08 09:55:01"
IOP,0.00038315,"2017-07-08 10:00:01"
IOP,0.00038315,"2017-07-08 10:05:01"
IOP,0.00038315,"2017-07-08 10:10:01"
IOP,0.00038315,"2017-07-08 10:15:02"
IOP,0.00038315,"2017-07-08 10:20:01"
IOP,0.00038315,"2017-07-08 10:25:02"
IOP,0.00039743,"2017-07-08 10:30:02"
IOP,0.00039743,"2017-07-08 10:35:02"
IOP,0.00039743,"2017-07-08 10:40:01"
IOP,0.00039743,"2017-07-08 10:45:01"
IOP,0.00039743,"2017-07-08 10:50:02"
IOP,0.00039743,"2017-07-08 10:55:01"
IOP,0.00039743,"2017-07-08 11:00:01"
IOP,0.00039294,"2017-07-08 11:05:01"
IOP,0.00039294,"2017-07-08 11:10:02"
IOP,0.00039294,"2017-07-08 11:15:02"
IOP,0.00039294,"2017-07-08 11:20:01"
IOP,0.00039,"2017-07-08 11:25:01"
IOP,0.00039,"2017-07-08 11:30:02"
IOP,0.00039,"2017-07-08 11:35:01"
IOP,0.00039,"2017-07-08 11:40:01"
IOP,0.00039,"2017-07-08 11:45:01"
IOP,0.00039,"2017-07-08 11:50:02"
IOP,0.00039,"2017-07-08 11:55:01"
IOP,0.00039,"2017-07-08 12:00:02"
IOP,0.00039017,"2017-07-08 12:05:01"
IOP,0.0003901,"2017-07-08 12:10:02"
IOP,0.00039034,"2017-07-08 12:15:02"
IOP,0.00039034,"2017-07-08 12:20:01"
IOP,0.00039034,"2017-07-08 12:25:01"
IOP,0.00039034,"2017-07-08 12:30:01"
IOP,0.00039034,"2017-07-08 12:35:01"
IOP,0.00039034,"2017-07-08 12:40:02"
IOP,0.00039034,"2017-07-08 12:45:01"
IOP,0.00039019,"2017-07-08 12:50:01"
IOP,0.00039019,"2017-07-08 12:55:01"
IOP,0.00039019,"2017-07-08 13:00:02"
IOP,0.00039019,"2017-07-08 13:05:01"
IOP,0.00039019,"2017-07-08 13:10:01"
IOP,0.00039019,"2017-07-08 13:15:01"
IOP,0.00039019,"2017-07-08 13:20:02"
IOP,0.00039019,"2017-07-08 13:25:02"
IOP,0.00039019,"2017-07-08 13:30:02"
IOP,0.00039019,"2017-07-08 13:35:02"
IOP,0.00039019,"2017-07-08 13:40:02"
IOP,0.00039019,"2017-07-08 13:45:01"
IOP,0.00039019,"2017-07-08 13:50:01"
IOP,0.00039019,"2017-07-08 13:55:01"
IOP,0.00039019,"2017-07-08 14:00:02"
IOP,0.00039019,"2017-07-08 14:05:01"
IOP,0.00039019,"2017-07-08 14:10:01"
IOP,0.00039019,"2017-07-08 14:15:01"
IOP,0.00039019,"2017-07-08 14:20:01"
IOP,0.00039019,"2017-07-08 14:25:02"
IOP,0.00039019,"2017-07-08 14:30:01"
IOP,0.00039019,"2017-07-08 14:35:01"
IOP,0.00039019,"2017-07-08 14:40:02"
IOP,0.0003978,"2017-07-08 14:45:01"
IOP,0.00039954,"2017-07-08 14:50:01"
IOP,0.00039954,"2017-07-08 14:55:02"
IOP,0.00039954,"2017-07-08 15:00:03"
IOP,0.00041176,"2017-07-08 15:05:02"
IOP,0.00041176,"2017-07-08 15:10:01"
IOP,0.00041176,"2017-07-08 15:15:02"
IOP,0.00041176,"2017-07-08 15:20:01"
IOP,0.00039023,"2017-07-08 15:25:02"
IOP,0.00039061,"2017-07-08 15:30:01"
IOP,0.00039061,"2017-07-08 15:35:01"
IOP,0.00039061,"2017-07-08 15:40:11"
IOP,0.00039061,"2017-07-08 15:45:01"
IOP,0.00040854,"2017-07-08 15:50:01"
IOP,0.00040854,"2017-07-08 15:55:01"
IOP,0.00040854,"2017-07-08 16:00:02"
IOP,0.00040854,"2017-07-08 16:05:02"
IOP,0.00040854,"2017-07-08 16:10:01"
IOP,0.0004,"2017-07-08 16:15:02"
IOP,0.0004,"2017-07-08 16:20:04"
IOP,0.0004,"2017-07-08 16:25:01"
IOP,0.00039161,"2017-07-08 16:30:03"
IOP,0.00039146,"2017-07-08 16:35:01"
IOP,0.00039146,"2017-07-08 16:40:02"
IOP,0.00039146,"2017-07-08 16:45:01"
IOP,0.00039146,"2017-07-08 16:50:01"
IOP,0.00039146,"2017-07-08 16:55:02"
IOP,0.00039146,"2017-07-08 17:00:01"
IOP,0.00039146,"2017-07-08 17:05:02"
IOP,0.00039146,"2017-07-08 17:10:01"
IOP,0.00039146,"2017-07-08 17:15:01"
IOP,0.00039146,"2017-07-08 17:20:02"
IOP,0.00039156,"2017-07-08 17:25:02"
IOP,0.00039156,"2017-07-08 17:30:01"
IOP,0.00039156,"2017-07-08 17:35:01"
IOP,0.00039156,"2017-07-08 17:40:02"
IOP,0.00039156,"2017-07-08 17:45:02"
IOP,0.0004058,"2017-07-08 17:50:01"
IOP,0.0004058,"2017-07-08 17:55:01"
IOP,0.00039245,"2017-07-08 18:00:01"
IOP,0.00040251,"2017-07-08 18:05:06"
IOP,0.00040251,"2017-07-08 18:10:01"
IOP,0.00040251,"2017-07-08 18:15:01"
IOP,0.00040251,"2017-07-08 18:20:01"
IOP,0.00040251,"2017-07-08 18:25:01"
IOP,0.00040251,"2017-07-08 18:30:02"
IOP,0.00037515,"2017-07-08 18:35:02"
IOP,0.00037515,"2017-07-08 18:40:01"
IOP,0.00040154,"2017-07-08 18:45:02"
IOP,0.00040154,"2017-07-08 18:50:02"
IOP,0.00040154,"2017-07-08 18:55:02"
IOP,0.00040154,"2017-07-08 19:00:02"
IOP,0.0003852,"2017-07-08 19:05:02"
IOP,0.0003852,"2017-07-08 19:10:01"
IOP,0.0003852,"2017-07-08 19:15:01"
IOP,0.0003852,"2017-07-08 19:20:02"
IOP,0.00038637,"2017-07-08 19:25:02"
IOP,0.00038637,"2017-07-08 19:30:01"
IOP,0.00038637,"2017-07-08 19:35:01"
IOP,0.00038187,"2017-07-08 19:40:02"
IOP,0.00038187,"2017-07-08 19:45:01"
IOP,0.00038187,"2017-07-08 19:50:01"
IOP,0.00038216,"2017-07-08 19:55:01"
IOP,0.00038205,"2017-07-08 20:00:01"
IOP,0.00038205,"2017-07-08 20:05:01"
IOP,0.00038205,"2017-07-08 20:10:02"
IOP,0.00038205,"2017-07-08 20:15:02"
IOP,0.00038205,"2017-07-08 20:20:01"
IOP,0.00038205,"2017-07-08 20:25:01"
IOP,0.00038205,"2017-07-08 20:30:02"
IOP,0.00038205,"2017-07-08 20:35:01"
IOP,0.00038205,"2017-07-08 20:40:01"
IOP,0.00038205,"2017-07-08 20:45:01"
IOP,0.00038205,"2017-07-08 20:50:01"
IOP,0.00038205,"2017-07-08 20:55:02"
IOP,0.00038205,"2017-07-08 21:00:01"
IOP,0.00038205,"2017-07-08 21:05:01"
IOP,0.00038205,"2017-07-08 21:10:01"
IOP,0.00038205,"2017-07-08 21:15:02"
IOP,0.00038205,"2017-07-08 21:20:01"
IOP,0.00038205,"2017-07-08 21:25:01"
IOP,0.00038205,"2017-07-08 21:30:01"
IOP,0.00038205,"2017-07-08 21:35:01"
IOP,0.00038205,"2017-07-08 21:40:01"
IOP,0.00038205,"2017-07-08 21:45:01"
IOP,0.00038205,"2017-07-08 21:50:01"
IOP,0.00038205,"2017-07-08 21:55:02"
IOP,0.00038205,"2017-07-08 22:00:02"
IOP,0.00038205,"2017-07-08 22:05:02"
IOP,0.00038205,"2017-07-08 22:10:02"
IOP,0.00038205,"2017-07-08 22:15:01"
IOP,0.00038205,"2017-07-08 22:20:01"
IOP,0.00038205,"2017-07-08 22:25:01"
IOP,0.00038205,"2017-07-08 22:30:01"
IOP,0.00038401,"2017-07-08 22:35:01"
IOP,0.00038401,"2017-07-08 22:40:02"
IOP,0.00038401,"2017-07-08 22:45:02"
IOP,0.00038401,"2017-07-08 22:50:01"
IOP,0.00038401,"2017-07-08 22:55:02"
IOP,0.00038401,"2017-07-08 23:00:01"
IOP,0.00038401,"2017-07-08 23:05:01"
IOP,0.00038401,"2017-07-08 23:10:01"
IOP,0.00038401,"2017-07-08 23:15:02"
IOP,0.00038401,"2017-07-08 23:20:01"
IOP,0.00038401,"2017-07-08 23:25:01"
IOP,0.000385,"2017-07-08 23:30:02"
IOP,0.000385,"2017-07-08 23:35:01"
IOP,0.000385,"2017-07-08 23:40:02"
IOP,0.000385,"2017-07-08 23:45:02"
IOP,0.000385,"2017-07-08 23:50:01"
IOP,0.000385,"2017-07-08 23:55:02"
IOP,0.000385,"2017-07-09 00:00:02"
IOP,0.000385,"2017-07-09 00:05:02"
IOP,0.000385,"2017-07-09 00:10:01"
IOP,0.000385,"2017-07-09 00:15:02"
IOP,0.000385,"2017-07-09 00:20:01"
IOP,0.000385,"2017-07-09 00:25:02"
IOP,0.000385,"2017-07-09 00:30:01"
IOP,0.000385,"2017-07-09 00:35:02"
IOP,0.000385,"2017-07-09 00:40:02"
IOP,0.000385,"2017-07-09 00:45:01"
IOP,0.000385,"2017-07-09 00:50:01"
IOP,0.000385,"2017-07-09 00:55:02"
IOP,0.000385,"2017-07-09 01:00:02"
IOP,0.000385,"2017-07-09 01:05:01"
IOP,0.000385,"2017-07-09 01:10:01"
IOP,0.000385,"2017-07-09 01:15:02"
IOP,0.000385,"2017-07-09 01:20:01"
IOP,0.00039,"2017-07-09 01:25:02"
IOP,0.00039,"2017-07-09 01:30:01"
IOP,0.00039,"2017-07-09 01:35:01"
IOP,0.00039,"2017-07-09 01:40:01"
IOP,0.00039,"2017-07-09 01:45:01"
IOP,0.00039,"2017-07-09 01:50:01"
IOP,0.00039,"2017-07-09 01:55:01"
IOP,0.00039,"2017-07-09 02:00:01"
IOP,0.00039,"2017-07-09 02:05:02"
IOP,0.00039,"2017-07-09 02:10:01"
IOP,0.00039,"2017-07-09 02:15:01"
IOP,0.00039,"2017-07-09 02:20:02"
IOP,0.00039,"2017-07-09 02:25:02"
IOP,0.00039,"2017-07-09 02:30:02"
IOP,0.0004,"2017-07-09 02:35:01"
IOP,0.0004,"2017-07-09 02:40:01"
IOP,0.0004,"2017-07-09 02:45:01"
IOP,0.0004,"2017-07-09 02:50:02"
IOP,0.0004,"2017-07-09 02:55:01"
IOP,0.0004,"2017-07-09 03:00:02"
IOP,0.0004,"2017-07-09 03:05:01"
IOP,0.0004,"2017-07-09 03:10:01"
IOP,0.0004,"2017-07-09 03:15:01"
IOP,0.0004,"2017-07-09 03:20:02"
IOP,0.0004,"2017-07-09 03:25:01"
IOP,0.0004,"2017-07-09 03:30:03"
IOP,0.0004,"2017-07-09 03:35:02"
IOP,0.0004,"2017-07-09 03:40:01"
IOP,0.00039022,"2017-07-09 03:45:01"
IOP,0.00039022,"2017-07-09 03:50:01"
IOP,0.00039022,"2017-07-09 03:55:02"
IOP,0.0003815,"2017-07-09 04:00:02"
IOP,0.0003815,"2017-07-09 04:05:02"
IOP,0.0003815,"2017-07-09 04:10:01"
IOP,0.00040229,"2017-07-09 04:15:02"
IOP,0.00040229,"2017-07-09 04:20:01"
IOP,0.00040229,"2017-07-09 04:25:02"
IOP,0.00040229,"2017-07-09 04:30:01"
IOP,0.00040229,"2017-07-09 04:35:02"
IOP,0.00040229,"2017-07-09 04:40:01"
IOP,0.00040229,"2017-07-09 04:45:01"
IOP,0.00040229,"2017-07-09 04:50:01"
IOP,0.00040229,"2017-07-09 04:55:02"
IOP,0.00040229,"2017-07-09 05:00:01"
IOP,0.00040229,"2017-07-09 05:05:02"
IOP,0.00040229,"2017-07-09 05:10:02"
IOP,0.00040229,"2017-07-09 05:15:02"
IOP,0.00040229,"2017-07-09 05:20:01"
IOP,0.00040229,"2017-07-09 05:25:01"
IOP,0.00039534,"2017-07-09 05:30:01"
IOP,0.00039534,"2017-07-09 05:35:01"
IOP,0.00039534,"2017-07-09 05:40:02"
IOP,0.00039534,"2017-07-09 05:45:01"
IOP,0.00039534,"2017-07-09 05:50:01"
IOP,0.00039534,"2017-07-09 05:55:02"
IOP,0.00039534,"2017-07-09 06:00:02"
IOP,0.00039534,"2017-07-09 06:05:01"
IOP,0.00039534,"2017-07-09 06:10:01"
IOP,0.00039534,"2017-07-09 06:15:02"
IOP,0.00039534,"2017-07-09 06:20:01"
IOP,0.00039534,"2017-07-09 06:25:02"
IOP,0.00039534,"2017-07-09 06:30:02"
IOP,0.00039534,"2017-07-09 06:35:01"
IOP,0.00039534,"2017-07-09 06:40:01"
IOP,0.00039534,"2017-07-09 06:45:01"
IOP,0.00039534,"2017-07-09 06:50:01"
IOP,0.00039534,"2017-07-09 06:55:02"
IOP,0.00039534,"2017-07-09 07:00:02"
IOP,0.00039534,"2017-07-09 07:05:02"
IOP,0.00039534,"2017-07-09 07:10:01"
IOP,0.00039534,"2017-07-09 07:15:02"
IOP,0.00039534,"2017-07-09 07:20:01"
IOP,0.00039534,"2017-07-09 07:25:01"
IOP,0.00039534,"2017-07-09 07:30:01"
IOP,0.00039534,"2017-07-09 07:35:01"
IOP,0.0003935,"2017-07-09 07:40:01"
IOP,0.0003935,"2017-07-09 07:45:02"
IOP,0.0003935,"2017-07-09 07:50:01"
IOP,0.0003935,"2017-07-09 07:55:02"
IOP,0.00038122,"2017-07-09 08:00:02"
IOP,0.00039309,"2017-07-09 08:05:01"
IOP,0.00039302,"2017-07-09 08:10:01"
IOP,0.00038103,"2017-07-09 08:15:01"
IOP,0.00039291,"2017-07-09 08:20:01"
IOP,0.00039291,"2017-07-09 08:25:01"
IOP,0.00039291,"2017-07-09 08:30:02"
IOP,0.00039291,"2017-07-09 08:35:01"
IOP,0.00039258,"2017-07-09 08:40:01"
IOP,0.00039258,"2017-07-09 08:45:02"
IOP,0.00039258,"2017-07-09 08:50:01"
IOP,0.00039258,"2017-07-09 08:55:02"
IOP,0.00039258,"2017-07-09 09:00:01"
IOP,0.00039258,"2017-07-09 09:05:02"
IOP,0.00039258,"2017-07-09 09:10:01"
IOP,0.00039258,"2017-07-09 09:15:01"
IOP,0.00039258,"2017-07-09 09:20:02"
IOP,0.00039258,"2017-07-09 09:25:01"
IOP,0.00039258,"2017-07-09 09:30:01"
IOP,0.00039258,"2017-07-09 09:35:01"
IOP,0.00039258,"2017-07-09 09:40:01"
IOP,0.00039258,"2017-07-09 09:45:02"
IOP,0.00039258,"2017-07-09 09:50:01"
IOP,0.00039258,"2017-07-09 09:55:03"
IOP,0.00039258,"2017-07-09 10:00:02"
IOP,0.000394,"2017-07-09 10:05:02"
IOP,0.000394,"2017-07-09 10:10:01"
IOP,0.000394,"2017-07-09 10:15:02"
IOP,0.000394,"2017-07-09 10:20:01"
IOP,0.000394,"2017-07-09 10:25:02"
IOP,0.00039849,"2017-07-09 10:30:02"
IOP,0.00039849,"2017-07-09 10:35:02"
IOP,0.00039,"2017-07-09 10:40:02"
IOP,0.00039002,"2017-07-09 10:45:01"
IOP,0.00039002,"2017-07-09 10:50:01"
IOP,0.00039002,"2017-07-09 10:55:02"
IOP,0.00039002,"2017-07-09 11:00:01"
IOP,0.00039002,"2017-07-09 11:05:01"
IOP,0.00039003,"2017-07-09 11:10:02"
IOP,0.00039003,"2017-07-09 11:15:02"
IOP,0.00039003,"2017-07-09 11:20:02"
IOP,0.00039003,"2017-07-09 11:25:01"
IOP,0.00039003,"2017-07-09 11:30:02"
IOP,0.00039003,"2017-07-09 11:35:02"
IOP,0.00039003,"2017-07-09 11:40:02"
IOP,0.00039003,"2017-07-09 11:45:02"
IOP,0.00039003,"2017-07-09 11:50:01"
IOP,0.00039003,"2017-07-09 11:55:01"
IOP,0.00039003,"2017-07-09 12:00:03"
IOP,0.00039003,"2017-07-09 12:05:02"
IOP,0.00039003,"2017-07-09 12:10:01"
IOP,0.00039003,"2017-07-09 12:15:01"
IOP,0.00039003,"2017-07-09 12:20:01"
IOP,0.00039003,"2017-07-09 12:25:01"
IOP,0.00039003,"2017-07-09 12:30:02"
IOP,0.00039003,"2017-07-09 12:35:01"
IOP,0.00039003,"2017-07-09 12:40:01"
IOP,0.00039003,"2017-07-09 12:45:02"
IOP,0.00039,"2017-07-09 12:50:01"
IOP,0.00039,"2017-07-09 12:55:01"
IOP,0.00039,"2017-07-09 13:00:01"
IOP,0.00039493,"2017-07-09 13:05:01"
IOP,0.00039493,"2017-07-09 13:10:01"
IOP,0.00039493,"2017-07-09 13:15:02"
IOP,0.00039493,"2017-07-09 13:20:01"
IOP,0.00039493,"2017-07-09 13:25:02"
IOP,0.00039,"2017-07-09 13:30:02"
IOP,0.00039,"2017-07-09 13:35:01"
IOP,0.00039,"2017-07-09 13:40:02"
IOP,0.00039413,"2017-07-09 13:45:01"
IOP,0.00039413,"2017-07-09 13:50:01"
IOP,0.00039413,"2017-07-09 13:55:02"
IOP,0.00039413,"2017-07-09 14:00:02"
IOP,0.00039413,"2017-07-09 14:05:01"
IOP,0.00039413,"2017-07-09 14:10:02"
IOP,0.00039413,"2017-07-09 14:15:01"
IOP,0.00039413,"2017-07-09 14:20:01"
IOP,0.000394,"2017-07-09 14:25:01"
IOP,0.00039,"2017-07-09 14:30:01"
IOP,0.00039,"2017-07-09 14:35:02"
IOP,0.00039,"2017-07-09 14:40:02"
IOP,0.00039,"2017-07-09 14:45:01"
IOP,0.00039,"2017-07-09 14:50:01"
IOP,0.00039,"2017-07-09 14:55:02"
IOP,0.00039,"2017-07-09 15:00:01"
IOP,0.00039,"2017-07-09 15:05:01"
IOP,0.00039,"2017-07-09 15:10:02"
IOP,0.00039,"2017-07-09 15:15:01"
IOP,0.000411,"2017-07-09 15:20:01"
IOP,0.000411,"2017-07-09 15:25:02"
IOP,0.000411,"2017-07-09 15:30:02"
IOP,0.000411,"2017-07-09 15:35:01"
IOP,0.000411,"2017-07-09 15:40:01"
IOP,0.000411,"2017-07-09 15:45:01"
IOP,0.000411,"2017-07-09 15:50:01"
IOP,0.000411,"2017-07-09 15:55:01"
IOP,0.000411,"2017-07-09 16:00:01"
IOP,0.000411,"2017-07-09 16:05:02"
IOP,0.000411,"2017-07-09 16:10:01"
IOP,0.000411,"2017-07-09 16:15:02"
IOP,0.00040975,"2017-07-09 16:20:01"
IOP,0.00038886,"2017-07-09 16:25:01"
IOP,0.00038886,"2017-07-09 16:30:02"
IOP,0.00040999,"2017-07-09 16:35:01"
IOP,0.00040999,"2017-07-09 16:40:01"
IOP,0.00040999,"2017-07-09 16:45:02"
IOP,0.00040999,"2017-07-09 16:50:02"
IOP,0.00040999,"2017-07-09 16:55:01"
IOP,0.00040999,"2017-07-09 17:00:01"
IOP,0.00040999,"2017-07-09 17:05:01"
IOP,0.00040999,"2017-07-09 17:10:02"
IOP,0.00040999,"2017-07-09 17:15:01"
IOP,0.00040999,"2017-07-09 17:20:02"
IOP,0.00039374,"2017-07-09 17:25:01"
IOP,0.00039374,"2017-07-09 17:30:03"
IOP,0.00039374,"2017-07-09 17:35:02"
IOP,0.00039374,"2017-07-09 17:40:01"
IOP,0.00039374,"2017-07-09 17:45:02"
IOP,0.00039374,"2017-07-09 17:50:01"
IOP,0.00039374,"2017-07-09 17:55:01"
IOP,0.00039374,"2017-07-09 18:00:01"
IOP,0.00039641,"2017-07-09 18:05:01"
IOP,0.00039641,"2017-07-09 18:10:02"
IOP,0.00039641,"2017-07-09 18:15:02"
IOP,0.00039641,"2017-07-09 18:20:02"
IOP,0.00038547,"2017-07-09 18:25:02"
IOP,0.00038547,"2017-07-09 18:30:02"
IOP,0.00038547,"2017-07-09 18:35:01"
IOP,0.00038547,"2017-07-09 18:40:02"
IOP,0.00038547,"2017-07-09 18:45:02"
IOP,0.00038547,"2017-07-09 18:50:01"
IOP,0.00038547,"2017-07-09 18:55:01"
IOP,0.00039104,"2017-07-09 19:00:02"
IOP,0.00039104,"2017-07-09 19:05:02"
IOP,0.00039104,"2017-07-09 19:10:01"
IOP,0.00038565,"2017-07-09 19:15:02"
IOP,0.00038565,"2017-07-09 19:20:01"
IOP,0.00038565,"2017-07-09 19:25:02"
IOP,0.00038565,"2017-07-09 19:30:02"
IOP,0.00038565,"2017-07-09 19:35:01"
IOP,0.00037551,"2017-07-09 19:40:02"
IOP,0.00037551,"2017-07-09 19:45:02"
IOP,0.00037551,"2017-07-09 19:50:03"
IOP,0.00037551,"2017-07-09 19:55:01"
IOP,0.00038489,"2017-07-09 20:00:02"
IOP,0.00038489,"2017-07-09 20:05:01"
IOP,0.00038489,"2017-07-09 20:10:01"
IOP,0.00038489,"2017-07-09 20:15:02"
IOP,0.00038489,"2017-07-09 20:20:01"
IOP,0.00038489,"2017-07-09 20:25:02"
IOP,0.00038489,"2017-07-09 20:30:02"
IOP,0.00038489,"2017-07-09 20:35:01"
IOP,0.00038489,"2017-07-09 20:40:01"
IOP,0.00038489,"2017-07-09 20:45:01"
IOP,0.00038489,"2017-07-09 20:50:02"
IOP,0.0003848,"2017-07-09 20:55:02"
IOP,0.0003848,"2017-07-09 21:00:02"
IOP,0.0003848,"2017-07-09 21:05:02"
IOP,0.00037502,"2017-07-09 21:10:02"
IOP,0.00037502,"2017-07-09 21:15:01"
IOP,0.00037502,"2017-07-09 21:20:01"
IOP,0.00037502,"2017-07-09 21:25:01"
IOP,0.00037502,"2017-07-09 21:30:01"
IOP,0.00037502,"2017-07-09 21:35:01"
IOP,0.00037502,"2017-07-09 21:40:01"
IOP,0.00037502,"2017-07-09 21:45:02"
IOP,0.00037502,"2017-07-09 21:50:04"
IOP,0.00037502,"2017-07-09 21:55:01"
IOP,0.00037502,"2017-07-09 22:00:02"
IOP,0.00037502,"2017-07-09 22:05:02"
IOP,0.00037502,"2017-07-09 22:10:02"
IOP,0.00037503,"2017-07-09 22:15:02"
IOP,0.00037503,"2017-07-09 22:20:02"
IOP,0.00037503,"2017-07-09 22:25:01"
IOP,0.00037503,"2017-07-09 22:30:02"
IOP,0.00037503,"2017-07-09 22:35:01"
IOP,0.00037503,"2017-07-09 22:40:01"
IOP,0.00037503,"2017-07-09 22:45:02"
IOP,0.00037503,"2017-07-09 22:50:02"
IOP,0.00037503,"2017-07-09 22:55:01"
IOP,0.00037503,"2017-07-09 23:00:01"
IOP,0.0003837,"2017-07-09 23:05:01"
IOP,0.0003837,"2017-07-09 23:10:01"
IOP,0.0003837,"2017-07-09 23:15:02"
IOP,0.0003837,"2017-07-09 23:20:01"
IOP,0.0003837,"2017-07-09 23:25:01"
IOP,0.0003837,"2017-07-09 23:30:01"
IOP,0.0003837,"2017-07-09 23:35:01"
IOP,0.0003837,"2017-07-09 23:40:01"
IOP,0.0003837,"2017-07-09 23:45:01"
IOP,0.0003837,"2017-07-09 23:50:02"
IOP,0.0003837,"2017-07-09 23:55:01"
IOP,0.0003837,"2017-07-10 00:00:02"
IOP,0.0003837,"2017-07-10 00:05:02"
IOP,0.0003837,"2017-07-10 00:10:01"
IOP,0.0003837,"2017-07-10 00:15:01"
IOP,0.0003837,"2017-07-10 00:20:02"
IOP,0.0003837,"2017-07-10 00:25:01"
IOP,0.0003837,"2017-07-10 00:30:01"
IOP,0.0003837,"2017-07-10 00:35:01"
IOP,0.0003837,"2017-07-10 00:40:02"
IOP,0.0003837,"2017-07-10 00:45:02"
IOP,0.0003837,"2017-07-10 00:50:01"
IOP,0.00037501,"2017-07-10 00:55:01"
IOP,0.00037501,"2017-07-10 01:00:02"
IOP,0.00037501,"2017-07-10 01:05:01"
IOP,0.00037501,"2017-07-10 01:10:01"
IOP,0.00037501,"2017-07-10 01:15:01"
IOP,0.00037501,"2017-07-10 01:20:01"
IOP,0.00037501,"2017-07-10 01:25:01"
IOP,0.00037501,"2017-07-10 01:30:01"
IOP,0.00037501,"2017-07-10 01:35:01"
IOP,0.00037501,"2017-07-10 01:40:02"
IOP,0.00037501,"2017-07-10 01:45:01"
IOP,0.00037501,"2017-07-10 01:50:03"
IOP,0.00037501,"2017-07-10 01:55:01"
IOP,0.00037501,"2017-07-10 02:00:01"
IOP,0.00037501,"2017-07-10 02:05:02"
IOP,0.00037501,"2017-07-10 02:10:01"
IOP,0.00037501,"2017-07-10 02:15:01"
IOP,0.00037501,"2017-07-10 02:20:01"
IOP,0.00037501,"2017-07-10 02:25:01"
IOP,0.00037501,"2017-07-10 02:30:01"
IOP,0.00037501,"2017-07-10 02:35:06"
IOP,0.00037501,"2017-07-10 02:40:04"
IOP,0.00037501,"2017-07-10 02:45:03"
IOP,0.00037501,"2017-07-10 02:50:02"
IOP,0.00037501,"2017-07-10 02:55:02"
IOP,0.000375,"2017-07-10 03:00:03"
IOP,0.00037501,"2017-07-10 03:05:01"
IOP,0.00037501,"2017-07-10 03:10:02"
IOP,0.00037501,"2017-07-10 03:15:02"
IOP,0.00037501,"2017-07-10 03:20:01"
IOP,0.00037503,"2017-07-10 03:25:01"
IOP,0.00037503,"2017-07-10 03:30:02"
IOP,0.00037503,"2017-07-10 03:35:02"
IOP,0.00037503,"2017-07-10 03:40:02"
IOP,0.00037502,"2017-07-10 03:45:01"
IOP,0.00037502,"2017-07-10 03:50:01"
IOP,0.00037502,"2017-07-10 03:55:02"
IOP,0.00037502,"2017-07-10 04:00:03"
IOP,0.00037502,"2017-07-10 04:05:01"
IOP,0.00037502,"2017-07-10 04:10:01"
IOP,0.00037502,"2017-07-10 04:15:01"
IOP,0.00037502,"2017-07-10 04:20:01"
IOP,0.00037502,"2017-07-10 04:25:01"
IOP,0.00037502,"2017-07-10 04:30:02"
IOP,0.00037502,"2017-07-10 04:35:01"
IOP,0.00037503,"2017-07-10 04:40:02"
IOP,0.00037503,"2017-07-10 04:45:01"
IOP,0.00037503,"2017-07-10 04:50:02"
IOP,0.00037503,"2017-07-10 04:55:01"
IOP,0.00037503,"2017-07-10 05:00:02"
IOP,0.00037503,"2017-07-10 05:05:01"
IOP,0.00037503,"2017-07-10 05:10:01"
IOP,0.0003581,"2017-07-10 05:15:01"
IOP,0.0003581,"2017-07-10 05:20:02"
IOP,0.0003581,"2017-07-10 05:25:01"
IOP,0.0003581,"2017-07-10 05:30:02"
IOP,0.0003581,"2017-07-10 05:35:02"
IOP,0.0003581,"2017-07-10 05:40:01"
IOP,0.0003581,"2017-07-10 05:45:01"
IOP,0.0003597,"2017-07-10 05:50:03"
IOP,0.0003597,"2017-07-10 05:55:01"
IOP,0.00035998,"2017-07-10 06:00:02"
IOP,0.00035998,"2017-07-10 06:05:01"
IOP,0.00035998,"2017-07-10 06:10:01"
IOP,0.00035998,"2017-07-10 06:15:01"
IOP,0.00035998,"2017-07-10 06:20:01"
IOP,0.00035998,"2017-07-10 06:25:02"
IOP,0.00035998,"2017-07-10 06:30:03"
IOP,0.00035998,"2017-07-10 06:35:01"
IOP,0.00035998,"2017-07-10 06:40:02"
IOP,0.00035998,"2017-07-10 06:45:02"
IOP,0.00035998,"2017-07-10 06:50:01"
IOP,0.00035998,"2017-07-10 06:55:01"
IOP,0.00035998,"2017-07-10 07:00:01"
IOP,0.00035998,"2017-07-10 07:05:02"
IOP,0.00035998,"2017-07-10 07:10:02"
IOP,0.00035998,"2017-07-10 07:15:02"
IOP,0.00036013,"2017-07-10 07:20:01"
IOP,0.00036013,"2017-07-10 07:25:02"
IOP,0.00036013,"2017-07-10 07:30:01"
IOP,0.00036013,"2017-07-10 07:35:02"
IOP,0.00036013,"2017-07-10 07:40:01"
IOP,0.00036013,"2017-07-10 07:45:01"
IOP,0.00036013,"2017-07-10 07:50:02"
IOP,0.00036013,"2017-07-10 07:55:02"
IOP,0.00036013,"2017-07-10 08:00:01"
IOP,0.00036013,"2017-07-10 08:05:01"
IOP,0.00036013,"2017-07-10 08:10:01"
IOP,0.00036013,"2017-07-10 08:15:02"
IOP,0.00036013,"2017-07-10 08:20:01"
IOP,0.00036013,"2017-07-10 08:25:02"
IOP,0.00036013,"2017-07-10 08:30:02"
IOP,0.00036013,"2017-07-10 08:35:02"
IOP,0.00036013,"2017-07-10 08:40:01"
IOP,0.00036013,"2017-07-10 08:45:01"
IOP,0.00036013,"2017-07-10 08:50:01"
IOP,0.00036013,"2017-07-10 08:55:02"
IOP,0.00036013,"2017-07-10 09:00:03"
IOP,0.00036013,"2017-07-10 09:05:01"
IOP,0.00036013,"2017-07-10 09:10:01"
IOP,0.00036013,"2017-07-10 09:15:01"
IOP,0.00036013,"2017-07-10 09:20:02"
IOP,0.00036013,"2017-07-10 09:25:01"
IOP,0.00036569,"2017-07-10 09:30:01"
IOP,0.00036569,"2017-07-10 09:35:02"
IOP,0.00036569,"2017-07-10 09:40:01"
IOP,0.00036569,"2017-07-10 09:45:02"
IOP,0.00036569,"2017-07-10 09:50:01"
IOP,0.00036569,"2017-07-10 09:55:01"
IOP,0.00036569,"2017-07-10 10:00:02"
IOP,0.000359,"2017-07-10 10:05:02"
IOP,0.000359,"2017-07-10 10:10:02"
IOP,0.000359,"2017-07-10 10:15:01"
IOP,0.0003591,"2017-07-10 10:20:02"
IOP,0.00035911,"2017-07-10 10:25:01"
IOP,0.00035911,"2017-07-10 10:30:02"
IOP,0.00035911,"2017-07-10 10:35:01"
IOP,0.00035911,"2017-07-10 10:40:01"
IOP,0.00035911,"2017-07-10 10:45:02"
IOP,0.00035911,"2017-07-10 10:50:02"
IOP,0.00035911,"2017-07-10 10:55:02"
IOP,0.00035911,"2017-07-10 11:00:03"
IOP,0.00035911,"2017-07-10 11:05:01"
IOP,0.00035911,"2017-07-10 11:10:01"
IOP,0.00035911,"2017-07-10 11:15:02"
IOP,0.00035905,"2017-07-10 11:20:02"
IOP,0.00035905,"2017-07-10 11:25:01"
IOP,0.00035905,"2017-07-10 11:30:03"
IOP,0.00037496,"2017-07-10 11:35:02"
IOP,0.00037492,"2017-07-10 11:40:02"
IOP,0.00037492,"2017-07-10 11:45:01"
IOP,0.00037492,"2017-07-10 11:50:01"
IOP,0.0004113,"2017-07-10 11:55:02"
IOP,0.0003667,"2017-07-10 12:00:03"
IOP,0.0003667,"2017-07-10 12:05:02"
IOP,0.0003667,"2017-07-10 12:10:02"
IOP,0.0003667,"2017-07-10 12:15:02"
IOP,0.0003667,"2017-07-10 12:20:02"
IOP,0.0003667,"2017-07-10 12:25:01"
IOP,0.0003667,"2017-07-10 12:30:02"
IOP,0.0003667,"2017-07-10 12:35:01"
IOP,0.0003667,"2017-07-10 12:40:03"
IOP,0.00040996,"2017-07-10 12:45:02"
IOP,0.00040996,"2017-07-10 12:50:02"
IOP,0.00040996,"2017-07-10 12:55:02"
IOP,0.00040996,"2017-07-10 13:00:01"
IOP,0.00039721,"2017-07-10 13:05:02"
IOP,0.00037612,"2017-07-10 13:10:01"
IOP,0.00037612,"2017-07-10 13:15:01"
IOP,0.00037592,"2017-07-10 13:20:01"
IOP,0.00037591,"2017-07-10 13:25:02"
IOP,0.00037591,"2017-07-10 13:30:01"
IOP,0.00037591,"2017-07-10 13:35:02"
IOP,0.00037591,"2017-07-10 13:40:02"
IOP,0.0003581,"2017-07-10 13:45:03"
IOP,0.0003581,"2017-07-10 13:50:01"
IOP,0.0003581,"2017-07-10 13:55:02"
IOP,0.00036083,"2017-07-10 14:00:01"
IOP,0.00036094,"2017-07-10 14:05:02"
IOP,0.00036094,"2017-07-10 14:10:02"
IOP,0.00036094,"2017-07-10 14:15:02"
IOP,0.00036094,"2017-07-10 14:20:02"
IOP,0.00036093,"2017-07-10 14:25:01"
IOP,0.00037844,"2017-07-10 14:30:03"
IOP,0.00037844,"2017-07-10 14:35:02"
IOP,0.00037844,"2017-07-10 14:40:01"
IOP,0.00037847,"2017-07-10 14:45:02"
IOP,0.00037844,"2017-07-10 14:50:02"
IOP,0.00035821,"2017-07-10 14:55:01"
IOP,0.00035821,"2017-07-10 15:00:02"
IOP,0.000353,"2017-07-10 15:05:01"
IOP,0.000353,"2017-07-10 15:10:02"
IOP,0.000353,"2017-07-10 15:15:01"
IOP,0.000353,"2017-07-10 15:20:02"
IOP,0.000353,"2017-07-10 15:25:01"
IOP,0.000353,"2017-07-10 15:30:02"
IOP,0.000353,"2017-07-10 15:35:02"
IOP,0.000353,"2017-07-10 15:40:02"
IOP,0.000353,"2017-07-10 15:45:02"
IOP,0.000353,"2017-07-10 15:50:01"
IOP,0.000353,"2017-07-10 15:55:01"
IOP,0.00035302,"2017-07-10 16:00:01"
IOP,0.000353,"2017-07-10 16:05:02"
IOP,0.000353,"2017-07-10 16:10:02"
IOP,0.00035302,"2017-07-10 16:15:01"
IOP,0.000353,"2017-07-10 16:20:02"
IOP,0.000353,"2017-07-10 16:25:02"
IOP,0.000353,"2017-07-10 16:30:01"
IOP,0.000353,"2017-07-10 16:35:02"
IOP,0.000353,"2017-07-10 16:40:01"
IOP,0.000353,"2017-07-10 16:45:01"
IOP,0.000353,"2017-07-10 16:50:02"
IOP,0.000353,"2017-07-10 16:55:01"
IOP,0.00035301,"2017-07-10 17:00:01"
IOP,0.000353,"2017-07-10 17:05:01"
IOP,0.000353,"2017-07-10 17:10:01"
IOP,0.000353,"2017-07-10 17:15:01"
IOP,0.000353,"2017-07-10 17:20:02"
IOP,0.000353,"2017-07-10 17:25:02"
IOP,0.000353,"2017-07-10 17:30:01"
IOP,0.00035,"2017-07-10 17:35:02"
IOP,0.00035,"2017-07-10 17:40:02"
IOP,0.00034971,"2017-07-10 17:45:02"
IOP,0.000331,"2017-07-10 17:50:02"
IOP,0.000331,"2017-07-10 17:55:01"
IOP,0.0003311,"2017-07-10 18:00:03"
IOP,0.00033514,"2017-07-10 18:05:02"
IOP,0.00033514,"2017-07-10 18:10:02"
IOP,0.00037523,"2017-07-10 18:15:01"
IOP,0.00037875,"2017-07-10 18:20:01"
IOP,0.00037875,"2017-07-10 18:25:02"
IOP,0.00037875,"2017-07-10 18:30:03"
IOP,0.00037875,"2017-07-10 18:35:02"
IOP,0.00035672,"2017-07-10 18:40:01"
IOP,0.00033857,"2017-07-10 18:45:01"
IOP,0.00033857,"2017-07-10 18:50:02"
IOP,0.00033857,"2017-07-10 18:55:01"
IOP,0.00033857,"2017-07-10 19:00:02"
IOP,0.00033857,"2017-07-10 19:05:01"
IOP,0.00033857,"2017-07-10 19:10:05"
IOP,0.00033857,"2017-07-10 19:15:02"
IOP,0.00033857,"2017-07-10 19:20:02"
IOP,0.00033857,"2017-07-10 19:25:01"
IOP,0.00033857,"2017-07-10 19:30:01"
IOP,0.00035966,"2017-07-10 19:35:01"
IOP,0.00035966,"2017-07-10 19:40:01"
IOP,0.00035966,"2017-07-10 19:45:01"
IOP,0.00035966,"2017-07-10 19:50:02"
IOP,0.00035966,"2017-07-10 19:55:03"
IOP,0.00034522,"2017-07-10 20:00:02"
IOP,0.000336,"2017-07-10 20:05:02"
IOP,0.000336,"2017-07-10 20:10:01"
IOP,0.000336,"2017-07-10 20:15:01"
IOP,0.00033761,"2017-07-10 20:20:02"
IOP,0.00033761,"2017-07-10 20:25:01"
IOP,0.00033761,"2017-07-10 20:30:02"
IOP,0.00033761,"2017-07-10 20:35:02"
IOP,0.00033761,"2017-07-10 20:40:01"
IOP,0.0003411,"2017-07-10 20:45:02"
IOP,0.0003411,"2017-07-10 20:50:02"
IOP,0.00035833,"2017-07-10 20:55:01"
IOP,0.00035833,"2017-07-10 21:00:01"
IOP,0.00034186,"2017-07-10 21:05:01"
IOP,0.00034186,"2017-07-10 21:10:01"
IOP,0.00034179,"2017-07-10 21:15:01"
IOP,0.00034,"2017-07-10 21:20:01"
IOP,0.00034,"2017-07-10 21:25:02"
IOP,0.00034,"2017-07-10 21:30:02"
IOP,0.00033513,"2017-07-10 21:35:01"
IOP,0.00033513,"2017-07-10 21:40:02"
IOP,0.00033513,"2017-07-10 21:45:04"
IOP,0.00033513,"2017-07-10 21:50:01"
IOP,0.00033513,"2017-07-10 21:55:01"
IOP,0.00033513,"2017-07-10 22:00:01"
IOP,0.00033513,"2017-07-10 22:05:01"
IOP,0.00033513,"2017-07-10 22:10:02"
IOP,0.00033513,"2017-07-10 22:15:01"
IOP,0.00033513,"2017-07-10 22:20:01"
IOP,0.00033513,"2017-07-10 22:25:01"
IOP,0.00033513,"2017-07-10 22:30:02"
IOP,0.000331,"2017-07-10 22:35:02"
IOP,0.000331,"2017-07-10 22:40:02"
IOP,0.000331,"2017-07-10 22:45:01"
IOP,0.000331,"2017-07-10 22:50:01"
IOP,0.000317,"2017-07-10 22:55:01"
IOP,0.00031006,"2017-07-10 23:00:02"
IOP,0.00031006,"2017-07-10 23:05:01"
IOP,0.00031006,"2017-07-10 23:10:01"
IOP,0.00031051,"2017-07-10 23:15:01"
IOP,0.00031036,"2017-07-10 23:20:02"
IOP,0.00031,"2017-07-10 23:25:03"
IOP,0.000309,"2017-07-10 23:30:02"
IOP,0.000309,"2017-07-10 23:35:01"
IOP,0.00030125,"2017-07-10 23:40:01"
IOP,0.00030975,"2017-07-10 23:45:01"
IOP,0.00030975,"2017-07-10 23:50:02"
IOP,0.00030975,"2017-07-10 23:55:02"
IOP,0.00030975,"2017-07-11 00:00:03"
IOP,0.00030975,"2017-07-11 00:05:02"
IOP,0.00030975,"2017-07-11 00:10:02"
IOP,0.0003,"2017-07-11 00:15:01"
IOP,0.0003,"2017-07-11 00:20:01"
IOP,0.00029441,"2017-07-11 00:25:01"
IOP,0.00029441,"2017-07-11 00:30:02"
IOP,0.00029441,"2017-07-11 00:35:02"
IOP,0.00029441,"2017-07-11 00:40:01"
IOP,0.00029441,"2017-07-11 00:45:01"
IOP,0.00029441,"2017-07-11 00:50:01"
IOP,0.00029441,"2017-07-11 00:55:01"
IOP,0.00029441,"2017-07-11 01:00:01"
IOP,0.00030838,"2017-07-11 01:05:01"
IOP,0.00030838,"2017-07-11 01:10:02"
IOP,0.00029345,"2017-07-11 01:15:02"
IOP,0.00029345,"2017-07-11 01:20:01"
IOP,0.00029345,"2017-07-11 01:25:01"
IOP,0.00029377,"2017-07-11 01:30:01"
IOP,0.00029377,"2017-07-11 01:35:01"
IOP,0.00029377,"2017-07-11 01:40:01"
IOP,0.00029377,"2017-07-11 01:45:02"
IOP,0.00029377,"2017-07-11 01:50:01"
IOP,0.00029377,"2017-07-11 01:55:01"
IOP,0.00029377,"2017-07-11 02:00:01"
IOP,0.00029377,"2017-07-11 02:05:01"
IOP,0.00029377,"2017-07-11 02:10:01"
IOP,0.00029377,"2017-07-11 02:15:01"
IOP,0.00029367,"2017-07-11 02:20:01"
IOP,0.00029367,"2017-07-11 02:25:02"
IOP,0.00030975,"2017-07-11 02:30:01"
IOP,0.00030975,"2017-07-11 02:35:01"
IOP,0.0002938,"2017-07-11 02:40:01"
IOP,0.0002938,"2017-07-11 02:45:01"
IOP,0.00029413,"2017-07-11 02:50:01"
IOP,0.0002633,"2017-07-11 02:55:02"
IOP,0.00026329,"2017-07-11 03:00:02"
IOP,0.00028974,"2017-07-11 03:05:01"
IOP,0.00026953,"2017-07-11 03:10:02"
IOP,0.00026953,"2017-07-11 03:15:02"
IOP,0.00022409,"2017-07-11 03:20:02"
IOP,0.0002602,"2017-07-11 03:25:02"
IOP,0.0002602,"2017-07-11 03:30:01"
IOP,0.00024114,"2017-07-11 03:35:01"
IOP,0.00024114,"2017-07-11 03:40:01"
IOP,0.00024114,"2017-07-11 03:45:02"
IOP,0.00024584,"2017-07-11 03:50:02"
IOP,0.00024138,"2017-07-11 03:55:02"
IOP,0.00024138,"2017-07-11 04:00:02"
IOP,0.00024384,"2017-07-11 04:05:01"
IOP,0.00024384,"2017-07-11 04:10:01"
IOP,0.00024368,"2017-07-11 04:15:02"
IOP,0.00024121,"2017-07-11 04:20:01"
IOP,0.00026014,"2017-07-11 04:25:01"
IOP,0.00026014,"2017-07-11 04:30:01"
IOP,0.00025014,"2017-07-11 04:35:01"
IOP,0.00025014,"2017-07-11 04:40:01"
IOP,0.00025014,"2017-07-11 04:45:02"
IOP,0.00024101,"2017-07-11 04:50:02"
IOP,0.000241,"2017-07-11 04:55:02"
IOP,0.00024101,"2017-07-11 05:00:01"
IOP,0.00024101,"2017-07-11 05:05:01"
IOP,0.000241,"2017-07-11 05:10:02"
IOP,0.000241,"2017-07-11 05:15:02"
IOP,0.000241,"2017-07-11 05:20:01"
IOP,0.000241,"2017-07-11 05:25:02"
IOP,0.000241,"2017-07-11 05:30:02"
IOP,0.000241,"2017-07-11 05:35:04"
IOP,0.000241,"2017-07-11 05:40:01"
IOP,0.000241,"2017-07-11 05:45:01"
IOP,0.000241,"2017-07-11 05:50:02"
IOP,0.00024101,"2017-07-11 05:55:01"
IOP,0.00024101,"2017-07-11 06:00:02"
IOP,0.00024101,"2017-07-11 06:05:01"
IOP,0.00024101,"2017-07-11 06:10:01"
IOP,0.00024101,"2017-07-11 06:15:02"
IOP,0.00024101,"2017-07-11 06:20:02"
IOP,0.00024101,"2017-07-11 06:25:02"
IOP,0.00024101,"2017-07-11 06:30:02"
IOP,0.000241,"2017-07-11 06:35:01"
IOP,0.000241,"2017-07-11 06:40:01"
IOP,0.000241,"2017-07-11 06:45:02"
IOP,0.000241,"2017-07-11 06:50:02"
IOP,0.000241,"2017-07-11 06:55:02"
IOP,0.000241,"2017-07-11 07:00:02"
IOP,0.000241,"2017-07-11 07:05:01"
IOP,0.000241,"2017-07-11 07:10:02"
IOP,0.00024617,"2017-07-11 07:15:02"
IOP,0.00024617,"2017-07-11 07:20:01"
IOP,0.00024617,"2017-07-11 07:25:01"
IOP,0.00024617,"2017-07-11 07:30:02"
IOP,0.00024617,"2017-07-11 07:35:02"
IOP,0.00024617,"2017-07-11 07:40:01"
IOP,0.00024617,"2017-07-11 07:45:01"
IOP,0.00024617,"2017-07-11 07:50:01"
IOP,0.00024515,"2017-07-11 07:55:01"
IOP,0.00024515,"2017-07-11 08:00:02"
IOP,0.00024515,"2017-07-11 08:05:01"
IOP,0.00024515,"2017-07-11 08:10:01"
IOP,0.000241,"2017-07-11 08:15:01"
IOP,0.000241,"2017-07-11 08:20:02"
IOP,0.000241,"2017-07-11 08:25:02"
IOP,0.000241,"2017-07-11 08:30:01"
IOP,0.000241,"2017-07-11 08:35:03"
IOP,0.000241,"2017-07-11 08:40:02"
IOP,0.000241,"2017-07-11 08:45:01"
IOP,0.000241,"2017-07-11 08:50:02"
IOP,0.000241,"2017-07-11 08:55:02"
IOP,0.000241,"2017-07-11 09:00:03"
IOP,0.000241,"2017-07-11 09:05:02"
IOP,0.000241,"2017-07-11 09:10:03"
IOP,0.000228,"2017-07-11 09:15:01"
IOP,0.000228,"2017-07-11 09:20:02"
IOP,0.000228,"2017-07-11 09:25:01"
IOP,0.000228,"2017-07-11 09:30:02"
IOP,0.000228,"2017-07-11 09:35:01"
IOP,0.000228,"2017-07-11 09:40:02"
IOP,0.00023178,"2017-07-11 09:45:02"
IOP,0.000228,"2017-07-11 09:50:06"
IOP,0.0002318,"2017-07-11 09:55:01"
IOP,0.0002318,"2017-07-11 10:00:02"
IOP,0.0002318,"2017-07-11 10:05:03"
IOP,0.0002318,"2017-07-11 10:10:02"
IOP,0.0002318,"2017-07-11 10:15:01"
IOP,0.00023108,"2017-07-11 10:20:02"
IOP,0.00023108,"2017-07-11 10:25:02"
IOP,0.00023181,"2017-07-11 10:30:03"
IOP,0.00023108,"2017-07-11 10:35:01"
IOP,0.00023108,"2017-07-11 10:40:01"
IOP,0.00023108,"2017-07-11 10:45:02"
IOP,0.00023181,"2017-07-11 10:50:02"
IOP,0.00024464,"2017-07-11 10:55:01"
IOP,0.00024464,"2017-07-11 11:00:02"
IOP,0.00024464,"2017-07-11 11:05:02"
IOP,0.00024459,"2017-07-11 11:10:02"
IOP,0.00024459,"2017-07-11 11:15:01"
IOP,0.00024459,"2017-07-11 11:20:02"
IOP,0.00024459,"2017-07-11 11:25:01"
IOP,0.00024459,"2017-07-11 11:30:02"
IOP,0.00023512,"2017-07-11 11:35:01"
IOP,0.00023512,"2017-07-11 11:40:02"
IOP,0.00024379,"2017-07-11 11:45:01"
IOP,0.00024379,"2017-07-11 11:50:01"
IOP,0.00024379,"2017-07-11 11:55:02"
IOP,0.00024379,"2017-07-11 12:00:02"
IOP,0.00024379,"2017-07-11 12:05:01"
IOP,0.00024379,"2017-07-11 12:10:01"
IOP,0.00024379,"2017-07-11 12:15:02"
IOP,0.00024379,"2017-07-11 12:20:02"
IOP,0.00024379,"2017-07-11 12:25:01"
IOP,0.00024379,"2017-07-11 12:30:01"
IOP,0.00024379,"2017-07-11 12:35:02"
IOP,0.00024379,"2017-07-11 12:40:03"
IOP,0.00024379,"2017-07-11 12:45:02"
IOP,0.00024379,"2017-07-11 12:50:02"
IOP,0.00024379,"2017-07-11 12:55:01"
IOP,0.00024379,"2017-07-11 13:00:01"
IOP,0.00024492,"2017-07-11 13:05:01"
IOP,0.00024492,"2017-07-11 13:10:02"
IOP,0.00024492,"2017-07-11 13:15:01"
IOP,0.00024507,"2017-07-11 13:20:02"
IOP,0.00024508,"2017-07-11 13:25:02"
IOP,0.00024508,"2017-07-11 13:30:02"
IOP,0.00024508,"2017-07-11 13:35:02"
IOP,0.00024508,"2017-07-11 13:40:02"
IOP,0.00024508,"2017-07-11 13:45:01"
IOP,0.00024515,"2017-07-11 13:50:01"
IOP,0.00010472,"2017-07-11 13:55:01"
IOP,0.00021898,"2017-07-11 14:00:02"
IOP,0.00022084,"2017-07-11 14:05:01"
IOP,0.00022384,"2017-07-11 14:10:02"
IOP,0.00019959,"2017-07-11 14:15:01"
IOP,0.00022384,"2017-07-11 14:20:02"
IOP,0.00022384,"2017-07-11 14:25:01"
IOP,0.00022381,"2017-07-11 14:30:02"
IOP,0.00022381,"2017-07-11 14:35:01"
IOP,0.00022381,"2017-07-11 14:40:01"
IOP,0.00023657,"2017-07-11 14:45:02"
IOP,0.00023658,"2017-07-11 14:50:02"
IOP,0.00023659,"2017-07-11 14:55:02"
IOP,0.00023658,"2017-07-11 15:00:02"
IOP,0.00023658,"2017-07-11 15:05:02"
IOP,0.00023659,"2017-07-11 15:10:01"
IOP,0.00023659,"2017-07-11 15:15:02"
IOP,0.00023659,"2017-07-11 15:20:01"
IOP,0.00023659,"2017-07-11 15:25:01"
IOP,0.00023659,"2017-07-11 15:30:01"
IOP,0.00023659,"2017-07-11 15:35:01"
IOP,0.00023359,"2017-07-11 15:40:01"
IOP,0.00023185,"2017-07-11 15:45:02"
IOP,0.0002301,"2017-07-11 15:50:02"
IOP,0.00023358,"2017-07-11 15:55:01"
IOP,0.00023659,"2017-07-11 16:00:01"
IOP,0.00024792,"2017-07-11 16:05:02"
IOP,0.00024792,"2017-07-11 16:10:02"
IOP,0.00024787,"2017-07-11 16:15:01"
IOP,0.00024787,"2017-07-11 16:20:03"
IOP,0.00024999,"2017-07-11 16:25:01"
IOP,0.00024999,"2017-07-11 16:30:02"
IOP,0.00024999,"2017-07-11 16:35:02"
IOP,0.00024999,"2017-07-11 16:40:02"
IOP,0.00024999,"2017-07-11 16:45:02"
IOP,0.00024999,"2017-07-11 16:50:01"
IOP,0.00024999,"2017-07-11 16:55:01"
IOP,0.0002111,"2017-07-11 17:00:01"
IOP,0.0002111,"2017-07-11 17:05:01"
IOP,0.00021113,"2017-07-11 17:10:02"
IOP,0.00022107,"2017-07-11 17:15:01"
IOP,0.00020805,"2017-07-11 17:20:01"
IOP,0.00020805,"2017-07-11 17:25:02"
IOP,0.00020805,"2017-07-11 17:30:01"
IOP,0.00020805,"2017-07-11 17:35:02"
IOP,0.00020805,"2017-07-11 17:40:01"
IOP,0.00022417,"2017-07-11 17:45:01"
IOP,0.00022405,"2017-07-11 17:50:01"
IOP,0.000225,"2017-07-11 17:55:02"
IOP,0.00023195,"2017-07-11 18:00:01"
IOP,0.00023195,"2017-07-11 18:05:02"
IOP,0.00022118,"2017-07-11 18:10:01"
IOP,0.0002219,"2017-07-11 18:15:01"
IOP,0.00024994,"2017-07-11 18:20:02"
IOP,0.00023602,"2017-07-11 18:25:02"
IOP,0.0002497,"2017-07-11 18:30:01"
IOP,0.0002497,"2017-07-11 18:35:01"
IOP,0.0002497,"2017-07-11 18:40:02"
IOP,0.0002497,"2017-07-11 18:45:01"
IOP,0.00024919,"2017-07-11 18:50:01"
IOP,0.0002492,"2017-07-11 18:55:02"
IOP,0.0002492,"2017-07-11 19:00:02"
IOP,0.00023228,"2017-07-11 19:05:01"
IOP,0.00023026,"2017-07-11 19:10:02"
IOP,0.00022878,"2017-07-11 19:15:01"
IOP,0.00022878,"2017-07-11 19:20:02"
IOP,0.00022878,"2017-07-11 19:25:02"
IOP,0.00022878,"2017-07-11 19:30:02"
IOP,0.00023028,"2017-07-11 19:35:03"
IOP,0.0002485,"2017-07-11 19:40:01"
IOP,0.0002485,"2017-07-11 19:45:02"
IOP,0.0002485,"2017-07-11 19:50:02"
IOP,0.0002485,"2017-07-11 19:55:01"
IOP,0.00024733,"2017-07-11 20:00:01"
IOP,0.00024691,"2017-07-11 20:05:01"
IOP,0.00024691,"2017-07-11 20:10:02"
IOP,0.00024691,"2017-07-11 20:15:02"
IOP,0.00024691,"2017-07-11 20:20:01"
IOP,0.00024691,"2017-07-11 20:25:01"
IOP,0.00024691,"2017-07-11 20:30:02"
IOP,0.00022883,"2017-07-11 20:35:02"
IOP,0.00022883,"2017-07-11 20:40:02"
IOP,0.00022883,"2017-07-11 20:45:01"
IOP,0.00022883,"2017-07-11 20:50:01"
IOP,0.00022883,"2017-07-11 20:55:02"
IOP,0.00024397,"2017-07-11 21:00:02"
IOP,0.00024792,"2017-07-11 21:05:01"
IOP,0.00024792,"2017-07-11 21:10:01"
IOP,0.00024799,"2017-07-11 21:15:01"
IOP,0.00024799,"2017-07-11 21:20:01"
IOP,0.00024799,"2017-07-11 21:25:01"
IOP,0.00024799,"2017-07-11 21:30:01"
IOP,0.00024791,"2017-07-11 21:35:02"
IOP,0.00024791,"2017-07-11 21:40:02"
IOP,0.00024403,"2017-07-11 21:45:04"
IOP,0.0002288,"2017-07-11 21:50:02"
IOP,0.00024772,"2017-07-11 21:55:02"
IOP,0.00024772,"2017-07-11 22:00:02"
IOP,0.00024772,"2017-07-11 22:05:01"
IOP,0.00024772,"2017-07-11 22:10:02"
IOP,0.00024772,"2017-07-11 22:15:02"
IOP,0.00024772,"2017-07-11 22:20:01"
IOP,0.00024772,"2017-07-11 22:25:01"
IOP,0.00024772,"2017-07-11 22:30:01"
IOP,0.00024772,"2017-07-11 22:35:02"
IOP,0.00024772,"2017-07-11 22:40:01"
IOP,0.00024772,"2017-07-11 22:45:02"
IOP,0.00024772,"2017-07-11 22:50:02"
IOP,0.00024772,"2017-07-11 22:55:01"
IOP,0.00024772,"2017-07-11 23:00:02"
IOP,0.00024772,"2017-07-11 23:05:01"
IOP,0.00024772,"2017-07-11 23:10:01"
IOP,0.00024772,"2017-07-11 23:15:02"
IOP,0.00024772,"2017-07-11 23:20:02"
IOP,0.00022173,"2017-07-11 23:25:02"
IOP,0.00024491,"2017-07-11 23:30:03"
IOP,0.00024491,"2017-07-11 23:35:02"
IOP,0.00024491,"2017-07-11 23:40:02"
IOP,0.00024491,"2017-07-11 23:45:01"
IOP,0.00024491,"2017-07-11 23:50:01"
IOP,0.00024491,"2017-07-11 23:55:01"
IOP,0.00024491,"2017-07-12 00:00:03"
IOP,0.00024491,"2017-07-12 00:05:01"
IOP,0.00024491,"2017-07-12 00:10:02"
IOP,0.00024491,"2017-07-12 00:15:01"
IOP,0.00024491,"2017-07-12 00:20:01"
IOP,0.00024491,"2017-07-12 00:25:01"
IOP,0.00024491,"2017-07-12 00:30:01"
IOP,0.00021695,"2017-07-12 00:35:01"
IOP,0.00021695,"2017-07-12 00:40:02"
IOP,0.00021695,"2017-07-12 00:45:01"
IOP,0.00021695,"2017-07-12 00:50:01"
IOP,0.00021695,"2017-07-12 00:55:01"
IOP,0.0002369,"2017-07-12 01:00:02"
IOP,0.00024449,"2017-07-12 01:05:02"
IOP,0.00024449,"2017-07-12 01:10:02"
IOP,0.00024449,"2017-07-12 01:15:01"
IOP,0.00024449,"2017-07-12 01:20:01"
IOP,0.00024449,"2017-07-12 01:25:02"
IOP,0.00024449,"2017-07-12 01:30:01"
IOP,0.00024449,"2017-07-12 01:35:02"
IOP,0.00024449,"2017-07-12 01:40:01"
IOP,0.00024449,"2017-07-12 01:45:01"
IOP,0.00024449,"2017-07-12 01:50:02"
IOP,0.0002415,"2017-07-12 01:55:01"
IOP,0.0002415,"2017-07-12 02:00:02"
IOP,0.0002415,"2017-07-12 02:05:01"
IOP,0.0002415,"2017-07-12 02:10:01"
IOP,0.0002415,"2017-07-12 02:15:01"
IOP,0.0002415,"2017-07-12 02:20:01"
IOP,0.0002415,"2017-07-12 02:25:03"
IOP,0.0002415,"2017-07-12 02:30:02"
IOP,0.0002415,"2017-07-12 02:35:02"
IOP,0.0002415,"2017-07-12 02:40:02"
IOP,0.0002415,"2017-07-12 02:45:02"
IOP,0.0002415,"2017-07-12 02:50:01"
IOP,0.0002415,"2017-07-12 02:55:01"
IOP,0.0002415,"2017-07-12 03:00:02"
IOP,0.0002415,"2017-07-12 03:05:01"
IOP,0.0002415,"2017-07-12 03:10:01"
IOP,0.0002415,"2017-07-12 03:15:02"
IOP,0.0002415,"2017-07-12 03:20:02"
IOP,0.0002415,"2017-07-12 03:25:01"
IOP,0.00021771,"2017-07-12 03:30:01"
IOP,0.00021771,"2017-07-12 03:35:01"
IOP,0.00021776,"2017-07-12 03:40:02"
IOP,0.00021776,"2017-07-12 03:45:02"
IOP,0.00021776,"2017-07-12 03:50:01"
IOP,0.00021776,"2017-07-12 03:55:01"
IOP,0.00021776,"2017-07-12 04:00:01"
IOP,0.00021776,"2017-07-12 04:05:02"
IOP,0.00021776,"2017-07-12 04:10:02"
IOP,0.00021776,"2017-07-12 04:15:01"
IOP,0.00021776,"2017-07-12 04:20:01"
IOP,0.00021776,"2017-07-12 04:25:01"
IOP,0.00021776,"2017-07-12 04:30:02"
IOP,0.00021558,"2017-07-12 04:35:04"
IOP,0.00021558,"2017-07-12 04:40:01"
IOP,0.00021558,"2017-07-12 04:45:01"
IOP,0.00021558,"2017-07-12 04:50:01"
IOP,0.00021558,"2017-07-12 04:55:02"
IOP,0.00021558,"2017-07-12 05:00:02"
IOP,0.00021367,"2017-07-12 05:05:01"
IOP,0.00021367,"2017-07-12 05:10:02"
IOP,0.00021367,"2017-07-12 05:15:01"
IOP,0.00021367,"2017-07-12 05:20:01"
IOP,0.00021367,"2017-07-12 05:25:02"
IOP,0.00021367,"2017-07-12 05:30:01"
IOP,0.00021367,"2017-07-12 05:35:02"
IOP,0.00021367,"2017-07-12 05:40:01"
IOP,0.00021367,"2017-07-12 05:45:02"
IOP,0.00021367,"2017-07-12 05:50:01"
IOP,0.00021367,"2017-07-12 05:55:01"
IOP,0.00021689,"2017-07-12 06:00:03"
IOP,0.00021689,"2017-07-12 06:05:01"
IOP,0.00022577,"2017-07-12 06:10:02"
IOP,0.00022577,"2017-07-12 06:15:02"
IOP,0.00022577,"2017-07-12 06:20:01"
IOP,0.00022577,"2017-07-12 06:25:02"
IOP,0.00022577,"2017-07-12 06:30:02"
IOP,0.00022577,"2017-07-12 06:35:02"
IOP,0.00022577,"2017-07-12 06:40:01"
IOP,0.00022577,"2017-07-12 06:45:01"
IOP,0.00022577,"2017-07-12 06:50:04"
IOP,0.00021683,"2017-07-12 06:55:02"
IOP,0.00021683,"2017-07-12 07:00:02"
IOP,0.0002296,"2017-07-12 07:05:01"
IOP,0.0002296,"2017-07-12 07:10:01"
IOP,0.0002296,"2017-07-12 07:15:01"
IOP,0.0002296,"2017-07-12 07:20:02"
IOP,0.0002296,"2017-07-12 07:25:01"
IOP,0.0002296,"2017-07-12 07:30:02"
IOP,0.0002296,"2017-07-12 07:35:02"
IOP,0.0002296,"2017-07-12 07:40:02"
IOP,0.0002296,"2017-07-12 07:45:01"
IOP,0.0002296,"2017-07-12 07:50:01"
IOP,0.0002296,"2017-07-12 07:55:02"
IOP,0.0002296,"2017-07-12 08:00:02"
IOP,0.0002296,"2017-07-12 08:05:01"
IOP,0.0002296,"2017-07-12 08:10:01"
IOP,0.0002296,"2017-07-12 08:15:01"
IOP,0.0002296,"2017-07-12 08:20:02"
IOP,0.0002296,"2017-07-12 08:25:01"
IOP,0.0002296,"2017-07-12 08:30:01"
IOP,0.0002296,"2017-07-12 08:35:02"
IOP,0.00022979,"2017-07-12 08:40:01"
IOP,0.00024062,"2017-07-12 08:45:01"
IOP,0.00023999,"2017-07-12 08:50:01"
IOP,0.00023999,"2017-07-12 08:55:02"
IOP,0.00023999,"2017-07-12 09:00:01"
IOP,0.00023999,"2017-07-12 09:05:01"
IOP,0.00023999,"2017-07-12 09:10:02"
IOP,0.00022569,"2017-07-12 09:15:02"
IOP,0.00022569,"2017-07-12 09:20:02"
IOP,0.00022569,"2017-07-12 09:25:01"
IOP,0.00022569,"2017-07-12 09:30:02"
IOP,0.00022569,"2017-07-12 09:35:01"
IOP,0.00022569,"2017-07-12 09:40:01"
IOP,0.00022569,"2017-07-12 09:45:02"
IOP,0.00022569,"2017-07-12 09:50:02"
IOP,0.00022569,"2017-07-12 09:55:01"
IOP,0.00022569,"2017-07-12 10:00:02"
IOP,0.000239,"2017-07-12 10:05:02"
IOP,0.000239,"2017-07-12 10:10:01"
IOP,0.000239,"2017-07-12 10:15:02"
IOP,0.000239,"2017-07-12 10:20:02"
IOP,0.000239,"2017-07-12 10:25:01"
IOP,0.000239,"2017-07-12 10:30:02"
IOP,0.000239,"2017-07-12 10:35:01"
IOP,0.000239,"2017-07-12 10:40:01"
IOP,0.000239,"2017-07-12 10:45:01"
IOP,0.000239,"2017-07-12 10:50:01"
IOP,0.00023896,"2017-07-12 10:55:02"
IOP,0.00023896,"2017-07-12 11:00:03"
IOP,0.00023896,"2017-07-12 11:05:01"
IOP,0.00023896,"2017-07-12 11:10:01"
IOP,0.00023896,"2017-07-12 11:15:03"
IOP,0.00023896,"2017-07-12 11:20:01"
IOP,0.00023896,"2017-07-12 11:25:02"
IOP,0.00023896,"2017-07-12 11:30:02"
IOP,0.00023896,"2017-07-12 11:35:01"
IOP,0.00023896,"2017-07-12 11:40:01"
IOP,0.00023896,"2017-07-12 11:45:02"
IOP,0.00023896,"2017-07-12 11:50:01"
IOP,0.00023889,"2017-07-12 11:55:01"
IOP,0.00023889,"2017-07-12 12:00:02"
IOP,0.00023889,"2017-07-12 12:05:02"
IOP,0.00023889,"2017-07-12 12:10:01"
IOP,0.00023889,"2017-07-12 12:15:01"
IOP,0.00023889,"2017-07-12 12:20:01"
IOP,0.0002318,"2017-07-12 12:25:01"
IOP,0.0002318,"2017-07-12 12:30:02"
IOP,0.00021034,"2017-07-12 12:35:02"
IOP,0.00021315,"2017-07-12 12:40:02"
IOP,0.00021315,"2017-07-12 12:45:02"
IOP,0.00021315,"2017-07-12 12:50:01"
IOP,0.00021315,"2017-07-12 12:55:01"
IOP,0.00021315,"2017-07-12 13:00:02"
IOP,0.00023891,"2017-07-12 13:05:02"
IOP,0.00022757,"2017-07-12 13:10:02"
IOP,0.00022757,"2017-07-12 13:15:02"
IOP,0.00022757,"2017-07-12 13:20:02"
IOP,0.00022757,"2017-07-12 13:25:02"
IOP,0.00022757,"2017-07-12 13:30:02"
IOP,0.00022757,"2017-07-12 13:35:01"
IOP,0.00022757,"2017-07-12 13:40:01"
IOP,0.00022757,"2017-07-12 13:45:01"
IOP,0.00022757,"2017-07-12 13:50:02"
IOP,0.00022757,"2017-07-12 13:55:02"
IOP,0.00022757,"2017-07-12 14:00:06"
IOP,0.00022757,"2017-07-12 14:05:01"
IOP,0.00022757,"2017-07-12 14:10:01"
IOP,0.00022757,"2017-07-12 14:15:02"
IOP,0.00023892,"2017-07-12 14:20:02"
IOP,0.00022356,"2017-07-12 14:25:02"
IOP,0.00022356,"2017-07-12 14:30:01"
IOP,0.00023503,"2017-07-12 14:35:02"
IOP,0.00023503,"2017-07-12 14:40:02"
IOP,0.00023503,"2017-07-12 14:45:01"
IOP,0.00023503,"2017-07-12 14:50:01"
IOP,0.00023503,"2017-07-12 14:55:02"
IOP,0.00023143,"2017-07-12 15:00:02"
IOP,0.00023216,"2017-07-12 15:05:01"
IOP,0.00022428,"2017-07-12 15:10:01"
IOP,0.00022428,"2017-07-12 15:15:02"
IOP,0.00022428,"2017-07-12 15:20:02"
IOP,0.00022492,"2017-07-12 15:25:02"
IOP,0.0002111,"2017-07-12 15:30:01"
IOP,0.0002111,"2017-07-12 15:35:01"
IOP,0.0002111,"2017-07-12 15:40:01"
IOP,0.0002111,"2017-07-12 15:45:08"
IOP,0.0002111,"2017-07-12 15:50:02"
IOP,0.0002111,"2017-07-12 15:55:02"
IOP,0.0002111,"2017-07-12 16:00:01"
IOP,0.0002111,"2017-07-12 16:05:01"
IOP,0.0002111,"2017-07-12 16:10:02"
IOP,0.0002111,"2017-07-12 16:15:02"
IOP,0.0002111,"2017-07-12 16:20:01"
IOP,0.00023461,"2017-07-12 16:25:01"
IOP,0.00023461,"2017-07-12 16:30:02"
IOP,0.00022814,"2017-07-12 16:35:01"
IOP,0.00023411,"2017-07-12 16:40:02"
IOP,0.00023512,"2017-07-12 16:45:02"
IOP,0.00023512,"2017-07-12 16:50:02"
IOP,0.00022753,"2017-07-12 16:55:01"
IOP,0.00022753,"2017-07-12 17:00:02"
IOP,0.00022753,"2017-07-12 17:05:01"
IOP,0.00023512,"2017-07-12 17:10:01"
IOP,0.00023511,"2017-07-12 17:15:01"
IOP,0.00023511,"2017-07-12 17:20:01"
IOP,0.00023511,"2017-07-12 17:25:01"
IOP,0.00022255,"2017-07-12 17:30:02"
IOP,0.00022255,"2017-07-12 17:35:02"
IOP,0.00022255,"2017-07-12 17:40:01"
IOP,0.00023493,"2017-07-12 17:45:01"
IOP,0.00023493,"2017-07-12 17:50:02"
IOP,0.0002302,"2017-07-12 17:55:01"
IOP,0.00023,"2017-07-12 18:00:03"
IOP,0.00023,"2017-07-12 18:05:01"
IOP,0.00023,"2017-07-12 18:10:02"
IOP,0.00023,"2017-07-12 18:15:02"
IOP,0.00023,"2017-07-12 18:20:12"
IOP,0.00023,"2017-07-12 18:25:02"
IOP,0.00023,"2017-07-12 18:30:03"
IOP,0.00023,"2017-07-12 18:35:01"
IOP,0.00022283,"2017-07-12 18:40:01"
IOP,0.00022283,"2017-07-12 18:45:02"
IOP,0.00022283,"2017-07-12 18:50:01"
IOP,0.00022283,"2017-07-12 18:55:01"
IOP,0.00022283,"2017-07-12 19:00:03"
IOP,0.00022283,"2017-07-12 19:05:01"
IOP,0.00022313,"2017-07-12 19:10:02"
IOP,0.00022313,"2017-07-12 19:15:01"
IOP,0.00022313,"2017-07-12 19:20:02"
IOP,0.00023096,"2017-07-12 19:25:02"
IOP,0.00023096,"2017-07-12 19:30:02"
IOP,0.00023096,"2017-07-12 19:35:01"
IOP,0.00023096,"2017-07-12 19:40:02"
IOP,0.00023096,"2017-07-12 19:45:02"
IOP,0.00023096,"2017-07-12 19:50:01"
IOP,0.00023096,"2017-07-12 19:55:01"
IOP,0.000231,"2017-07-12 20:00:01"
IOP,0.000231,"2017-07-12 20:05:01"
IOP,0.000231,"2017-07-12 20:10:01"
IOP,0.000231,"2017-07-12 20:15:01"
IOP,0.000231,"2017-07-12 20:20:04"
IOP,0.000231,"2017-07-12 20:25:01"
IOP,0.00023445,"2017-07-12 20:40:50"
IOP,0.000231,"2017-07-12 20:40:50"
IOP,0.00023102,"2017-07-12 20:40:50"
IOP,0.00023445,"2017-07-12 20:45:02"
IOP,0.00023445,"2017-07-12 20:50:01"
IOP,0.00023445,"2017-07-12 20:55:01"
IOP,0.00023445,"2017-07-12 21:00:02"
IOP,0.00023529,"2017-07-12 21:05:01"
IOP,0.00023529,"2017-07-12 21:10:02"
IOP,0.00023529,"2017-07-12 21:15:02"
IOP,0.00023529,"2017-07-12 21:20:02"
IOP,0.00023529,"2017-07-12 21:25:02"
IOP,0.00023529,"2017-07-12 21:30:01"
IOP,0.0002249,"2017-07-12 21:35:01"
IOP,0.0002249,"2017-07-12 21:40:01"
IOP,0.0002249,"2017-07-12 21:45:01"
IOP,0.0002249,"2017-07-12 21:50:02"
IOP,0.0002249,"2017-07-12 21:55:02"
IOP,0.0002249,"2017-07-12 22:00:02"
IOP,0.0002249,"2017-07-12 22:05:01"
IOP,0.00023575,"2017-07-12 22:10:01"
IOP,0.00023575,"2017-07-12 22:15:01"
IOP,0.00023575,"2017-07-12 22:20:02"
IOP,0.00024062,"2017-07-12 22:25:01"
IOP,0.00024062,"2017-07-12 22:30:02"
IOP,0.00024489,"2017-07-12 22:35:01"
IOP,0.0002449,"2017-07-12 22:40:01"
IOP,0.0002449,"2017-07-12 22:45:01"
IOP,0.0002449,"2017-07-12 22:50:02"
IOP,0.0002449,"2017-07-12 22:55:02"
IOP,0.0002449,"2017-07-12 23:00:02"
IOP,0.0002449,"2017-07-12 23:05:02"
IOP,0.0002449,"2017-07-12 23:10:02"
IOP,0.00024489,"2017-07-12 23:15:02"
IOP,0.00024489,"2017-07-12 23:20:01"
IOP,0.00024489,"2017-07-12 23:25:02"
IOP,0.00024489,"2017-07-12 23:30:02"
IOP,0.00023812,"2017-07-12 23:35:01"
IOP,0.00023816,"2017-07-12 23:40:01"
IOP,0.00023816,"2017-07-12 23:45:05"
IOP,0.00023817,"2017-07-12 23:50:01"
IOP,0.00023818,"2017-07-12 23:55:01"
IOP,0.00023818,"2017-07-13 00:00:01"
IOP,0.00022283,"2017-07-13 00:05:01"
IOP,0.0002232,"2017-07-13 00:10:02"
IOP,0.0002232,"2017-07-13 00:15:01"
IOP,0.00022395,"2017-07-13 00:20:01"
IOP,0.00022395,"2017-07-13 00:25:01"
IOP,0.00022001,"2017-07-13 00:30:01"
IOP,0.00022001,"2017-07-13 00:35:01"
IOP,0.00022008,"2017-07-13 00:40:01"
IOP,0.00022008,"2017-07-13 00:45:02"
IOP,0.00022,"2017-07-13 00:50:02"
IOP,0.00022,"2017-07-13 00:55:01"
IOP,0.00021609,"2017-07-13 01:00:01"
IOP,0.00021609,"2017-07-13 01:05:01"
IOP,0.00021609,"2017-07-13 01:10:02"
IOP,0.00021609,"2017-07-13 01:15:02"
IOP,0.00021609,"2017-07-13 01:20:01"
IOP,0.00021609,"2017-07-13 01:25:01"
IOP,0.00021609,"2017-07-13 01:30:02"
IOP,0.00021609,"2017-07-13 01:35:01"
IOP,0.00021609,"2017-07-13 01:40:02"
IOP,0.00021609,"2017-07-13 01:45:01"
IOP,0.00021609,"2017-07-13 01:50:02"
IOP,0.00021609,"2017-07-13 01:55:01"
IOP,0.00021609,"2017-07-13 02:00:01"
IOP,0.00021609,"2017-07-13 02:05:02"
IOP,0.00022512,"2017-07-13 02:10:01"
IOP,0.00022512,"2017-07-13 02:15:02"
IOP,0.00022512,"2017-07-13 02:20:02"
IOP,0.00022512,"2017-07-13 02:25:02"
IOP,0.00023933,"2017-07-13 02:30:02"
IOP,0.00023933,"2017-07-13 02:35:01"
IOP,0.00023933,"2017-07-13 02:40:01"
IOP,0.00023933,"2017-07-13 02:45:01"
IOP,0.00023933,"2017-07-13 02:50:02"
IOP,0.00023933,"2017-07-13 02:55:02"
IOP,0.00023933,"2017-07-13 03:00:01"
IOP,0.00023818,"2017-07-13 03:05:01"
IOP,0.00023818,"2017-07-13 03:10:01"
IOP,0.00023818,"2017-07-13 03:15:02"
IOP,0.00022626,"2017-07-13 03:20:01"
IOP,0.00022626,"2017-07-13 03:25:02"
IOP,0.00022116,"2017-07-13 03:30:05"
IOP,0.00022116,"2017-07-13 03:35:01"
IOP,0.00023933,"2017-07-13 03:40:01"
IOP,0.00023933,"2017-07-13 03:45:03"
IOP,0.00023933,"2017-07-13 03:50:02"
IOP,0.00023933,"2017-07-13 03:55:01"
IOP,0.00023933,"2017-07-13 04:00:01"
IOP,0.00023933,"2017-07-13 04:05:01"
IOP,0.00023933,"2017-07-13 04:10:02"
IOP,0.00023933,"2017-07-13 04:15:02"
IOP,0.00023933,"2017-07-13 04:20:01"
IOP,0.00023933,"2017-07-13 04:25:03"
IOP,0.00022709,"2017-07-13 04:30:02"
IOP,0.00022644,"2017-07-13 04:35:01"
IOP,0.00022646,"2017-07-13 04:40:01"
IOP,0.00022648,"2017-07-13 04:45:02"
IOP,0.00022877,"2017-07-13 04:50:01"
IOP,0.00022877,"2017-07-13 04:55:01"
IOP,0.00022877,"2017-07-13 05:00:01"
IOP,0.00022877,"2017-07-13 05:05:01"
IOP,0.00022877,"2017-07-13 05:10:01"
IOP,0.00022877,"2017-07-13 05:15:02"
IOP,0.00022877,"2017-07-13 05:20:02"
IOP,0.00022877,"2017-07-13 05:25:01"
IOP,0.00022877,"2017-07-13 05:30:02"
IOP,0.00022877,"2017-07-13 05:35:01"
IOP,0.00022877,"2017-07-13 05:40:02"
IOP,0.00022877,"2017-07-13 05:45:01"
IOP,0.00022877,"2017-07-13 05:50:02"
IOP,0.00022877,"2017-07-13 05:55:01"
IOP,0.00022877,"2017-07-13 06:00:01"
IOP,0.00022877,"2017-07-13 06:05:01"
IOP,0.000235,"2017-07-13 06:10:02"
IOP,0.000235,"2017-07-13 06:15:04"
IOP,0.000235,"2017-07-13 06:20:01"
IOP,0.000235,"2017-07-13 06:25:02"
IOP,0.000235,"2017-07-13 06:30:02"
IOP,0.000235,"2017-07-13 06:35:01"
IOP,0.000235,"2017-07-13 06:40:02"
IOP,0.000235,"2017-07-13 06:45:01"
IOP,0.000235,"2017-07-13 06:50:02"
IOP,0.000235,"2017-07-13 06:55:01"
IOP,0.000235,"2017-07-13 07:00:02"
IOP,0.000235,"2017-07-13 07:05:02"
IOP,0.00022877,"2017-07-13 07:10:01"
IOP,0.00023469,"2017-07-13 07:15:02"
IOP,0.00023469,"2017-07-13 07:20:02"
IOP,0.00022493,"2017-07-13 07:25:01"
IOP,0.00023404,"2017-07-13 07:30:01"
IOP,0.00023389,"2017-07-13 07:35:01"
IOP,0.00023389,"2017-07-13 07:40:01"
IOP,0.00023389,"2017-07-13 07:45:01"
IOP,0.00023389,"2017-07-13 07:50:02"
IOP,0.00023389,"2017-07-13 07:55:02"
IOP,0.00023389,"2017-07-13 08:00:02"
IOP,0.00021928,"2017-07-13 08:05:01"
IOP,0.00021928,"2017-07-13 08:10:01"
IOP,0.00021928,"2017-07-13 08:15:01"
IOP,0.00021928,"2017-07-13 08:20:01"
IOP,0.00021928,"2017-07-13 08:25:01"
IOP,0.00022925,"2017-07-13 08:30:02"
IOP,0.00022925,"2017-07-13 08:35:02"
IOP,0.00022925,"2017-07-13 08:40:01"
IOP,0.00022925,"2017-07-13 08:45:01"
IOP,0.00022925,"2017-07-13 08:50:02"
IOP,0.00022925,"2017-07-13 08:55:02"
IOP,0.00022823,"2017-07-13 09:00:02"
IOP,0.00022823,"2017-07-13 09:05:01"
IOP,0.00022823,"2017-07-13 09:10:01"
IOP,0.00022823,"2017-07-13 09:15:02"
IOP,0.00022823,"2017-07-13 09:20:01"
IOP,0.00022823,"2017-07-13 09:25:01"
IOP,0.00022823,"2017-07-13 09:30:02"
IOP,0.0002249,"2017-07-13 09:35:02"
IOP,0.0002249,"2017-07-13 09:40:02"
IOP,0.0002249,"2017-07-13 09:45:02"
IOP,0.0002249,"2017-07-13 09:50:02"
IOP,0.00022048,"2017-07-13 09:55:02"
IOP,0.00022048,"2017-07-13 10:00:02"
IOP,0.00022096,"2017-07-13 10:05:02"
IOP,0.00022096,"2017-07-13 10:10:01"
IOP,0.00022155,"2017-07-13 10:15:02"
IOP,0.00022155,"2017-07-13 10:20:01"
IOP,0.00022155,"2017-07-13 10:25:01"
IOP,0.00022155,"2017-07-13 10:30:02"
IOP,0.00022155,"2017-07-13 10:35:01"
IOP,0.00022155,"2017-07-13 10:40:02"
IOP,0.00022155,"2017-07-13 10:45:02"
IOP,0.00022155,"2017-07-13 10:50:01"
IOP,0.00022155,"2017-07-13 10:55:01"
IOP,0.00022843,"2017-07-13 11:00:02"
IOP,0.00022843,"2017-07-13 11:05:02"
IOP,0.00022843,"2017-07-13 11:10:01"
IOP,0.00022843,"2017-07-13 11:15:02"
IOP,0.00022838,"2017-07-13 11:20:02"
IOP,0.00022838,"2017-07-13 11:25:01"
IOP,0.00022838,"2017-07-13 11:30:02"
IOP,0.00022975,"2017-07-13 11:35:01"
IOP,0.000235,"2017-07-13 11:40:02"
IOP,0.00024073,"2017-07-13 11:45:01"
IOP,0.00024489,"2017-07-13 11:50:01"
IOP,0.00024491,"2017-07-13 11:55:02"
IOP,0.0002449,"2017-07-13 12:00:01"
IOP,0.0002449,"2017-07-13 12:05:01"
IOP,0.0002449,"2017-07-13 12:10:01"
IOP,0.000244,"2017-07-13 12:15:02"
IOP,0.00023226,"2017-07-13 12:20:01"
IOP,0.00023204,"2017-07-13 12:25:02"
IOP,0.00023204,"2017-07-13 12:30:02"
IOP,0.00023204,"2017-07-13 12:35:02"
IOP,0.00023204,"2017-07-13 12:40:01"
IOP,0.00023204,"2017-07-13 12:45:01"
IOP,0.00023204,"2017-07-13 12:50:01"
IOP,0.00023216,"2017-07-13 12:55:01"
IOP,0.00023216,"2017-07-13 13:00:03"
IOP,0.00023216,"2017-07-13 13:05:01"
IOP,0.00023877,"2017-07-13 13:10:02"
IOP,0.00023877,"2017-07-13 13:15:01"
IOP,0.00023877,"2017-07-13 13:20:01"
IOP,0.00024,"2017-07-13 13:25:01"
IOP,0.00023751,"2017-07-13 13:30:02"
IOP,0.00023751,"2017-07-13 13:35:02"
IOP,0.00023751,"2017-07-13 13:40:01"
IOP,0.00024492,"2017-07-13 13:45:02"
IOP,0.00024493,"2017-07-13 13:50:02"
IOP,0.00024499,"2017-07-13 13:55:02"
IOP,0.00024499,"2017-07-13 14:00:01"
IOP,0.00024499,"2017-07-13 14:05:01"
IOP,0.00023424,"2017-07-13 14:10:01"
IOP,0.00023424,"2017-07-13 14:15:02"
IOP,0.00023424,"2017-07-13 14:20:01"
IOP,0.00024351,"2017-07-13 14:25:01"
IOP,0.00024351,"2017-07-13 14:30:02"
IOP,0.00024351,"2017-07-13 14:35:01"
IOP,0.00024351,"2017-07-13 14:40:02"
IOP,0.00024351,"2017-07-13 14:45:01"
IOP,0.00024351,"2017-07-13 14:50:01"
IOP,0.00024351,"2017-07-13 14:55:01"
IOP,0.00024483,"2017-07-13 15:00:01"
IOP,0.000244,"2017-07-13 15:05:02"
IOP,0.000244,"2017-07-13 15:10:01"
IOP,0.000244,"2017-07-13 15:15:02"
IOP,0.000244,"2017-07-13 15:20:01"
IOP,0.000244,"2017-07-13 15:25:02"
IOP,0.000244,"2017-07-13 15:30:01"
IOP,0.000244,"2017-07-13 15:35:01"
IOP,0.000244,"2017-07-13 15:40:01"
IOP,0.000244,"2017-07-13 15:45:02"
IOP,0.000244,"2017-07-13 15:50:02"
IOP,0.000244,"2017-07-13 15:55:02"
IOP,0.000244,"2017-07-13 16:00:02"
IOP,0.000244,"2017-07-13 16:05:02"
IOP,0.00025007,"2017-07-13 16:10:01"
IOP,0.00025007,"2017-07-13 16:15:02"
IOP,0.00024993,"2017-07-13 16:20:01"
IOP,0.00025998,"2017-07-13 16:25:02"
IOP,0.00025997,"2017-07-13 16:30:01"
IOP,0.00026592,"2017-07-13 16:35:02"
IOP,0.00026,"2017-07-13 16:40:01"
IOP,0.00026,"2017-07-13 16:45:02"
IOP,0.00026583,"2017-07-13 16:50:01"
IOP,0.00026583,"2017-07-13 16:55:02"
IOP,0.00026583,"2017-07-13 17:00:02"
IOP,0.00026583,"2017-07-13 17:05:02"
IOP,0.0002658,"2017-07-13 17:10:01"
IOP,0.0002658,"2017-07-13 17:15:01"
IOP,0.00026612,"2017-07-13 17:20:02"
IOP,0.00027054,"2017-07-13 17:25:01"
IOP,0.00027054,"2017-07-13 17:30:01"
IOP,0.00027054,"2017-07-13 17:35:01"
IOP,0.00027054,"2017-07-13 17:40:02"
IOP,0.0003,"2017-07-13 17:45:02"
IOP,0.00034008,"2017-07-13 17:50:02"
IOP,0.00031997,"2017-07-13 17:55:02"
IOP,0.00032283,"2017-07-13 18:00:02"
IOP,0.00026988,"2017-07-13 18:05:02"
IOP,0.00028942,"2017-07-13 18:10:01"
IOP,0.000289,"2017-07-13 18:15:01"
IOP,0.000289,"2017-07-13 18:20:02"
IOP,0.000289,"2017-07-13 18:25:02"
IOP,0.000289,"2017-07-13 18:30:01"
IOP,0.000289,"2017-07-13 18:35:01"
IOP,0.00026415,"2017-07-13 18:40:01"
IOP,0.00026357,"2017-07-13 18:45:02"
IOP,0.00026357,"2017-07-13 18:50:02"
IOP,0.00024677,"2017-07-13 18:55:01"
IOP,0.00024677,"2017-07-13 19:00:01"
IOP,0.00024677,"2017-07-13 19:05:01"
IOP,0.00024712,"2017-07-13 19:10:01"
IOP,0.00024712,"2017-07-13 19:15:02"
IOP,0.00024712,"2017-07-13 19:20:01"
IOP,0.00024712,"2017-07-13 19:25:02"
IOP,0.00024712,"2017-07-13 19:30:02"
IOP,0.00024712,"2017-07-13 19:35:01"
IOP,0.00024712,"2017-07-13 19:40:02"
IOP,0.00024712,"2017-07-13 19:45:02"
IOP,0.0002475,"2017-07-13 19:50:01"
IOP,0.00024149,"2017-07-13 19:55:01"
IOP,0.00024149,"2017-07-13 20:00:02"
IOP,0.00024149,"2017-07-13 20:05:02"
IOP,0.00024149,"2017-07-13 20:10:01"
IOP,0.00024149,"2017-07-13 20:15:01"
IOP,0.00025792,"2017-07-13 20:20:01"
IOP,0.0002423,"2017-07-13 20:25:01"
IOP,0.000243,"2017-07-13 20:30:02"
IOP,0.00025024,"2017-07-13 20:35:01"
IOP,0.00025685,"2017-07-13 20:40:01"
IOP,0.00025685,"2017-07-13 20:45:01"
IOP,0.00025598,"2017-07-13 20:50:01"
IOP,0.00025598,"2017-07-13 20:55:02"
IOP,0.00025598,"2017-07-13 21:00:07"
IOP,0.00025598,"2017-07-13 21:05:01"
IOP,0.00025598,"2017-07-13 21:10:02"
IOP,0.00025598,"2017-07-13 21:15:02"
IOP,0.00025463,"2017-07-13 21:20:01"
IOP,0.00025463,"2017-07-13 21:25:01"
IOP,0.00025463,"2017-07-13 21:30:01"
IOP,0.00025463,"2017-07-13 21:35:01"
IOP,0.00025554,"2017-07-13 21:40:02"
IOP,0.00025554,"2017-07-13 21:45:04"
IOP,0.00025554,"2017-07-13 21:50:02"
IOP,0.00025554,"2017-07-13 21:55:01"
IOP,0.00025554,"2017-07-13 22:00:02"
IOP,0.00025554,"2017-07-13 22:05:01"
IOP,0.00026011,"2017-07-13 22:10:01"
IOP,0.00026011,"2017-07-13 22:15:01"
IOP,0.00026011,"2017-07-13 22:20:01"
IOP,0.00026011,"2017-07-13 22:25:02"
IOP,0.00026011,"2017-07-13 22:30:02"
IOP,0.00026011,"2017-07-13 22:35:01"
IOP,0.00025634,"2017-07-13 22:40:01"
IOP,0.00025554,"2017-07-13 22:45:01"
IOP,0.00025554,"2017-07-13 22:50:02"
IOP,0.00025554,"2017-07-13 22:55:02"
IOP,0.00025554,"2017-07-13 23:00:02"
IOP,0.00026691,"2017-07-13 23:05:01"
IOP,0.00026691,"2017-07-13 23:10:01"
IOP,0.00026996,"2017-07-13 23:15:01"
IOP,0.00026999,"2017-07-13 23:20:01"
IOP,0.00027244,"2017-07-13 23:25:01"
IOP,0.00027923,"2017-07-13 23:30:02"
IOP,0.00027925,"2017-07-13 23:35:02"
IOP,0.0002892,"2017-07-13 23:40:01"
IOP,0.00029002,"2017-07-13 23:45:01"
IOP,0.00029995,"2017-07-13 23:50:02"
IOP,0.0003,"2017-07-13 23:55:02"
IOP,0.0003075,"2017-07-14 00:00:02"
IOP,0.0003081,"2017-07-14 00:05:01"
IOP,0.0003081,"2017-07-14 00:10:01"
IOP,0.00031055,"2017-07-14 00:15:01"
IOP,0.0003075,"2017-07-14 00:20:02"
IOP,0.0003075,"2017-07-14 00:25:02"
IOP,0.0003075,"2017-07-14 00:30:02"
IOP,0.0003,"2017-07-14 00:35:01"
IOP,0.0003,"2017-07-14 00:40:02"
IOP,0.00030021,"2017-07-14 00:45:01"
IOP,0.00030021,"2017-07-14 00:50:01"
IOP,0.00030074,"2017-07-14 00:55:01"
IOP,0.00030074,"2017-07-14 01:00:01"
IOP,0.00030074,"2017-07-14 01:05:01"
IOP,0.00030074,"2017-07-14 01:10:01"
IOP,0.00032059,"2017-07-14 01:15:02"
IOP,0.00032283,"2017-07-14 01:20:01"
IOP,0.00031841,"2017-07-14 01:25:01"
IOP,0.00031841,"2017-07-14 01:30:02"
IOP,0.00031841,"2017-07-14 01:35:01"
IOP,0.00031841,"2017-07-14 01:40:02"
IOP,0.00030331,"2017-07-14 01:45:02"
IOP,0.00030331,"2017-07-14 01:50:02"
IOP,0.00030331,"2017-07-14 01:55:02"
IOP,0.00031003,"2017-07-14 02:00:02"
IOP,0.00030354,"2017-07-14 02:05:01"
IOP,0.00030354,"2017-07-14 02:10:01"
IOP,0.00030354,"2017-07-14 02:15:01"
IOP,0.00030356,"2017-07-14 02:20:02"
IOP,0.00030356,"2017-07-14 02:25:01"
IOP,0.00030356,"2017-07-14 02:30:01"
IOP,0.0003037,"2017-07-14 02:35:02"
IOP,0.0003037,"2017-07-14 02:40:02"
IOP,0.0003037,"2017-07-14 02:45:02"
IOP,0.00030997,"2017-07-14 02:50:02"
IOP,0.00030997,"2017-07-14 02:55:01"
IOP,0.00030997,"2017-07-14 03:00:01"
IOP,0.00031596,"2017-07-14 03:05:02"
IOP,0.00031596,"2017-07-14 03:10:05"
IOP,0.0003,"2017-07-14 03:15:01"
IOP,0.00029016,"2017-07-14 03:20:01"
IOP,0.00029016,"2017-07-14 03:25:01"
IOP,0.00029016,"2017-07-14 03:30:01"
IOP,0.00027509,"2017-07-14 03:35:02"
IOP,0.00027509,"2017-07-14 03:40:02"
IOP,0.00027552,"2017-07-14 03:45:01"
IOP,0.00027552,"2017-07-14 03:50:02"
IOP,0.00027552,"2017-07-14 03:55:02"
IOP,0.00027585,"2017-07-14 04:00:01"
IOP,0.00027585,"2017-07-14 04:05:02"
IOP,0.00027513,"2017-07-14 04:10:01"
IOP,0.00027513,"2017-07-14 04:15:07"
IOP,0.00027513,"2017-07-14 04:20:02"
IOP,0.00027513,"2017-07-14 04:25:01"
IOP,0.00027513,"2017-07-14 04:30:01"
IOP,0.00027513,"2017-07-14 04:35:07"
IOP,0.00027657,"2017-07-14 04:40:02"
IOP,0.00027657,"2017-07-14 04:45:01"
IOP,0.00027657,"2017-07-14 04:50:01"
IOP,0.00027632,"2017-07-14 04:55:01"
IOP,0.00027722,"2017-07-14 05:00:02"
IOP,0.00027737,"2017-07-14 05:05:01"
IOP,0.00027737,"2017-07-14 05:10:01"
IOP,0.00027737,"2017-07-14 05:15:02"
IOP,0.00027737,"2017-07-14 05:20:01"
IOP,0.00027737,"2017-07-14 05:25:02"
IOP,0.00027737,"2017-07-14 05:30:01"
IOP,0.00027737,"2017-07-14 05:35:02"
IOP,0.00027737,"2017-07-14 05:40:02"
IOP,0.00031157,"2017-07-14 05:45:02"
IOP,0.00029079,"2017-07-14 05:50:01"
IOP,0.00029079,"2017-07-14 05:55:02"
IOP,0.000311,"2017-07-14 06:00:02"
IOP,0.00030094,"2017-07-14 06:05:01"
IOP,0.00030095,"2017-07-14 06:10:01"
IOP,0.00029021,"2017-07-14 06:15:02"
IOP,0.00029021,"2017-07-14 06:20:01"
IOP,0.00029021,"2017-07-14 06:25:02"
IOP,0.00029021,"2017-07-14 06:30:02"
IOP,0.00029021,"2017-07-14 06:35:01"
IOP,0.00030549,"2017-07-14 06:40:02"
IOP,0.00030804,"2017-07-14 06:45:01"
IOP,0.00030804,"2017-07-14 06:50:01"
IOP,0.00030804,"2017-07-14 06:55:01"
IOP,0.00030804,"2017-07-14 07:00:02"
IOP,0.00030804,"2017-07-14 07:05:01"
IOP,0.00030804,"2017-07-14 07:10:01"
IOP,0.00030804,"2017-07-14 07:15:02"
IOP,0.00030804,"2017-07-14 07:20:02"
IOP,0.00030804,"2017-07-14 07:25:02"
IOP,0.00030804,"2017-07-14 07:30:02"
IOP,0.00031017,"2017-07-14 07:35:02"
IOP,0.00031017,"2017-07-14 07:40:02"
IOP,0.00031015,"2017-07-14 07:45:02"
IOP,0.00030824,"2017-07-14 07:50:01"
IOP,0.00030793,"2017-07-14 07:55:01"
IOP,0.00029749,"2017-07-14 08:00:01"
IOP,0.00029725,"2017-07-14 08:05:02"
IOP,0.00031088,"2017-07-14 08:10:02"
IOP,0.00031088,"2017-07-14 08:15:01"
IOP,0.00031088,"2017-07-14 08:20:02"
IOP,0.00031088,"2017-07-14 08:25:01"
IOP,0.00031088,"2017-07-14 08:30:02"
IOP,0.00031084,"2017-07-14 08:35:02"
IOP,0.00031084,"2017-07-14 08:40:02"
IOP,0.00029949,"2017-07-14 08:45:01"
IOP,0.00029949,"2017-07-14 08:50:01"
IOP,0.00031048,"2017-07-14 08:55:01"
IOP,0.00031048,"2017-07-14 09:00:02"
IOP,0.00030499,"2017-07-14 09:05:01"
IOP,0.00030499,"2017-07-14 09:10:01"
IOP,0.00030499,"2017-07-14 09:15:02"
IOP,0.00030015,"2017-07-14 09:20:01"
IOP,0.00030015,"2017-07-14 09:25:02"
IOP,0.00030015,"2017-07-14 09:30:01"
IOP,0.00030015,"2017-07-14 09:35:01"
IOP,0.00030996,"2017-07-14 09:40:02"
IOP,0.00030988,"2017-07-14 09:45:01"
IOP,0.0003108,"2017-07-14 09:50:02"
IOP,0.000311,"2017-07-14 09:55:01"
IOP,0.000311,"2017-07-14 10:00:02"
IOP,0.000311,"2017-07-14 10:05:01"
IOP,0.00030112,"2017-07-14 10:10:01"
IOP,0.00030112,"2017-07-14 10:15:02"
IOP,0.0003,"2017-07-14 10:20:01"
IOP,0.00030001,"2017-07-14 10:25:02"
IOP,0.00030001,"2017-07-14 10:30:01"
IOP,0.00030001,"2017-07-14 10:35:02"
IOP,0.00030001,"2017-07-14 10:40:01"
IOP,0.00030001,"2017-07-14 10:45:02"
IOP,0.00031076,"2017-07-14 10:50:01"
IOP,0.000311,"2017-07-14 10:55:01"
IOP,0.000311,"2017-07-14 11:00:01"
IOP,0.000311,"2017-07-14 11:05:01"
IOP,0.000311,"2017-07-14 11:10:06"
IOP,0.000311,"2017-07-14 11:15:02"
IOP,0.000311,"2017-07-14 11:20:01"
IOP,0.000311,"2017-07-14 11:25:01"
IOP,0.000311,"2017-07-14 11:30:02"
IOP,0.00029936,"2017-07-14 11:35:02"
IOP,0.00029936,"2017-07-14 11:40:01"
IOP,0.00029725,"2017-07-14 11:45:01"
IOP,0.00029725,"2017-07-14 11:50:02"
IOP,0.000311,"2017-07-14 11:55:01"
IOP,0.000311,"2017-07-14 12:00:02"
IOP,0.00032,"2017-07-14 12:05:01"
IOP,0.00031161,"2017-07-14 12:10:01"
IOP,0.00031161,"2017-07-14 12:15:02"
IOP,0.00031161,"2017-07-14 12:20:01"
IOP,0.00031161,"2017-07-14 12:25:02"
IOP,0.00031161,"2017-07-14 12:30:02"
IOP,0.00031161,"2017-07-14 12:35:02"
IOP,0.00031161,"2017-07-14 12:40:01"
IOP,0.00031922,"2017-07-14 12:45:02"
IOP,0.00032284,"2017-07-14 12:50:01"
IOP,0.00032999,"2017-07-14 12:55:02"
IOP,0.000335,"2017-07-14 13:00:02"
IOP,0.00033899,"2017-07-14 13:05:02"
IOP,0.00033899,"2017-07-14 13:10:02"
IOP,0.00033548,"2017-07-14 13:15:02"
IOP,0.00033548,"2017-07-14 13:20:01"
IOP,0.00033548,"2017-07-14 13:25:01"
IOP,0.00033548,"2017-07-14 13:30:02"
IOP,0.00033548,"2017-07-14 13:35:02"
IOP,0.00033548,"2017-07-14 13:40:01"
IOP,0.00033546,"2017-07-14 13:45:01"
IOP,0.000339,"2017-07-14 13:50:02"
IOP,0.000339,"2017-07-14 13:55:02"
IOP,0.000339,"2017-07-14 14:00:02"
IOP,0.00033546,"2017-07-14 14:05:02"
IOP,0.00033546,"2017-07-14 14:10:02"
IOP,0.00033546,"2017-07-14 14:15:01"
IOP,0.00034,"2017-07-14 14:20:02"
IOP,0.00033899,"2017-07-14 14:25:01"
IOP,0.00033899,"2017-07-14 14:30:01"
IOP,0.0003389,"2017-07-14 14:35:01"
IOP,0.0003389,"2017-07-14 14:40:02"
IOP,0.00034,"2017-07-14 14:45:02"
IOP,0.00034,"2017-07-14 14:50:01"
IOP,0.00034,"2017-07-14 14:55:01"
IOP,0.00034,"2017-07-14 15:00:01"
IOP,0.0003399,"2017-07-14 15:05:02"
IOP,0.00033814,"2017-07-14 15:10:01"
IOP,0.00033814,"2017-07-14 15:15:01"
IOP,0.00029402,"2017-07-14 15:20:01"
IOP,0.00029489,"2017-07-14 15:25:01"
IOP,0.00029489,"2017-07-14 15:30:04"
IOP,0.000298,"2017-07-14 15:35:05"
IOP,0.000298,"2017-07-14 15:40:02"
IOP,0.000298,"2017-07-14 15:45:02"
IOP,0.000298,"2017-07-14 15:50:01"
IOP,0.00031488,"2017-07-14 15:55:01"
IOP,0.00031488,"2017-07-14 16:00:02"
IOP,0.00031488,"2017-07-14 16:05:02"
IOP,0.000314,"2017-07-14 16:10:01"
IOP,0.00031382,"2017-07-14 16:15:01"
IOP,0.00031382,"2017-07-14 16:20:02"
IOP,0.00031382,"2017-07-14 16:25:01"
IOP,0.00031382,"2017-07-14 16:30:01"
IOP,0.00031382,"2017-07-14 16:35:01"
IOP,0.00031382,"2017-07-14 16:40:02"
IOP,0.00031382,"2017-07-14 16:45:01"
IOP,0.00031382,"2017-07-14 16:50:02"
IOP,0.00031003,"2017-07-14 16:55:01"
IOP,0.00031003,"2017-07-14 17:00:02"
IOP,0.00031003,"2017-07-14 17:05:01"
IOP,0.00031003,"2017-07-14 17:10:02"
IOP,0.00031003,"2017-07-14 17:15:03"
IOP,0.00031388,"2017-07-14 17:20:02"
IOP,0.00031388,"2017-07-14 17:25:02"
IOP,0.00031388,"2017-07-14 17:30:01"
IOP,0.00031388,"2017-07-14 17:35:03"
IOP,0.00031388,"2017-07-14 17:40:02"
IOP,0.00031388,"2017-07-14 17:45:01"
IOP,0.00031388,"2017-07-14 17:50:02"
IOP,0.00031388,"2017-07-14 17:55:02"
IOP,0.00031388,"2017-07-14 18:00:03"
IOP,0.00031388,"2017-07-14 18:05:02"
IOP,0.00031388,"2017-07-14 18:10:02"
IOP,0.00031388,"2017-07-14 18:15:02"
IOP,0.00031388,"2017-07-14 18:20:01"
IOP,0.00031388,"2017-07-14 18:25:01"
IOP,0.00031388,"2017-07-14 18:30:01"
IOP,0.00031388,"2017-07-14 18:35:02"
IOP,0.00031107,"2017-07-14 18:40:01"
IOP,0.00031107,"2017-07-14 18:45:01"
IOP,0.00032031,"2017-07-14 18:50:02"
IOP,0.00032017,"2017-07-14 18:55:01"
IOP,0.0003108,"2017-07-14 19:00:02"
IOP,0.0003108,"2017-07-14 19:05:02"
IOP,0.00032999,"2017-07-14 19:10:01"
IOP,0.00034526,"2017-07-14 19:15:02"
IOP,0.00031731,"2017-07-14 19:20:01"
IOP,0.00032037,"2017-07-14 19:25:02"
IOP,0.00031734,"2017-07-14 19:30:02"
IOP,0.0003451,"2017-07-14 19:35:01"
IOP,0.0003495,"2017-07-14 19:40:01"
IOP,0.00035216,"2017-07-14 19:45:02"
IOP,0.00035,"2017-07-14 19:50:01"
IOP,0.0003622,"2017-07-14 19:55:01"
IOP,0.000346,"2017-07-14 20:00:02"
IOP,0.000346,"2017-07-14 20:05:01"
IOP,0.000346,"2017-07-14 20:10:02"
IOP,0.00033568,"2017-07-14 20:15:01"
IOP,0.00033568,"2017-07-14 20:20:01"
IOP,0.00033885,"2017-07-14 20:25:02"
IOP,0.00033895,"2017-07-14 20:30:02"
IOP,0.00035024,"2017-07-14 20:35:02"
IOP,0.00034974,"2017-07-14 20:40:02"
IOP,0.00033544,"2017-07-14 20:45:05"
IOP,0.00032365,"2017-07-14 20:50:01"
IOP,0.00031113,"2017-07-14 20:55:02"
IOP,0.00032364,"2017-07-14 21:00:07"
IOP,0.00032364,"2017-07-14 21:05:02"
IOP,0.00032364,"2017-07-14 21:10:01"
IOP,0.00033203,"2017-07-14 21:15:01"
IOP,0.00033203,"2017-07-14 21:20:02"
IOP,0.00033871,"2017-07-14 21:25:02"
IOP,0.00033871,"2017-07-14 21:30:02"
IOP,0.00033883,"2017-07-14 21:35:02"
IOP,0.00033203,"2017-07-14 21:40:02"
IOP,0.00033863,"2017-07-14 21:45:02"
IOP,0.00033863,"2017-07-14 21:50:01"
IOP,0.00033863,"2017-07-14 21:55:01"
IOP,0.00033864,"2017-07-14 22:00:02"
IOP,0.00033864,"2017-07-14 22:05:01"
IOP,0.00033864,"2017-07-14 22:10:01"
IOP,0.00032499,"2017-07-14 22:15:01"
IOP,0.00032521,"2017-07-14 22:20:01"
IOP,0.00032457,"2017-07-14 22:25:01"
IOP,0.00032457,"2017-07-14 22:30:02"
IOP,0.00033683,"2017-07-14 22:35:01"
IOP,0.00033683,"2017-07-14 22:40:01"
IOP,0.00033683,"2017-07-14 22:45:01"
IOP,0.00033683,"2017-07-14 22:50:01"
IOP,0.00032364,"2017-07-14 22:55:01"
IOP,0.00032364,"2017-07-14 23:00:01"
IOP,0.00032364,"2017-07-14 23:05:02"
IOP,0.00032364,"2017-07-14 23:10:01"
IOP,0.00032364,"2017-07-14 23:15:01"
IOP,0.00032364,"2017-07-14 23:20:01"
IOP,0.00036226,"2017-07-14 23:25:01"
IOP,0.00035977,"2017-07-14 23:30:02"
IOP,0.0003874,"2017-07-14 23:35:02"
IOP,0.00038804,"2017-07-14 23:40:02"
IOP,0.00038804,"2017-07-14 23:45:02"
IOP,0.00038804,"2017-07-14 23:50:02"
IOP,0.00038804,"2017-07-14 23:55:01"
IOP,0.00039,"2017-07-15 00:00:01"
IOP,0.00036219,"2017-07-15 00:05:01"
IOP,0.00036219,"2017-07-15 00:10:02"
IOP,0.00039,"2017-07-15 00:15:02"
IOP,0.00039,"2017-07-15 00:20:01"
IOP,0.00039,"2017-07-15 00:25:01"
IOP,0.00038488,"2017-07-15 00:30:02"
IOP,0.00036508,"2017-07-15 00:35:01"
IOP,0.00037489,"2017-07-15 00:40:01"
IOP,0.00036206,"2017-07-15 00:45:01"
IOP,0.00036207,"2017-07-15 00:50:01"
IOP,0.00036207,"2017-07-15 00:55:01"
IOP,0.00036207,"2017-07-15 01:00:02"
IOP,0.0003801,"2017-07-15 01:05:02"
IOP,0.0003801,"2017-07-15 01:10:02"
IOP,0.0003801,"2017-07-15 01:15:02"
IOP,0.00035,"2017-07-15 01:20:01"
IOP,0.00034135,"2017-07-15 01:25:01"
IOP,0.00034135,"2017-07-15 01:30:02"
IOP,0.00034135,"2017-07-15 01:35:01"
IOP,0.00034135,"2017-07-15 01:40:01"
IOP,0.00037,"2017-07-15 01:45:01"
IOP,0.00036941,"2017-07-15 01:50:01"
IOP,0.00036941,"2017-07-15 01:55:01"
IOP,0.00031121,"2017-07-15 02:00:01"
IOP,0.00032006,"2017-07-15 02:05:01"
IOP,0.00032006,"2017-07-15 02:10:02"
IOP,0.000321,"2017-07-15 02:15:01"
IOP,0.000321,"2017-07-15 02:20:01"
IOP,0.000321,"2017-07-15 02:25:01"
IOP,0.00032403,"2017-07-15 02:30:03"
IOP,0.00032403,"2017-07-15 02:35:02"
IOP,0.00032403,"2017-07-15 02:40:02"
IOP,0.00035403,"2017-07-15 02:45:01"
IOP,0.00035403,"2017-07-15 02:50:01"
IOP,0.0003549,"2017-07-15 02:55:02"
IOP,0.0003549,"2017-07-15 03:00:03"
IOP,0.00035361,"2017-07-15 03:05:02"
IOP,0.00035361,"2017-07-15 03:10:01"
IOP,0.00035361,"2017-07-15 03:15:01"
IOP,0.00035361,"2017-07-15 03:20:01"
IOP,0.00035361,"2017-07-15 03:25:01"
IOP,0.00035361,"2017-07-15 03:30:02"
IOP,0.00035361,"2017-07-15 03:35:01"
IOP,0.00035361,"2017-07-15 03:40:01"
IOP,0.00035361,"2017-07-15 03:45:01"
IOP,0.00034802,"2017-07-15 03:50:01"
IOP,0.00034804,"2017-07-15 03:55:01"
IOP,0.00036477,"2017-07-15 04:00:02"
IOP,0.00036477,"2017-07-15 04:05:01"
IOP,0.0003553,"2017-07-15 04:10:01"
IOP,0.0003553,"2017-07-15 04:15:01"
IOP,0.0003553,"2017-07-15 04:20:02"
IOP,0.0003553,"2017-07-15 04:25:01"
IOP,0.0003553,"2017-07-15 04:30:02"
IOP,0.0003553,"2017-07-15 04:35:01"
IOP,0.00035137,"2017-07-15 04:40:02"
IOP,0.00035137,"2017-07-15 04:45:02"
IOP,0.00035137,"2017-07-15 04:50:02"
IOP,0.000351,"2017-07-15 04:55:02"
IOP,0.00034813,"2017-07-15 05:00:02"
IOP,0.00036513,"2017-07-15 05:05:01"
IOP,0.00036523,"2017-07-15 05:10:02"
IOP,0.00036523,"2017-07-15 05:15:02"
IOP,0.00036523,"2017-07-15 05:20:02"
IOP,0.00036523,"2017-07-15 05:25:01"
IOP,0.00034837,"2017-07-15 05:30:01"
IOP,0.00035232,"2017-07-15 05:35:02"
IOP,0.00034804,"2017-07-15 05:40:01"
IOP,0.00033278,"2017-07-15 05:45:02"
IOP,0.00033278,"2017-07-15 05:50:01"
IOP,0.00033278,"2017-07-15 05:55:01"
IOP,0.00033278,"2017-07-15 06:00:03"
IOP,0.00033278,"2017-07-15 06:05:01"
IOP,0.00033278,"2017-07-15 06:10:02"
IOP,0.00033278,"2017-07-15 06:15:01"
IOP,0.00033581,"2017-07-15 06:20:01"
IOP,0.00033581,"2017-07-15 06:25:02"
IOP,0.00033581,"2017-07-15 06:30:02"
IOP,0.00033581,"2017-07-15 06:35:01"
IOP,0.00033539,"2017-07-15 06:40:01"
IOP,0.00033539,"2017-07-15 06:45:01"
IOP,0.00033539,"2017-07-15 06:50:02"
IOP,0.00033523,"2017-07-15 06:55:01"
IOP,0.00033523,"2017-07-15 07:00:01"
IOP,0.00033523,"2017-07-15 07:05:01"
IOP,0.00033523,"2017-07-15 07:10:01"
IOP,0.00033523,"2017-07-15 07:15:01"
IOP,0.00033593,"2017-07-15 07:20:02"
IOP,0.00033593,"2017-07-15 07:25:01"
IOP,0.00033593,"2017-07-15 07:30:02"
IOP,0.00033593,"2017-07-15 07:35:01"
IOP,0.00033605,"2017-07-15 07:40:01"
IOP,0.00033605,"2017-07-15 07:45:02"
IOP,0.00033605,"2017-07-15 07:50:01"
IOP,0.00033605,"2017-07-15 07:55:01"
IOP,0.00033605,"2017-07-15 08:00:03"
IOP,0.00033597,"2017-07-15 08:05:01"
IOP,0.00033597,"2017-07-15 08:10:01"
IOP,0.00033597,"2017-07-15 08:15:01"
IOP,0.00033597,"2017-07-15 08:20:01"
IOP,0.00033597,"2017-07-15 08:25:01"
IOP,0.00033598,"2017-07-15 08:30:01"
IOP,0.00033598,"2017-07-15 08:35:01"
IOP,0.00033598,"2017-07-15 08:40:02"
IOP,0.00033598,"2017-07-15 08:45:02"
IOP,0.00033598,"2017-07-15 08:50:01"
IOP,0.00033598,"2017-07-15 08:55:01"
IOP,0.00033598,"2017-07-15 09:00:01"
IOP,0.00035056,"2017-07-15 09:05:02"
IOP,0.00035056,"2017-07-15 09:10:02"
IOP,0.00035056,"2017-07-15 09:15:01"
IOP,0.00035056,"2017-07-15 09:20:02"
IOP,0.00035056,"2017-07-15 09:25:01"
IOP,0.00035056,"2017-07-15 09:30:01"
IOP,0.00035056,"2017-07-15 09:35:02"
IOP,0.00035056,"2017-07-15 09:40:01"
IOP,0.00035056,"2017-07-15 09:45:01"
IOP,0.00035056,"2017-07-15 09:50:01"
IOP,0.00035056,"2017-07-15 09:55:01"
IOP,0.00035056,"2017-07-15 10:00:01"
IOP,0.00035056,"2017-07-15 10:05:01"
IOP,0.00035056,"2017-07-15 10:10:02"
IOP,0.00035056,"2017-07-15 10:15:02"
IOP,0.00035056,"2017-07-15 10:20:01"
IOP,0.00031229,"2017-07-15 10:25:02"
IOP,0.00031229,"2017-07-15 10:30:01"
IOP,0.00033061,"2017-07-15 10:35:01"
IOP,0.00035047,"2017-07-15 10:40:01"
IOP,0.00035047,"2017-07-15 10:45:02"
IOP,0.00035047,"2017-07-15 10:50:01"
IOP,0.00035047,"2017-07-15 10:55:02"
IOP,0.000318,"2017-07-15 11:00:02"
IOP,0.00031805,"2017-07-15 11:05:01"
IOP,0.00031805,"2017-07-15 11:10:01"
IOP,0.00031805,"2017-07-15 11:15:02"
IOP,0.00031805,"2017-07-15 11:20:01"
IOP,0.00031805,"2017-07-15 11:25:01"
IOP,0.00031805,"2017-07-15 11:30:02"
IOP,0.00031805,"2017-07-15 11:35:02"
IOP,0.00032118,"2017-07-15 11:40:02"
IOP,0.00032118,"2017-07-15 11:45:02"
IOP,0.00032118,"2017-07-15 11:50:02"
IOP,0.00032118,"2017-07-15 11:55:02"
IOP,0.00032118,"2017-07-15 12:00:07"
IOP,0.00032118,"2017-07-15 12:05:01"
IOP,0.00032118,"2017-07-15 12:10:01"
IOP,0.00032118,"2017-07-15 12:15:01"
IOP,0.00031805,"2017-07-15 12:20:01"
IOP,0.00031133,"2017-07-15 12:25:01"
IOP,0.00031133,"2017-07-15 12:30:02"
IOP,0.00031133,"2017-07-15 12:35:01"
IOP,0.00032118,"2017-07-15 12:40:01"
IOP,0.00032118,"2017-07-15 12:45:02"
IOP,0.00032395,"2017-07-15 12:50:02"
IOP,0.00032395,"2017-07-15 12:55:01"
IOP,0.00032395,"2017-07-15 13:00:02"
IOP,0.00032195,"2017-07-15 13:05:03"
IOP,0.00032195,"2017-07-15 13:10:01"
IOP,0.00032195,"2017-07-15 13:15:02"
IOP,0.00032195,"2017-07-15 13:20:01"
IOP,0.00032195,"2017-07-15 13:25:02"
IOP,0.00032195,"2017-07-15 13:30:02"
IOP,0.00032195,"2017-07-15 13:35:01"
IOP,0.00032324,"2017-07-15 13:40:01"
IOP,0.00032324,"2017-07-15 13:45:02"
IOP,0.00032324,"2017-07-15 13:50:02"
IOP,0.00032324,"2017-07-15 13:55:01"
IOP,0.00032324,"2017-07-15 14:00:02"
IOP,0.00032324,"2017-07-15 14:05:02"
IOP,0.00032324,"2017-07-15 14:10:02"
IOP,0.00032324,"2017-07-15 14:15:02"
IOP,0.00032324,"2017-07-15 14:20:02"
IOP,0.00032324,"2017-07-15 14:25:01"
IOP,0.00032324,"2017-07-15 14:30:01"
IOP,0.00032139,"2017-07-15 14:35:01"
IOP,0.00032139,"2017-07-15 14:40:01"
IOP,0.00032139,"2017-07-15 14:45:01"
IOP,0.00032139,"2017-07-15 14:50:01"
IOP,0.00030001,"2017-07-15 14:55:02"
IOP,0.00030001,"2017-07-15 15:00:02"
IOP,0.00030001,"2017-07-15 15:05:01"
IOP,0.00030001,"2017-07-15 15:10:01"
IOP,0.00030001,"2017-07-15 15:15:01"
IOP,0.00030001,"2017-07-15 15:20:01"
IOP,0.00030001,"2017-07-15 15:25:01"
IOP,0.0003,"2017-07-15 15:30:06"
IOP,0.0003,"2017-07-15 15:35:01"
IOP,0.0003,"2017-07-15 15:40:02"
IOP,0.0003,"2017-07-15 15:45:02"
IOP,0.0003,"2017-07-15 15:50:02"
IOP,0.0003,"2017-07-15 15:55:02"
IOP,0.0003,"2017-07-15 16:00:02"
IOP,0.0003,"2017-07-15 16:05:03"
IOP,0.0003,"2017-07-15 16:10:01"
IOP,0.0003,"2017-07-15 16:15:01"
IOP,0.0003,"2017-07-15 16:20:02"
IOP,0.0003,"2017-07-15 16:25:01"
IOP,0.0003,"2017-07-15 16:30:01"
IOP,0.0003,"2017-07-15 16:35:01"
IOP,0.0003,"2017-07-15 16:40:01"
IOP,0.0003,"2017-07-15 16:45:01"
IOP,0.00029939,"2017-07-15 16:50:01"
IOP,0.000298,"2017-07-15 16:55:01"
IOP,0.00029021,"2017-07-15 17:00:03"
IOP,0.00028222,"2017-07-15 17:05:01"
IOP,0.00028218,"2017-07-15 17:10:01"
IOP,0.00028218,"2017-07-15 17:15:01"
IOP,0.00028218,"2017-07-15 17:20:01"
IOP,0.00028218,"2017-07-15 17:25:02"
IOP,0.00029983,"2017-07-15 17:30:02"
IOP,0.000299,"2017-07-15 17:35:02"
IOP,0.00028272,"2017-07-15 17:40:01"
IOP,0.0002828,"2017-07-15 17:45:01"
IOP,0.0002828,"2017-07-15 17:50:02"
IOP,0.0002828,"2017-07-15 17:55:02"
IOP,0.0002828,"2017-07-15 18:00:03"
IOP,0.0002828,"2017-07-15 18:05:01"
IOP,0.0002828,"2017-07-15 18:10:02"
IOP,0.0002828,"2017-07-15 18:15:02"
IOP,0.0002956,"2017-07-15 18:20:02"
IOP,0.0002956,"2017-07-15 18:25:02"
IOP,0.00030537,"2017-07-15 18:30:02"
IOP,0.00036684,"2017-07-15 18:35:01"
IOP,0.00032209,"2017-07-15 18:40:01"
IOP,0.00030541,"2017-07-15 18:45:02"
IOP,0.00030905,"2017-07-15 18:50:01"
IOP,0.00030919,"2017-07-15 18:55:01"
IOP,0.00030918,"2017-07-15 19:00:02"
IOP,0.000309,"2017-07-15 19:05:02"
IOP,0.000309,"2017-07-15 19:10:01"
IOP,0.00030723,"2017-07-15 19:15:02"
IOP,0.00028341,"2017-07-15 19:20:01"
IOP,0.0002842,"2017-07-15 19:25:01"
IOP,0.00028341,"2017-07-15 19:30:03"
IOP,0.00029061,"2017-07-15 19:35:01"
IOP,0.00029061,"2017-07-15 19:40:01"
IOP,0.00029061,"2017-07-15 19:45:01"
IOP,0.00029061,"2017-07-15 19:50:02"
IOP,0.00029061,"2017-07-15 19:55:02"
IOP,0.00028528,"2017-07-15 20:00:02"
IOP,0.00028595,"2017-07-15 20:05:01"
IOP,0.00028595,"2017-07-15 20:10:02"
IOP,0.00030068,"2017-07-15 20:15:02"
IOP,0.00030068,"2017-07-15 20:20:01"
IOP,0.00030068,"2017-07-15 20:25:01"
IOP,0.00030068,"2017-07-15 20:30:02"
IOP,0.00030068,"2017-07-15 20:35:01"
IOP,0.00030919,"2017-07-15 20:40:01"
IOP,0.00030919,"2017-07-15 20:45:02"
IOP,0.00030919,"2017-07-15 20:50:01"
IOP,0.00030919,"2017-07-15 20:55:02"
IOP,0.00029913,"2017-07-15 21:00:01"
IOP,0.00029913,"2017-07-15 21:05:02"
IOP,0.00032587,"2017-07-15 21:10:01"
IOP,0.00029941,"2017-07-15 21:15:01"
IOP,0.00029941,"2017-07-15 21:20:02"
IOP,0.00029941,"2017-07-15 21:25:02"
IOP,0.00032311,"2017-07-15 21:30:02"
IOP,0.00032311,"2017-07-15 21:35:02"
IOP,0.00032119,"2017-07-15 21:40:01"
IOP,0.00032119,"2017-07-15 21:45:02"
IOP,0.00032119,"2017-07-15 21:50:01"
IOP,0.00032119,"2017-07-15 21:55:01"
IOP,0.00032119,"2017-07-15 22:00:02"
IOP,0.0003204,"2017-07-15 22:05:02"
IOP,0.0003204,"2017-07-15 22:10:01"
IOP,0.0003204,"2017-07-15 22:15:02"
IOP,0.0003204,"2017-07-15 22:20:01"
IOP,0.0003204,"2017-07-15 22:25:01"
IOP,0.0003204,"2017-07-15 22:30:01"
IOP,0.0003204,"2017-07-15 22:35:01"
IOP,0.0003204,"2017-07-15 22:40:02"
IOP,0.0003204,"2017-07-15 22:45:01"
IOP,0.00031869,"2017-07-15 22:50:01"
IOP,0.00030277,"2017-07-15 22:55:02"
IOP,0.00029654,"2017-07-15 23:00:02"
IOP,0.00029654,"2017-07-15 23:05:02"
IOP,0.00029654,"2017-07-15 23:10:02"
IOP,0.00029654,"2017-07-15 23:15:02"
IOP,0.00030274,"2017-07-15 23:20:02"
IOP,0.00030274,"2017-07-15 23:25:02"
IOP,0.00032372,"2017-07-15 23:30:01"
IOP,0.00032372,"2017-07-15 23:35:01"
IOP,0.00032372,"2017-07-15 23:40:02"
IOP,0.00032372,"2017-07-15 23:45:02"
IOP,0.00032372,"2017-07-15 23:50:01"
IOP,0.00032372,"2017-07-15 23:55:01"
IOP,0.00032372,"2017-07-16 00:00:02"
IOP,0.00032372,"2017-07-16 00:05:01"
IOP,0.00032372,"2017-07-16 00:10:02"
IOP,0.00032372,"2017-07-16 00:15:01"
IOP,0.00032372,"2017-07-16 00:20:02"
IOP,0.00032372,"2017-07-16 00:25:02"
IOP,0.00032372,"2017-07-16 00:30:02"
IOP,0.00032799,"2017-07-16 00:35:01"
IOP,0.00032799,"2017-07-16 00:40:02"
IOP,0.00032799,"2017-07-16 00:45:02"
IOP,0.00032799,"2017-07-16 00:50:01"
IOP,0.00032799,"2017-07-16 00:55:01"
IOP,0.00032799,"2017-07-16 01:00:03"
IOP,0.00032799,"2017-07-16 01:05:01"
IOP,0.00032799,"2017-07-16 01:10:01"
IOP,0.00032799,"2017-07-16 01:15:01"
IOP,0.00032799,"2017-07-16 01:20:02"
IOP,0.00032799,"2017-07-16 01:25:07"
IOP,0.00032799,"2017-07-16 01:30:01"
IOP,0.00032799,"2017-07-16 01:35:01"
IOP,0.00032799,"2017-07-16 01:40:02"
IOP,0.00032799,"2017-07-16 01:45:01"
IOP,0.00032799,"2017-07-16 01:50:01"
IOP,0.00032799,"2017-07-16 01:55:02"
IOP,0.00032799,"2017-07-16 02:00:01"
IOP,0.00032799,"2017-07-16 02:05:02"
IOP,0.00032799,"2017-07-16 02:10:01"
IOP,0.00032799,"2017-07-16 02:15:01"
IOP,0.00030531,"2017-07-16 02:20:01"
IOP,0.00030531,"2017-07-16 02:25:02"
IOP,0.00030531,"2017-07-16 02:30:02"
IOP,0.00030531,"2017-07-16 02:35:01"
IOP,0.00030531,"2017-07-16 02:40:01"
IOP,0.00030531,"2017-07-16 02:45:02"
IOP,0.00030531,"2017-07-16 02:50:01"
IOP,0.00030531,"2017-07-16 02:55:02"
IOP,0.00030531,"2017-07-16 03:00:02"
IOP,0.00030531,"2017-07-16 03:05:01"
IOP,0.00030531,"2017-07-16 03:10:01"
IOP,0.00030531,"2017-07-16 03:15:01"
IOP,0.00030531,"2017-07-16 03:20:01"
IOP,0.00030531,"2017-07-16 03:25:02"
IOP,0.00030531,"2017-07-16 03:30:02"
IOP,0.00030531,"2017-07-16 03:35:02"
IOP,0.00030531,"2017-07-16 03:40:01"
IOP,0.00030531,"2017-07-16 03:45:01"
IOP,0.00032,"2017-07-16 03:50:01"
IOP,0.00032,"2017-07-16 03:55:01"
IOP,0.00032,"2017-07-16 04:00:03"
IOP,0.00032,"2017-07-16 04:05:02"
IOP,0.00032,"2017-07-16 04:10:01"
IOP,0.00032,"2017-07-16 04:15:02"
IOP,0.00032,"2017-07-16 04:20:02"
IOP,0.00032,"2017-07-16 04:25:01"
IOP,0.00032,"2017-07-16 04:30:02"
IOP,0.00030677,"2017-07-16 04:35:01"
IOP,0.00030677,"2017-07-16 04:40:01"
IOP,0.00030677,"2017-07-16 04:45:02"
IOP,0.00030677,"2017-07-16 04:50:02"
IOP,0.00030677,"2017-07-16 04:55:01"
IOP,0.00030677,"2017-07-16 05:00:01"
IOP,0.00030677,"2017-07-16 05:05:01"
IOP,0.00030677,"2017-07-16 05:10:02"
IOP,0.00030677,"2017-07-16 05:15:02"
IOP,0.00030677,"2017-07-16 05:20:02"
IOP,0.00030677,"2017-07-16 05:25:01"
IOP,0.00030677,"2017-07-16 05:30:02"
IOP,0.00030677,"2017-07-16 05:35:01"
IOP,0.00030677,"2017-07-16 05:40:01"
IOP,0.00030677,"2017-07-16 05:45:02"
IOP,0.00030677,"2017-07-16 05:50:01"
IOP,0.00030677,"2017-07-16 05:55:01"
IOP,0.00030677,"2017-07-16 06:00:01"
IOP,0.00030677,"2017-07-16 06:05:01"
IOP,0.00030677,"2017-07-16 06:10:02"
IOP,0.00030677,"2017-07-16 06:15:02"
IOP,0.00030677,"2017-07-16 06:20:01"
IOP,0.00030677,"2017-07-16 06:25:01"
IOP,0.00030677,"2017-07-16 06:30:02"
IOP,0.00030677,"2017-07-16 06:35:01"
IOP,0.00030677,"2017-07-16 06:40:01"
IOP,0.00030858,"2017-07-16 06:45:01"
IOP,0.00030858,"2017-07-16 06:50:02"
IOP,0.00030858,"2017-07-16 06:55:01"
IOP,0.00030858,"2017-07-16 07:00:01"
IOP,0.00030858,"2017-07-16 07:05:01"
IOP,0.00030858,"2017-07-16 07:10:02"
IOP,0.00030858,"2017-07-16 07:15:02"
IOP,0.00030623,"2017-07-16 07:20:01"
IOP,0.00030623,"2017-07-16 07:25:01"
IOP,0.00030623,"2017-07-16 07:30:01"
IOP,0.00030623,"2017-07-16 07:35:01"
IOP,0.00030623,"2017-07-16 07:40:01"
IOP,0.00030623,"2017-07-16 07:45:01"
IOP,0.00030623,"2017-07-16 07:50:02"
IOP,0.00030623,"2017-07-16 07:55:02"
IOP,0.00030623,"2017-07-16 08:00:02"
IOP,0.00030623,"2017-07-16 08:05:01"
IOP,0.00030623,"2017-07-16 08:10:01"
IOP,0.00030623,"2017-07-16 08:15:01"
IOP,0.00030623,"2017-07-16 08:20:01"
IOP,0.00030623,"2017-07-16 08:25:02"
IOP,0.00030623,"2017-07-16 08:30:02"
IOP,0.00030623,"2017-07-16 08:35:01"
IOP,0.00030536,"2017-07-16 08:40:01"
IOP,0.00030536,"2017-07-16 08:45:01"
IOP,0.00030536,"2017-07-16 08:50:03"
IOP,0.00030536,"2017-07-16 08:55:01"
IOP,0.00030536,"2017-07-16 09:00:02"
IOP,0.00030536,"2017-07-16 09:05:02"
IOP,0.00030536,"2017-07-16 09:10:02"
IOP,0.00030536,"2017-07-16 09:15:02"
IOP,0.00030536,"2017-07-16 09:20:02"
IOP,0.00030536,"2017-07-16 09:25:01"
IOP,0.00030536,"2017-07-16 09:30:02"
IOP,0.00030536,"2017-07-16 09:35:01"
IOP,0.00030536,"2017-07-16 09:40:01"
IOP,0.00030536,"2017-07-16 09:45:01"
IOP,0.00030536,"2017-07-16 09:50:01"
IOP,0.00030531,"2017-07-16 09:55:03"
IOP,0.00030531,"2017-07-16 10:00:02"
IOP,0.00030531,"2017-07-16 10:05:02"
IOP,0.00030531,"2017-07-16 10:10:01"
IOP,0.00030531,"2017-07-16 10:15:01"
IOP,0.00030531,"2017-07-16 10:20:01"
IOP,0.00030531,"2017-07-16 10:25:02"
IOP,0.00030531,"2017-07-16 10:30:02"
IOP,0.00030531,"2017-07-16 10:35:01"
IOP,0.00030531,"2017-07-16 10:40:01"
IOP,0.00030531,"2017-07-16 10:45:01"
IOP,0.00030531,"2017-07-16 10:50:02"
IOP,0.00030531,"2017-07-16 10:55:02"
IOP,0.00030531,"2017-07-16 11:00:02"
IOP,0.00030531,"2017-07-16 11:05:02"
IOP,0.00030536,"2017-07-16 11:10:01"
IOP,0.00030536,"2017-07-16 11:15:01"
IOP,0.00030536,"2017-07-16 11:20:01"
IOP,0.00030536,"2017-07-16 11:25:01"
IOP,0.00030536,"2017-07-16 11:30:01"
IOP,0.00030531,"2017-07-16 11:35:02"
IOP,0.00030531,"2017-07-16 11:40:02"
IOP,0.00030531,"2017-07-16 11:45:01"
IOP,0.00030531,"2017-07-16 11:50:01"
IOP,0.00030531,"2017-07-16 11:55:01"
IOP,0.00030531,"2017-07-16 12:00:01"
IOP,0.00030531,"2017-07-16 12:05:02"
IOP,0.00030531,"2017-07-16 12:10:01"
IOP,0.00030531,"2017-07-16 12:15:01"
IOP,0.00030531,"2017-07-16 12:20:01"
IOP,0.00030531,"2017-07-16 12:25:01"
IOP,0.00030531,"2017-07-16 12:30:02"
IOP,0.00030531,"2017-07-16 12:35:01"
IOP,0.00030531,"2017-07-16 12:40:01"
IOP,0.00030531,"2017-07-16 12:45:02"
IOP,0.00030531,"2017-07-16 12:50:01"
IOP,0.00030531,"2017-07-16 12:55:02"
IOP,0.00030531,"2017-07-16 13:00:02"
IOP,0.00030999,"2017-07-16 13:05:02"
IOP,0.00030999,"2017-07-16 13:10:02"
IOP,0.00030999,"2017-07-16 13:15:01"
IOP,0.00030999,"2017-07-16 13:20:02"
IOP,0.00030999,"2017-07-16 13:25:02"
IOP,0.00030999,"2017-07-16 13:30:02"
IOP,0.00030999,"2017-07-16 13:35:02"
IOP,0.00030999,"2017-07-16 13:40:01"
IOP,0.00030999,"2017-07-16 13:45:02"
IOP,0.00030999,"2017-07-16 13:50:01"
IOP,0.00030999,"2017-07-16 13:55:01"
IOP,0.00030999,"2017-07-16 14:00:02"
IOP,0.00030999,"2017-07-16 14:05:02"
IOP,0.00030999,"2017-07-16 14:10:02"
IOP,0.00030531,"2017-07-16 14:15:01"
IOP,0.00030531,"2017-07-16 14:20:01"
IOP,0.00030531,"2017-07-16 14:25:01"
IOP,0.00030531,"2017-07-16 14:30:01"
IOP,0.00030531,"2017-07-16 14:35:02"
IOP,0.00030531,"2017-07-16 14:40:01"
IOP,0.00030531,"2017-07-16 14:45:02"
IOP,0.00030531,"2017-07-16 14:50:02"
IOP,0.000306,"2017-07-16 14:55:02"
IOP,0.000306,"2017-07-16 15:00:02"
IOP,0.000306,"2017-07-16 15:05:01"
IOP,0.000306,"2017-07-16 15:10:02"
IOP,0.00030947,"2017-07-16 15:15:01"
IOP,0.00032,"2017-07-16 15:20:02"
IOP,0.00030681,"2017-07-16 15:25:02"
IOP,0.00032778,"2017-07-16 15:30:02"
IOP,0.00032759,"2017-07-16 15:35:02"
IOP,0.00032804,"2017-07-16 15:40:02"
IOP,0.00034384,"2017-07-16 15:45:02"
IOP,0.00034384,"2017-07-16 15:50:02"
IOP,0.00032466,"2017-07-16 15:55:02"
IOP,0.00034381,"2017-07-16 16:00:02"
IOP,0.00034381,"2017-07-16 16:05:01"
IOP,0.00034381,"2017-07-16 16:10:01"
IOP,0.00034381,"2017-07-16 16:15:01"
IOP,0.00032568,"2017-07-16 16:20:06"
IOP,0.00032632,"2017-07-16 16:25:03"
IOP,0.00034383,"2017-07-16 16:30:02"
IOP,0.00034383,"2017-07-16 16:35:02"
IOP,0.00034383,"2017-07-16 16:40:02"
IOP,0.00034383,"2017-07-16 16:45:02"
IOP,0.00034383,"2017-07-16 16:50:02"
IOP,0.00034383,"2017-07-16 16:55:02"
IOP,0.00035585,"2017-07-16 17:00:02"
IOP,0.00035489,"2017-07-16 17:05:01"
IOP,0.00035489,"2017-07-16 17:10:01"
IOP,0.00034568,"2017-07-16 17:15:01"
IOP,0.00034568,"2017-07-16 17:20:02"
IOP,0.00035488,"2017-07-16 17:25:02"
IOP,0.00035488,"2017-07-16 17:30:02"
IOP,0.00034493,"2017-07-16 17:35:02"
IOP,0.00033077,"2017-07-16 17:40:02"
IOP,0.00033077,"2017-07-16 17:45:02"
IOP,0.00033077,"2017-07-16 17:50:02"
IOP,0.00033077,"2017-07-16 17:55:02"
IOP,0.00035489,"2017-07-16 18:00:02"
IOP,0.00036489,"2017-07-16 18:05:02"
IOP,0.00036477,"2017-07-16 18:10:02"
IOP,0.00036477,"2017-07-16 18:15:02"
IOP,0.00036,"2017-07-16 18:20:03"
IOP,0.00036,"2017-07-16 18:25:01"
IOP,0.00036,"2017-07-16 18:30:01"
IOP,0.0003341,"2017-07-16 18:35:02"
IOP,0.00035899,"2017-07-16 18:40:02"
IOP,0.00033664,"2017-07-16 18:45:01"
IOP,0.00033671,"2017-07-16 18:50:02"
IOP,0.00033671,"2017-07-16 18:55:02"
IOP,0.00033693,"2017-07-16 19:00:02"
IOP,0.00033693,"2017-07-16 19:05:02"
IOP,0.00035854,"2017-07-16 19:10:01"
IOP,0.00035799,"2017-07-16 19:15:02"
IOP,0.00036,"2017-07-16 19:20:01"
IOP,0.0003648,"2017-07-16 19:25:01"
IOP,0.000367,"2017-07-16 19:30:01"
IOP,0.000367,"2017-07-16 19:35:01"
IOP,0.000367,"2017-07-16 19:40:04"
IOP,0.000367,"2017-07-16 19:45:02"
IOP,0.000367,"2017-07-16 19:50:02"
IOP,0.00036999,"2017-07-16 19:55:01"
IOP,0.000379,"2017-07-16 20:00:01"
IOP,0.000387,"2017-07-16 20:05:03"
IOP,0.00038872,"2017-07-16 20:10:02"
IOP,0.00038872,"2017-07-16 20:15:01"
IOP,0.000385,"2017-07-16 20:20:01"
IOP,0.00038875,"2017-07-16 20:25:01"
IOP,0.00033999,"2017-07-16 20:30:01"
IOP,0.00036801,"2017-07-16 20:35:01"
IOP,0.00036022,"2017-07-16 20:40:01"
IOP,0.00038023,"2017-07-16 20:45:01"
IOP,0.00038023,"2017-07-16 20:50:01"
IOP,0.00036042,"2017-07-16 20:55:01"
IOP,0.00036042,"2017-07-16 21:00:02"
IOP,0.00035863,"2017-07-16 21:05:02"
IOP,0.00035166,"2017-07-16 21:10:01"
IOP,0.00032838,"2017-07-16 21:15:01"
IOP,0.00033349,"2017-07-16 21:20:01"
IOP,0.00033597,"2017-07-16 21:25:01"
IOP,0.00033597,"2017-07-16 21:30:02"
IOP,0.00033597,"2017-07-16 21:35:01"
IOP,0.00034002,"2017-07-16 21:40:02"
IOP,0.00034002,"2017-07-16 21:45:02"
IOP,0.00032845,"2017-07-16 21:50:01"
IOP,0.00034776,"2017-07-16 21:55:02"
IOP,0.00034776,"2017-07-16 22:00:01"
IOP,0.00034776,"2017-07-16 22:05:01"
IOP,0.00033082,"2017-07-16 22:10:01"
IOP,0.00033082,"2017-07-16 22:15:01"
IOP,0.00032921,"2017-07-16 22:20:02"
IOP,0.00032921,"2017-07-16 22:25:01"
IOP,0.00032921,"2017-07-16 22:30:02"
IOP,0.00033411,"2017-07-16 22:35:01"
IOP,0.00034974,"2017-07-16 22:40:01"
IOP,0.00034974,"2017-07-16 22:45:01"
IOP,0.00034974,"2017-07-16 22:50:02"
IOP,0.00034974,"2017-07-16 22:55:02"
IOP,0.00034974,"2017-07-16 23:00:02"
IOP,0.00034974,"2017-07-16 23:05:01"
IOP,0.00037243,"2017-07-16 23:10:01"
IOP,0.00037243,"2017-07-16 23:15:01"
IOP,0.00037243,"2017-07-16 23:20:02"
IOP,0.00037243,"2017-07-16 23:25:01"
IOP,0.00037243,"2017-07-16 23:30:02"
IOP,0.00036645,"2017-07-16 23:35:01"
IOP,0.00036645,"2017-07-16 23:40:01"
IOP,0.00036645,"2017-07-16 23:45:01"
IOP,0.00036645,"2017-07-16 23:50:02"
IOP,0.00036645,"2017-07-16 23:55:02"
IOP,0.00034604,"2017-07-17 00:00:02"
IOP,0.00034604,"2017-07-17 00:05:01"
IOP,0.00034604,"2017-07-17 00:10:02"
IOP,0.00034604,"2017-07-17 00:15:02"
IOP,0.00034604,"2017-07-17 00:20:01"
IOP,0.00034604,"2017-07-17 00:25:02"
IOP,0.00034604,"2017-07-17 00:30:02"
IOP,0.00034604,"2017-07-17 00:35:02"
IOP,0.00034604,"2017-07-17 00:40:02"
IOP,0.00034604,"2017-07-17 00:45:02"
IOP,0.0003429,"2017-07-17 00:50:02"
IOP,0.0003429,"2017-07-17 00:55:02"
IOP,0.0003429,"2017-07-17 01:00:02"
IOP,0.0003429,"2017-07-17 01:05:01"
IOP,0.0003429,"2017-07-17 01:10:01"
IOP,0.0003429,"2017-07-17 01:15:01"
IOP,0.0003429,"2017-07-17 01:20:01"
IOP,0.00033944,"2017-07-17 01:25:01"
IOP,0.0003284,"2017-07-17 01:30:01"
IOP,0.0003284,"2017-07-17 01:35:02"
IOP,0.0003284,"2017-07-17 01:40:02"
IOP,0.0003284,"2017-07-17 01:45:03"
IOP,0.0003284,"2017-07-17 01:50:01"
IOP,0.00032851,"2017-07-17 01:55:01"
IOP,0.00032851,"2017-07-17 02:00:02"
IOP,0.00032851,"2017-07-17 02:05:01"
IOP,0.00032851,"2017-07-17 02:10:01"
IOP,0.00032851,"2017-07-17 02:15:02"
IOP,0.00032851,"2017-07-17 02:20:01"
IOP,0.00032854,"2017-07-17 02:25:01"
IOP,0.00032854,"2017-07-17 02:30:04"
IOP,0.00032854,"2017-07-17 02:35:01"
IOP,0.00032854,"2017-07-17 02:40:02"
IOP,0.00032854,"2017-07-17 02:45:02"
IOP,0.00032854,"2017-07-17 02:50:01"
IOP,0.00032855,"2017-07-17 02:55:02"
IOP,0.00032855,"2017-07-17 03:00:02"
IOP,0.00032854,"2017-07-17 03:05:01"
IOP,0.00032854,"2017-07-17 03:10:01"
IOP,0.00032854,"2017-07-17 03:15:02"
IOP,0.00032854,"2017-07-17 03:20:02"
IOP,0.00032854,"2017-07-17 03:25:01"
IOP,0.00032854,"2017-07-17 03:30:01"
IOP,0.00032854,"2017-07-17 03:35:01"
IOP,0.00032854,"2017-07-17 03:40:02"
IOP,0.00032854,"2017-07-17 03:45:02"
IOP,0.00032854,"2017-07-17 03:50:01"
IOP,0.00032854,"2017-07-17 03:55:02"
IOP,0.00032854,"2017-07-17 04:00:02"
IOP,0.00032854,"2017-07-17 04:05:01"
IOP,0.00032924,"2017-07-17 04:10:02"
IOP,0.00032924,"2017-07-17 04:15:02"
IOP,0.00032924,"2017-07-17 04:20:01"
IOP,0.00032924,"2017-07-17 04:25:01"
IOP,0.00032924,"2017-07-17 04:30:02"
IOP,0.00032924,"2017-07-17 04:35:02"
IOP,0.00032924,"2017-07-17 04:40:01"
IOP,0.00036072,"2017-07-17 04:45:02"
IOP,0.00036072,"2017-07-17 04:50:01"
IOP,0.00036072,"2017-07-17 04:55:01"
IOP,0.00036072,"2017-07-17 05:00:01"
IOP,0.00036072,"2017-07-17 05:05:01"
IOP,0.00036001,"2017-07-17 05:10:02"
IOP,0.00036001,"2017-07-17 05:15:02"
IOP,0.000328,"2017-07-17 05:20:01"
IOP,0.000328,"2017-07-17 05:25:01"
IOP,0.000328,"2017-07-17 05:30:02"
IOP,0.00035056,"2017-07-17 05:35:01"
IOP,0.00035056,"2017-07-17 05:40:01"
IOP,0.00035056,"2017-07-17 05:45:01"
IOP,0.00035056,"2017-07-17 05:50:01"
IOP,0.00035056,"2017-07-17 05:55:02"
IOP,0.00035056,"2017-07-17 06:00:02"
IOP,0.00035056,"2017-07-17 06:05:01"
IOP,0.00035056,"2017-07-17 06:10:02"
IOP,0.00035016,"2017-07-17 06:15:02"
IOP,0.00035016,"2017-07-17 06:20:01"
IOP,0.00035016,"2017-07-17 06:25:01"
IOP,0.00035016,"2017-07-17 06:30:02"
IOP,0.00035016,"2017-07-17 06:35:01"
IOP,0.00033377,"2017-07-17 06:40:02"
IOP,0.00033377,"2017-07-17 06:45:01"
IOP,0.00033377,"2017-07-17 06:50:02"
IOP,0.00033377,"2017-07-17 06:55:02"
IOP,0.000328,"2017-07-17 07:00:01"
IOP,0.000328,"2017-07-17 07:05:02"
IOP,0.000328,"2017-07-17 07:10:02"
IOP,0.000328,"2017-07-17 07:15:01"
IOP,0.000328,"2017-07-17 07:20:02"
IOP,0.000328,"2017-07-17 07:25:01"
IOP,0.000328,"2017-07-17 07:30:01"
IOP,0.000328,"2017-07-17 07:35:01"
IOP,0.000328,"2017-07-17 07:40:01"
IOP,0.00032693,"2017-07-17 07:45:01"
IOP,0.00032693,"2017-07-17 07:50:01"
IOP,0.00032693,"2017-07-17 07:55:01"
IOP,0.00032693,"2017-07-17 08:00:03"
IOP,0.00032693,"2017-07-17 08:05:01"
IOP,0.00032693,"2017-07-17 08:10:03"
IOP,0.00032693,"2017-07-17 08:15:02"
IOP,0.00032693,"2017-07-17 08:20:01"
IOP,0.00032693,"2017-07-17 08:25:01"
IOP,0.00032693,"2017-07-17 08:30:01"
IOP,0.00032693,"2017-07-17 08:35:01"
IOP,0.00032692,"2017-07-17 08:40:01"
IOP,0.00032692,"2017-07-17 08:45:01"
IOP,0.00032881,"2017-07-17 08:50:02"
IOP,0.00032881,"2017-07-17 08:55:01"
IOP,0.00032985,"2017-07-17 09:00:02"
IOP,0.00030616,"2017-07-17 09:05:02"
IOP,0.00030616,"2017-07-17 09:10:02"
IOP,0.00030616,"2017-07-17 09:15:01"
IOP,0.00030616,"2017-07-17 09:20:01"
IOP,0.00030616,"2017-07-17 09:25:01"
IOP,0.00032903,"2017-07-17 09:30:02"
IOP,0.00032903,"2017-07-17 09:35:02"
IOP,0.00032849,"2017-07-17 09:40:02"
IOP,0.00032849,"2017-07-17 09:45:02"
IOP,0.00032849,"2017-07-17 09:50:01"
IOP,0.00032849,"2017-07-17 09:55:01"
IOP,0.00032849,"2017-07-17 10:00:01"
IOP,0.00032849,"2017-07-17 10:05:01"
IOP,0.00032849,"2017-07-17 10:10:02"
IOP,0.00032712,"2017-07-17 10:15:01"
IOP,0.00032712,"2017-07-17 10:20:03"
IOP,0.00032712,"2017-07-17 10:25:02"
IOP,0.00032513,"2017-07-17 10:30:01"
IOP,0.00032513,"2017-07-17 10:35:02"
IOP,0.00032513,"2017-07-17 10:40:01"
IOP,0.00032513,"2017-07-17 10:45:02"
IOP,0.0003063,"2017-07-17 10:50:02"
IOP,0.0003063,"2017-07-17 10:55:01"
IOP,0.0003063,"2017-07-17 11:00:02"
IOP,0.0003063,"2017-07-17 11:05:02"
IOP,0.0003063,"2017-07-17 11:10:01"
IOP,0.0003063,"2017-07-17 11:15:02"
IOP,0.0003063,"2017-07-17 11:20:02"
IOP,0.00030601,"2017-07-17 11:25:01"
IOP,0.00030601,"2017-07-17 11:30:02"
IOP,0.00031108,"2017-07-17 11:35:02"
IOP,0.00031047,"2017-07-17 11:40:01"
IOP,0.00031047,"2017-07-17 11:45:02"
IOP,0.00031047,"2017-07-17 11:50:01"
IOP,0.00030532,"2017-07-17 11:55:02"
IOP,0.00030532,"2017-07-17 12:00:03"
IOP,0.00032082,"2017-07-17 12:05:01"
IOP,0.00032082,"2017-07-17 12:10:02"
IOP,0.00032082,"2017-07-17 12:15:02"
IOP,0.00032082,"2017-07-17 12:20:01"
IOP,0.00032082,"2017-07-17 12:25:02"
IOP,0.00030537,"2017-07-17 12:30:02"
IOP,0.00030596,"2017-07-17 12:35:02"
IOP,0.00030596,"2017-07-17 12:40:02"
IOP,0.00032654,"2017-07-17 12:45:02"
IOP,0.00032608,"2017-07-17 12:50:02"
IOP,0.00032608,"2017-07-17 12:55:02"
IOP,0.00032608,"2017-07-17 13:00:01"
IOP,0.00032608,"2017-07-17 13:05:01"
IOP,0.00032608,"2017-07-17 13:10:01"
IOP,0.00032608,"2017-07-17 13:15:02"
IOP,0.00032608,"2017-07-17 13:20:02"
IOP,0.00032608,"2017-07-17 13:25:01"
IOP,0.00031757,"2017-07-17 13:30:02"
IOP,0.00031757,"2017-07-17 13:35:02"
IOP,0.00031757,"2017-07-17 13:40:02"
IOP,0.00031757,"2017-07-17 13:45:01"
IOP,0.00031757,"2017-07-17 13:50:01"
IOP,0.00031757,"2017-07-17 13:55:02"
IOP,0.00031757,"2017-07-17 14:00:02"
IOP,0.00031757,"2017-07-17 14:05:02"
IOP,0.00031757,"2017-07-17 14:10:02"
IOP,0.00030077,"2017-07-17 14:15:01"
IOP,0.00030077,"2017-07-17 14:20:01"
IOP,0.00030735,"2017-07-17 14:25:01"
IOP,0.00030735,"2017-07-17 14:30:02"
IOP,0.00030639,"2017-07-17 14:35:02"
IOP,0.00030639,"2017-07-17 14:40:02"
IOP,0.00030639,"2017-07-17 14:45:05"
IOP,0.00030639,"2017-07-17 14:50:02"
IOP,0.00030639,"2017-07-17 14:55:01"
IOP,0.00030639,"2017-07-17 15:00:03"
IOP,0.00030639,"2017-07-17 15:05:02"
IOP,0.00030639,"2017-07-17 15:10:01"
IOP,0.00030639,"2017-07-17 15:15:02"
IOP,0.00030639,"2017-07-17 15:20:01"
IOP,0.0003,"2017-07-17 15:25:02"
IOP,0.0003,"2017-07-17 15:30:02"
IOP,0.000307,"2017-07-17 15:35:02"
IOP,0.000307,"2017-07-17 15:40:01"
IOP,0.00030668,"2017-07-17 15:45:02"
IOP,0.00030751,"2017-07-17 15:50:01"
IOP,0.0003078,"2017-07-17 15:55:01"
IOP,0.0003078,"2017-07-17 16:00:02"
IOP,0.0003078,"2017-07-17 16:05:02"
IOP,0.0003078,"2017-07-17 16:10:01"
IOP,0.0003078,"2017-07-17 16:15:01"
IOP,0.00029279,"2017-07-17 16:20:02"
IOP,0.00029698,"2017-07-17 16:25:02"
IOP,0.00030106,"2017-07-17 16:30:01"
IOP,0.00029101,"2017-07-17 16:35:02"
IOP,0.00029101,"2017-07-17 16:40:01"
IOP,0.00029101,"2017-07-17 16:45:02"
IOP,0.00029101,"2017-07-17 16:50:01"
IOP,0.00029101,"2017-07-17 16:55:02"
IOP,0.00029101,"2017-07-17 17:00:04"
IOP,0.00029101,"2017-07-17 17:05:02"
IOP,0.00029101,"2017-07-17 17:10:01"
IOP,0.00029101,"2017-07-17 17:15:01"
IOP,0.00029101,"2017-07-17 17:20:02"
IOP,0.00029101,"2017-07-17 17:25:02"
IOP,0.00029101,"2017-07-17 17:30:02"
IOP,0.00030405,"2017-07-17 17:35:02"
IOP,0.00031238,"2017-07-17 17:40:01"
IOP,0.00031293,"2017-07-17 17:45:01"
IOP,0.00031293,"2017-07-17 17:50:01"
IOP,0.00031269,"2017-07-17 17:55:02"
IOP,0.00031269,"2017-07-17 18:00:02"
IOP,0.00032811,"2017-07-17 18:05:01"
IOP,0.00032811,"2017-07-17 18:10:01"
IOP,0.00032811,"2017-07-17 18:15:01"
IOP,0.00032811,"2017-07-17 18:20:01"
IOP,0.00032811,"2017-07-17 18:25:01"
IOP,0.00033036,"2017-07-17 18:30:01"
IOP,0.00033375,"2017-07-17 18:35:02"
IOP,0.00033036,"2017-07-17 18:40:02"
IOP,0.00033036,"2017-07-17 18:45:02"
IOP,0.00031241,"2017-07-17 18:50:01"
IOP,0.00031241,"2017-07-17 18:55:01"
IOP,0.00031284,"2017-07-17 19:00:02"
IOP,0.00031234,"2017-07-17 19:05:02"
IOP,0.00033375,"2017-07-17 19:10:01"
IOP,0.00031234,"2017-07-17 19:15:01"
IOP,0.00031234,"2017-07-17 19:20:01"
IOP,0.00031528,"2017-07-17 19:25:01"
IOP,0.000291,"2017-07-17 19:30:01"
IOP,0.000291,"2017-07-17 19:35:02"
IOP,0.00034538,"2017-07-17 19:40:10"
IOP,0.00034535,"2017-07-17 19:45:01"
IOP,0.000325,"2017-07-17 19:50:01"
IOP,0.000325,"2017-07-17 19:55:02"
IOP,0.00032465,"2017-07-17 20:00:02"
IOP,0.0003445,"2017-07-17 20:05:01"
IOP,0.0003445,"2017-07-17 20:10:02"
IOP,0.00031432,"2017-07-17 20:15:02"
IOP,0.00031432,"2017-07-17 20:20:14"
IOP,0.00031432,"2017-07-17 20:25:02"
IOP,0.00031432,"2017-07-17 20:30:01"
IOP,0.00031432,"2017-07-17 20:35:02"
IOP,0.00031427,"2017-07-17 20:40:01"
IOP,0.00030945,"2017-07-17 20:45:02"
IOP,0.00030945,"2017-07-17 20:50:01"
IOP,0.00030945,"2017-07-17 20:55:01"
IOP,0.00030665,"2017-07-17 21:00:02"
IOP,0.00030665,"2017-07-17 21:05:01"
IOP,0.00030584,"2017-07-17 21:10:01"
IOP,0.00030584,"2017-07-17 21:15:01"
IOP,0.00030584,"2017-07-17 21:20:01"
IOP,0.00030584,"2017-07-17 21:25:02"
IOP,0.00030584,"2017-07-17 21:30:02"
IOP,0.00030584,"2017-07-17 21:35:01"
IOP,0.00030584,"2017-07-17 21:40:01"
IOP,0.00030584,"2017-07-17 21:45:02"
IOP,0.00030584,"2017-07-17 21:50:01"
IOP,0.00030584,"2017-07-17 21:55:01"
IOP,0.00030584,"2017-07-17 22:00:02"
IOP,0.00030584,"2017-07-17 22:05:02"
IOP,0.00030584,"2017-07-17 22:10:02"
IOP,0.00030584,"2017-07-17 22:15:02"
IOP,0.00030584,"2017-07-17 22:20:02"
IOP,0.00030584,"2017-07-17 22:25:02"
IOP,0.00030584,"2017-07-17 22:30:03"
IOP,0.00030584,"2017-07-17 22:35:02"
IOP,0.00030584,"2017-07-17 22:40:02"
IOP,0.00030584,"2017-07-17 22:45:03"
IOP,0.00030584,"2017-07-17 22:50:01"
IOP,0.00030999,"2017-07-17 22:55:02"
IOP,0.00030999,"2017-07-17 23:00:03"
IOP,0.00030999,"2017-07-17 23:05:01"
IOP,0.00030588,"2017-07-17 23:10:01"
IOP,0.00030999,"2017-07-17 23:15:02"
IOP,0.00030999,"2017-07-17 23:20:02"
IOP,0.00030999,"2017-07-17 23:25:02"
IOP,0.00030999,"2017-07-17 23:30:02"
IOP,0.00030999,"2017-07-17 23:35:02"
IOP,0.00030999,"2017-07-17 23:40:01"
IOP,0.00031,"2017-07-17 23:45:01"
IOP,0.00031,"2017-07-17 23:50:01"
IOP,0.00031,"2017-07-17 23:55:04"
IOP,0.00031,"2017-07-18 00:00:02"
IOP,0.00031,"2017-07-18 00:05:01"
IOP,0.00031,"2017-07-18 00:10:02"
IOP,0.00032,"2017-07-18 00:15:01"
IOP,0.00032,"2017-07-18 00:20:01"
IOP,0.00032,"2017-07-18 00:25:02"
IOP,0.00032,"2017-07-18 00:30:01"
IOP,0.00032,"2017-07-18 00:35:01"
IOP,0.00032,"2017-07-18 00:40:01"
IOP,0.00033,"2017-07-18 00:45:02"
IOP,0.00033,"2017-07-18 00:50:01"
IOP,0.00033,"2017-07-18 00:55:01"
IOP,0.00033,"2017-07-18 01:00:02"
IOP,0.00033,"2017-07-18 01:05:01"
IOP,0.00031638,"2017-07-18 01:10:02"
IOP,0.00031638,"2017-07-18 01:15:15"
IOP,0.00031638,"2017-07-18 01:20:01"
IOP,0.00032993,"2017-07-18 01:25:01"
IOP,0.00032993,"2017-07-18 01:30:02"
IOP,0.00032993,"2017-07-18 01:35:02"
IOP,0.00032993,"2017-07-18 01:40:02"
IOP,0.00032993,"2017-07-18 01:45:08"
IOP,0.00032993,"2017-07-18 01:50:02"
IOP,0.00032993,"2017-07-18 01:55:01"
IOP,0.00032993,"2017-07-18 02:00:01"
IOP,0.00032993,"2017-07-18 02:05:01"
IOP,0.00032993,"2017-07-18 02:10:01"
IOP,0.00032993,"2017-07-18 02:15:06"
IOP,0.00032993,"2017-07-18 02:20:03"
IOP,0.00032993,"2017-07-18 02:25:02"
IOP,0.00032993,"2017-07-18 02:30:02"
IOP,0.00032993,"2017-07-18 02:35:03"
IOP,0.00032993,"2017-07-18 02:40:02"
IOP,0.00032993,"2017-07-18 02:45:02"
IOP,0.00032993,"2017-07-18 02:50:01"
IOP,0.00032993,"2017-07-18 02:55:02"
IOP,0.00032993,"2017-07-18 03:00:02"
IOP,0.00032993,"2017-07-18 03:05:02"
IOP,0.00031635,"2017-07-18 03:10:01"
IOP,0.00031635,"2017-07-18 03:15:01"
IOP,0.00031635,"2017-07-18 03:20:02"
IOP,0.00031635,"2017-07-18 03:25:02"
IOP,0.00031635,"2017-07-18 03:30:03"
IOP,0.00031635,"2017-07-18 03:35:02"
IOP,0.00031635,"2017-07-18 03:40:03"
IOP,0.00031635,"2017-07-18 03:45:01"
IOP,0.00031635,"2017-07-18 03:50:02"
IOP,0.00031635,"2017-07-18 03:55:01"
IOP,0.00031635,"2017-07-18 04:00:01"
IOP,0.00031635,"2017-07-18 04:05:02"
IOP,0.00031635,"2017-07-18 04:10:02"
IOP,0.00031635,"2017-07-18 04:15:02"
IOP,0.00031635,"2017-07-18 04:20:04"
IOP,0.00031635,"2017-07-18 04:25:01"
IOP,0.00031635,"2017-07-18 04:30:02"
IOP,0.00031635,"2017-07-18 04:35:02"
IOP,0.00031635,"2017-07-18 04:40:02"
IOP,0.00031635,"2017-07-18 04:45:01"
IOP,0.00031635,"2017-07-18 04:50:02"
IOP,0.00031635,"2017-07-18 04:55:04"
IOP,0.00031635,"2017-07-18 05:00:02"
IOP,0.0003163,"2017-07-18 05:05:01"
IOP,0.0003163,"2017-07-18 05:10:02"
IOP,0.0003163,"2017-07-18 05:15:02"
IOP,0.0003163,"2017-07-18 05:20:01"
IOP,0.0003163,"2017-07-18 05:25:02"
IOP,0.0003163,"2017-07-18 05:30:02"
IOP,0.0003163,"2017-07-18 05:35:01"
IOP,0.0003163,"2017-07-18 05:40:01"
IOP,0.0003163,"2017-07-18 05:45:02"
IOP,0.0003163,"2017-07-18 05:50:03"
IOP,0.0003163,"2017-07-18 05:55:01"
IOP,0.0003163,"2017-07-18 06:00:01"
IOP,0.0003163,"2017-07-18 06:05:04"
IOP,0.0003163,"2017-07-18 06:10:01"
IOP,0.0003163,"2017-07-18 06:15:01"
IOP,0.0003163,"2017-07-18 06:20:02"
IOP,0.0003163,"2017-07-18 06:25:02"
IOP,0.0003163,"2017-07-18 06:30:02"
IOP,0.0003163,"2017-07-18 06:35:01"
IOP,0.0003163,"2017-07-18 06:40:01"
IOP,0.00031629,"2017-07-18 06:45:01"
IOP,0.00031629,"2017-07-18 06:50:02"
IOP,0.00031629,"2017-07-18 06:55:02"
IOP,0.00031629,"2017-07-18 07:00:02"
IOP,0.00031629,"2017-07-18 07:05:01"
IOP,0.00031629,"2017-07-18 07:10:01"
IOP,0.00031629,"2017-07-18 07:15:01"
IOP,0.00031629,"2017-07-18 07:20:02"
IOP,0.00031629,"2017-07-18 07:25:02"
IOP,0.00031629,"2017-07-18 07:30:02"
IOP,0.00031629,"2017-07-18 07:35:02"
IOP,0.00031629,"2017-07-18 07:40:01"
IOP,0.00031629,"2017-07-18 07:45:02"
IOP,0.00031629,"2017-07-18 07:50:01"
IOP,0.00031629,"2017-07-18 07:55:01"
IOP,0.0003163,"2017-07-18 08:00:02"
IOP,0.0003163,"2017-07-18 08:05:01"
IOP,0.00033587,"2017-07-18 08:10:01"
IOP,0.00033587,"2017-07-18 08:15:02"
IOP,0.00033587,"2017-07-18 08:20:02"
IOP,0.00033587,"2017-07-18 08:25:02"
IOP,0.00033587,"2017-07-18 08:30:02"
IOP,0.00033587,"2017-07-18 08:35:02"
IOP,0.00033557,"2017-07-18 08:40:01"
IOP,0.00031632,"2017-07-18 08:45:01"
IOP,0.00033558,"2017-07-18 08:50:02"
IOP,0.00033558,"2017-07-18 08:55:02"
IOP,0.00033558,"2017-07-18 09:00:02"
IOP,0.00033558,"2017-07-18 09:05:01"
IOP,0.00033558,"2017-07-18 09:10:01"
IOP,0.00033558,"2017-07-18 09:15:02"
IOP,0.00033556,"2017-07-18 09:20:01"
IOP,0.00033556,"2017-07-18 09:25:02"
IOP,0.00033556,"2017-07-18 09:30:01"
IOP,0.00033556,"2017-07-18 09:35:02"
IOP,0.00033556,"2017-07-18 09:40:01"
IOP,0.00033555,"2017-07-18 09:45:02"
IOP,0.00033555,"2017-07-18 09:50:01"
IOP,0.00033555,"2017-07-18 09:55:02"
IOP,0.00033555,"2017-07-18 10:00:03"
IOP,0.00033555,"2017-07-18 10:05:02"
IOP,0.00033555,"2017-07-18 10:10:04"
IOP,0.00033555,"2017-07-18 10:15:02"
IOP,0.00033555,"2017-07-18 10:20:02"
IOP,0.00031658,"2017-07-18 10:25:02"
IOP,0.00031658,"2017-07-18 10:30:02"
IOP,0.00031658,"2017-07-18 10:35:02"
IOP,0.00031658,"2017-07-18 10:40:02"
IOP,0.00031658,"2017-07-18 10:45:02"
IOP,0.00031658,"2017-07-18 10:50:01"
IOP,0.00031788,"2017-07-18 10:55:01"
IOP,0.00031788,"2017-07-18 11:00:02"
IOP,0.00031656,"2017-07-18 11:05:01"
IOP,0.00031788,"2017-07-18 11:10:02"
IOP,0.00032982,"2017-07-18 11:15:01"
IOP,0.00032982,"2017-07-18 11:20:01"
IOP,0.00032982,"2017-07-18 11:25:02"
IOP,0.00032982,"2017-07-18 11:30:01"
IOP,0.00032982,"2017-07-18 11:35:01"
IOP,0.00031673,"2017-07-18 11:40:01"
IOP,0.00031673,"2017-07-18 11:45:04"
IOP,0.00031673,"2017-07-18 11:50:02"
IOP,0.00031673,"2017-07-18 11:55:02"
IOP,0.00031673,"2017-07-18 12:00:02"
IOP,0.00031673,"2017-07-18 12:05:01"
IOP,0.0003265,"2017-07-18 12:10:01"
IOP,0.0003265,"2017-07-18 12:15:02"
IOP,0.00031673,"2017-07-18 12:20:01"
IOP,0.00031673,"2017-07-18 12:25:02"
IOP,0.00031673,"2017-07-18 12:30:01"
IOP,0.00031673,"2017-07-18 12:35:02"
IOP,0.00031673,"2017-07-18 12:40:01"
IOP,0.00031673,"2017-07-18 12:45:01"
IOP,0.00031673,"2017-07-18 12:50:01"
IOP,0.00031673,"2017-07-18 12:55:01"
IOP,0.00031673,"2017-07-18 13:00:02"
IOP,0.00031673,"2017-07-18 13:05:01"
IOP,0.00031673,"2017-07-18 13:10:01"
IOP,0.00031673,"2017-07-18 13:15:02"
IOP,0.00031673,"2017-07-18 13:20:02"
IOP,0.00032644,"2017-07-18 13:25:02"
IOP,0.00032644,"2017-07-18 13:30:01"
IOP,0.00032644,"2017-07-18 13:35:01"
IOP,0.00032644,"2017-07-18 13:40:08"
IOP,0.00032644,"2017-07-18 13:45:01"
IOP,0.00032644,"2017-07-18 13:50:01"
IOP,0.00032644,"2017-07-18 13:55:01"
IOP,0.00031968,"2017-07-18 14:00:02"
IOP,0.00031968,"2017-07-18 14:05:02"
IOP,0.00031968,"2017-07-18 14:10:01"
IOP,0.00031968,"2017-07-18 14:15:02"
IOP,0.00031968,"2017-07-18 14:20:02"
IOP,0.000319,"2017-07-18 14:25:01"
IOP,0.000319,"2017-07-18 14:30:01"
IOP,0.00033123,"2017-07-18 14:35:01"
IOP,0.00033123,"2017-07-18 14:40:01"
IOP,0.00033123,"2017-07-18 14:45:02"
IOP,0.00033123,"2017-07-18 14:50:01"
IOP,0.00034,"2017-07-18 14:55:01"
IOP,0.00034,"2017-07-18 15:00:02"
IOP,0.00034,"2017-07-18 15:05:06"
IOP,0.00034,"2017-07-18 15:10:01"
IOP,0.00034,"2017-07-18 15:15:01"
IOP,0.00033,"2017-07-18 15:20:01"
IOP,0.00033,"2017-07-18 15:25:02"
IOP,0.00032507,"2017-07-18 15:30:02"
IOP,0.00032507,"2017-07-18 15:35:02"
IOP,0.00033987,"2017-07-18 15:40:01"
IOP,0.00033987,"2017-07-18 15:45:02"
IOP,0.00033987,"2017-07-18 15:50:01"
IOP,0.0003031,"2017-07-18 15:55:02"
IOP,0.0003031,"2017-07-18 16:00:02"
IOP,0.00032393,"2017-07-18 16:05:01"
IOP,0.00032393,"2017-07-18 16:10:02"
IOP,0.00030525,"2017-07-18 16:15:07"
IOP,0.00030525,"2017-07-18 16:20:02"
IOP,0.0003062,"2017-07-18 16:25:01"
IOP,0.0003062,"2017-07-18 16:30:02"
IOP,0.0003062,"2017-07-18 16:35:02"
IOP,0.0003062,"2017-07-18 16:40:02"
IOP,0.0003062,"2017-07-18 16:45:02"
IOP,0.0003062,"2017-07-18 16:50:01"
IOP,0.0003062,"2017-07-18 16:55:11"
IOP,0.0003062,"2017-07-18 17:00:02"
IOP,0.0003062,"2017-07-18 17:05:02"
IOP,0.0003062,"2017-07-18 17:10:01"
IOP,0.0003062,"2017-07-18 17:15:02"
IOP,0.0003062,"2017-07-18 17:20:01"
IOP,0.00032393,"2017-07-18 17:25:01"
IOP,0.00032496,"2017-07-18 17:30:02"
IOP,0.00032496,"2017-07-18 17:35:01"
IOP,0.00032496,"2017-07-18 17:40:01"
IOP,0.00032496,"2017-07-18 17:45:01"
IOP,0.00033078,"2017-07-18 17:50:02"
IOP,0.00033983,"2017-07-18 17:55:02"
IOP,0.00033988,"2017-07-18 18:00:03"
IOP,0.00033988,"2017-07-18 18:05:02"
IOP,0.00034005,"2017-07-18 18:10:02"
IOP,0.00034005,"2017-07-18 18:15:01"
IOP,0.00034,"2017-07-18 18:20:01"
IOP,0.00034,"2017-07-18 18:25:01"
IOP,0.00034,"2017-07-18 18:30:01"
IOP,0.00033988,"2017-07-18 18:35:02"
IOP,0.00033989,"2017-07-18 18:40:01"
IOP,0.00033989,"2017-07-18 18:45:01"
IOP,0.00033989,"2017-07-18 18:50:02"
IOP,0.00033989,"2017-07-18 18:55:01"
IOP,0.00033989,"2017-07-18 19:00:02"
IOP,0.0003399,"2017-07-18 19:05:02"
IOP,0.0003399,"2017-07-18 19:10:01"
IOP,0.0003399,"2017-07-18 19:15:01"
IOP,0.0003399,"2017-07-18 19:20:01"
IOP,0.0003399,"2017-07-18 19:25:02"
IOP,0.0003399,"2017-07-18 19:30:02"
IOP,0.0003399,"2017-07-18 19:35:02"
IOP,0.0003399,"2017-07-18 19:40:01"
IOP,0.00033995,"2017-07-18 19:45:01"
IOP,0.00033995,"2017-07-18 19:50:01"
IOP,0.00033992,"2017-07-18 19:55:05"
IOP,0.00033988,"2017-07-18 20:00:02"
IOP,0.00033988,"2017-07-18 20:05:02"
IOP,0.00033988,"2017-07-18 20:10:02"
IOP,0.00033988,"2017-07-18 20:15:01"
IOP,0.00033988,"2017-07-18 20:20:02"
IOP,0.00033988,"2017-07-18 20:25:02"
IOP,0.00033988,"2017-07-18 20:30:01"
IOP,0.00033988,"2017-07-18 20:35:02"
IOP,0.00033988,"2017-07-18 20:40:05"
IOP,0.00033995,"2017-07-18 20:45:02"
IOP,0.00033995,"2017-07-18 20:50:01"
IOP,0.00033988,"2017-07-18 20:55:01"
IOP,0.00033988,"2017-07-18 21:00:01"
IOP,0.00033988,"2017-07-18 21:05:01"
IOP,0.00033988,"2017-07-18 21:10:01"
IOP,0.00033988,"2017-07-18 21:15:01"
IOP,0.00033988,"2017-07-18 21:20:01"
IOP,0.00033988,"2017-07-18 21:25:08"
IOP,0.00033988,"2017-07-18 21:30:01"
IOP,0.00033988,"2017-07-18 21:35:01"
IOP,0.00031289,"2017-07-18 21:40:02"
IOP,0.00031289,"2017-07-18 21:45:02"
IOP,0.00031289,"2017-07-18 21:50:02"
IOP,0.00031289,"2017-07-18 21:55:02"
IOP,0.00031289,"2017-07-18 22:00:04"
IOP,0.00031289,"2017-07-18 22:05:01"
IOP,0.00031289,"2017-07-18 22:10:02"
IOP,0.00031289,"2017-07-18 22:15:02"
IOP,0.00031289,"2017-07-18 22:20:02"
IOP,0.00031289,"2017-07-18 22:25:02"
IOP,0.00031289,"2017-07-18 22:30:03"
IOP,0.00031289,"2017-07-18 22:35:01"
IOP,0.00031289,"2017-07-18 22:40:01"
IOP,0.00031289,"2017-07-18 22:45:02"
IOP,0.00031289,"2017-07-18 22:50:01"
IOP,0.00033988,"2017-07-18 22:55:02"
IOP,0.00033994,"2017-07-18 23:00:02"
IOP,0.00033997,"2017-07-18 23:05:02"
IOP,0.00033997,"2017-07-18 23:10:01"
IOP,0.00033997,"2017-07-18 23:15:01"
IOP,0.00033997,"2017-07-18 23:20:01"
IOP,0.00034001,"2017-07-18 23:25:01"
IOP,0.00034001,"2017-07-18 23:30:02"
IOP,0.00034045,"2017-07-18 23:35:01"
IOP,0.0003203,"2017-07-18 23:40:01"
IOP,0.0003203,"2017-07-18 23:45:02"
IOP,0.00032049,"2017-07-18 23:50:02"
IOP,0.00032049,"2017-07-18 23:55:01"
IOP,0.00032049,"2017-07-19 00:00:01"
IOP,0.00032029,"2017-07-19 00:05:02"
IOP,0.0003205,"2017-07-19 00:10:04"
IOP,0.0003205,"2017-07-19 00:15:01"
IOP,0.0003205,"2017-07-19 00:20:01"
IOP,0.0003205,"2017-07-19 00:25:01"
IOP,0.0003205,"2017-07-19 00:30:02"
IOP,0.0003205,"2017-07-19 00:35:01"
IOP,0.0003205,"2017-07-19 00:40:02"
IOP,0.0003205,"2017-07-19 00:45:01"
IOP,0.0003205,"2017-07-19 00:50:01"
IOP,0.0003205,"2017-07-19 00:55:01"
IOP,0.0003205,"2017-07-19 01:00:02"
IOP,0.0003205,"2017-07-19 01:05:02"
IOP,0.0003205,"2017-07-19 01:10:02"
IOP,0.0003205,"2017-07-19 01:15:04"
IOP,0.0003205,"2017-07-19 01:20:02"
IOP,0.0003205,"2017-07-19 01:25:03"
IOP,0.0003205,"2017-07-19 01:30:01"
IOP,0.0003205,"2017-07-19 01:35:02"
IOP,0.0003205,"2017-07-19 01:40:02"
IOP,0.0003205,"2017-07-19 01:45:01"
IOP,0.0003205,"2017-07-19 01:50:02"
IOP,0.0003205,"2017-07-19 01:55:02"
IOP,0.0003205,"2017-07-19 02:00:02"
IOP,0.0003205,"2017-07-19 02:05:02"
IOP,0.0003209,"2017-07-19 02:10:01"
IOP,0.0003209,"2017-07-19 02:15:02"
IOP,0.0003209,"2017-07-19 02:20:01"
IOP,0.0003209,"2017-07-19 02:25:01"
IOP,0.0003209,"2017-07-19 02:30:02"
IOP,0.0003209,"2017-07-19 02:35:01"
IOP,0.0003209,"2017-07-19 02:40:02"
IOP,0.0003209,"2017-07-19 02:45:02"
IOP,0.0003209,"2017-07-19 02:50:01"
IOP,0.0003209,"2017-07-19 02:55:01"
IOP,0.0003209,"2017-07-19 03:00:01"
IOP,0.0003209,"2017-07-19 03:05:02"
IOP,0.0003209,"2017-07-19 03:10:03"
IOP,0.0003209,"2017-07-19 03:15:02"
IOP,0.0003209,"2017-07-19 03:20:01"
IOP,0.0003209,"2017-07-19 03:25:02"
IOP,0.0003209,"2017-07-19 03:30:01"
IOP,0.0003209,"2017-07-19 03:35:01"
IOP,0.0003209,"2017-07-19 03:40:01"
IOP,0.0003209,"2017-07-19 03:45:02"
IOP,0.00032049,"2017-07-19 03:50:02"
IOP,0.00032085,"2017-07-19 03:55:01"
IOP,0.00032085,"2017-07-19 04:00:02"
IOP,0.00032085,"2017-07-19 04:05:01"
IOP,0.00032085,"2017-07-19 04:10:02"
IOP,0.00032085,"2017-07-19 04:15:02"
IOP,0.00032085,"2017-07-19 04:20:01"
IOP,0.00032085,"2017-07-19 04:25:02"
IOP,0.00032085,"2017-07-19 04:30:02"
IOP,0.00032085,"2017-07-19 04:35:02"
IOP,0.00032085,"2017-07-19 04:40:03"
IOP,0.00032085,"2017-07-19 04:45:01"
IOP,0.00032085,"2017-07-19 04:50:01"
IOP,0.00032085,"2017-07-19 04:55:02"
IOP,0.00032085,"2017-07-19 05:00:02"
IOP,0.0003129,"2017-07-19 05:05:01"
IOP,0.0003129,"2017-07-19 05:10:02"
IOP,0.0003129,"2017-07-19 05:15:01"
IOP,0.0003129,"2017-07-19 05:20:01"
IOP,0.0003129,"2017-07-19 05:25:02"
IOP,0.0003129,"2017-07-19 05:30:03"
IOP,0.0003129,"2017-07-19 05:35:01"
IOP,0.0003129,"2017-07-19 05:40:02"
IOP,0.0003129,"2017-07-19 05:45:01"
IOP,0.0003129,"2017-07-19 05:50:02"
IOP,0.0003129,"2017-07-19 05:55:01"
IOP,0.0003129,"2017-07-19 06:00:02"
IOP,0.0003129,"2017-07-19 06:05:01"
IOP,0.0003129,"2017-07-19 06:10:01"
IOP,0.0003129,"2017-07-19 06:15:02"
IOP,0.0003129,"2017-07-19 06:20:01"
IOP,0.0003129,"2017-07-19 06:25:01"
IOP,0.0003129,"2017-07-19 06:30:02"
IOP,0.00032084,"2017-07-19 06:35:01"
IOP,0.00032085,"2017-07-19 06:40:05"
IOP,0.00033229,"2017-07-19 06:45:02"
IOP,0.00033229,"2017-07-19 06:50:01"
IOP,0.00033229,"2017-07-19 06:55:02"
IOP,0.00033226,"2017-07-19 07:00:02"
IOP,0.00033226,"2017-07-19 07:05:02"
IOP,0.00033226,"2017-07-19 07:10:02"
IOP,0.00033226,"2017-07-19 07:15:01"
IOP,0.00033226,"2017-07-19 07:20:02"
IOP,0.00033226,"2017-07-19 07:25:05"
IOP,0.00033226,"2017-07-19 07:30:02"
IOP,0.00033226,"2017-07-19 07:35:02"
IOP,0.00033226,"2017-07-19 07:40:01"
IOP,0.00033226,"2017-07-19 07:45:01"
IOP,0.00031301,"2017-07-19 07:50:01"
IOP,0.00032806,"2017-07-19 07:55:01"
IOP,0.00032806,"2017-07-19 08:00:03"
IOP,0.00032806,"2017-07-19 08:05:02"
IOP,0.00032806,"2017-07-19 08:10:02"
IOP,0.00032806,"2017-07-19 08:15:01"
IOP,0.00032806,"2017-07-19 08:20:09"
IOP,0.00032806,"2017-07-19 08:25:02"
IOP,0.00032806,"2017-07-19 08:30:02"
IOP,0.00032806,"2017-07-19 08:35:01"
IOP,0.00032806,"2017-07-19 08:40:01"
IOP,0.00032806,"2017-07-19 08:45:02"
IOP,0.00032806,"2017-07-19 08:50:01"
IOP,0.00032806,"2017-07-19 08:55:01"
IOP,0.00032806,"2017-07-19 09:00:01"
IOP,0.00032806,"2017-07-19 09:05:02"
IOP,0.00032806,"2017-07-19 09:10:01"
IOP,0.00032806,"2017-07-19 09:15:01"
IOP,0.00032806,"2017-07-19 09:20:02"
IOP,0.00032806,"2017-07-19 09:25:01"
IOP,0.00032806,"2017-07-19 09:30:01"
IOP,0.00032806,"2017-07-19 09:35:01"
IOP,0.00031289,"2017-07-19 09:40:01"
IOP,0.00031289,"2017-07-19 09:45:02"
IOP,0.00031289,"2017-07-19 09:50:02"
IOP,0.00031289,"2017-07-19 09:55:01"
IOP,0.00031289,"2017-07-19 10:00:02"
IOP,0.00031289,"2017-07-19 10:05:01"
IOP,0.00031289,"2017-07-19 10:10:02"
IOP,0.00031289,"2017-07-19 10:15:01"
IOP,0.00031289,"2017-07-19 10:20:04"
IOP,0.00031289,"2017-07-19 10:25:01"
IOP,0.00031289,"2017-07-19 10:30:02"
IOP,0.00031289,"2017-07-19 10:35:01"
IOP,0.00031289,"2017-07-19 10:40:01"
IOP,0.00033019,"2017-07-19 10:45:07"
IOP,0.00033019,"2017-07-19 10:50:01"
IOP,0.00033019,"2017-07-19 10:55:01"
IOP,0.00033019,"2017-07-19 11:00:02"
IOP,0.00033019,"2017-07-19 11:05:01"
IOP,0.00033019,"2017-07-19 11:10:02"
IOP,0.00033019,"2017-07-19 11:15:07"
IOP,0.00032501,"2017-07-19 11:20:01"
IOP,0.00032501,"2017-07-19 11:25:02"
IOP,0.00032501,"2017-07-19 11:30:02"
IOP,0.00032501,"2017-07-19 11:35:01"
IOP,0.00032501,"2017-07-19 11:40:01"
IOP,0.00032501,"2017-07-19 11:45:02"
IOP,0.00032501,"2017-07-19 11:50:02"
IOP,0.00032501,"2017-07-19 11:55:01"
IOP,0.00032501,"2017-07-19 12:00:02"
IOP,0.00032501,"2017-07-19 12:05:01"
IOP,0.00033949,"2017-07-19 12:10:02"
IOP,0.00033949,"2017-07-19 12:15:01"
IOP,0.00033949,"2017-07-19 12:20:01"
IOP,0.00033949,"2017-07-19 12:25:05"
IOP,0.00033949,"2017-07-19 12:30:02"
IOP,0.00033948,"2017-07-19 12:35:01"
IOP,0.00033223,"2017-07-19 12:40:02"
IOP,0.00033223,"2017-07-19 12:45:02"
IOP,0.00033223,"2017-07-19 12:50:01"
IOP,0.00033947,"2017-07-19 12:55:02"
IOP,0.00033947,"2017-07-19 13:00:02"
IOP,0.00033947,"2017-07-19 13:05:02"
IOP,0.00033947,"2017-07-19 13:10:05"
IOP,0.00033947,"2017-07-19 13:15:02"
IOP,0.00033947,"2017-07-19 13:20:02"
IOP,0.00033948,"2017-07-19 13:25:03"
IOP,0.00033949,"2017-07-19 13:30:02"
IOP,0.00033947,"2017-07-19 13:35:01"
IOP,0.00033947,"2017-07-19 13:40:01"
IOP,0.00033947,"2017-07-19 13:45:01"
IOP,0.00033947,"2017-07-19 13:50:02"
IOP,0.00033947,"2017-07-19 13:55:02"
IOP,0.00033947,"2017-07-19 14:00:02"
IOP,0.00033949,"2017-07-19 14:05:01"
IOP,0.00033949,"2017-07-19 14:10:01"
IOP,0.00033949,"2017-07-19 14:15:01"
IOP,0.00033949,"2017-07-19 14:20:02"
IOP,0.00033948,"2017-07-19 14:25:02"
IOP,0.00033948,"2017-07-19 14:30:02"
IOP,0.00033948,"2017-07-19 14:35:01"
IOP,0.00033948,"2017-07-19 14:40:02"
IOP,0.00033948,"2017-07-19 14:45:01"
IOP,0.00033948,"2017-07-19 14:50:02"
IOP,0.00033948,"2017-07-19 14:55:01"
IOP,0.00033948,"2017-07-19 15:00:02"
IOP,0.00033203,"2017-07-19 15:05:01"
IOP,0.00033203,"2017-07-19 15:10:05"
IOP,0.00033949,"2017-07-19 15:15:03"
IOP,0.00033949,"2017-07-19 15:20:01"
IOP,0.00034255,"2017-07-19 15:25:02"
IOP,0.00034255,"2017-07-19 15:30:02"
IOP,0.00034255,"2017-07-19 15:35:02"
IOP,0.00034255,"2017-07-19 15:40:01"
IOP,0.00034255,"2017-07-19 15:45:01"
IOP,0.000326,"2017-07-19 15:50:02"
IOP,0.000326,"2017-07-19 15:55:02"
IOP,0.00034232,"2017-07-19 16:00:01"
IOP,0.00034232,"2017-07-19 16:05:01"
IOP,0.00034232,"2017-07-19 16:10:02"
IOP,0.00034232,"2017-07-19 16:15:02"
IOP,0.00032601,"2017-07-19 16:20:01"
IOP,0.00032601,"2017-07-19 16:25:05"
IOP,0.00032601,"2017-07-19 16:30:02"
IOP,0.00032601,"2017-07-19 16:35:02"
IOP,0.00032601,"2017-07-19 16:40:01"
IOP,0.00032601,"2017-07-19 16:45:02"
IOP,0.00032601,"2017-07-19 16:50:01"
IOP,0.00032601,"2017-07-19 16:55:01"
IOP,0.00032593,"2017-07-19 17:00:02"
IOP,0.0003259,"2017-07-19 17:05:02"
IOP,0.0003259,"2017-07-19 17:10:02"
IOP,0.0003259,"2017-07-19 17:15:02"
IOP,0.0003259,"2017-07-19 17:20:02"
IOP,0.0003259,"2017-07-19 17:25:02"
IOP,0.0003259,"2017-07-19 17:30:03"
IOP,0.0003259,"2017-07-19 17:35:01"
IOP,0.0003259,"2017-07-19 17:40:01"
IOP,0.0003259,"2017-07-19 17:45:01"
IOP,0.00032592,"2017-07-19 17:50:01"
IOP,0.00031285,"2017-07-19 17:55:02"
IOP,0.000315,"2017-07-19 18:00:02"
IOP,0.00029902,"2017-07-19 18:05:03"
IOP,0.00030937,"2017-07-19 18:10:02"
IOP,0.00030847,"2017-07-19 18:15:02"
IOP,0.00030847,"2017-07-19 18:20:01"
IOP,0.00031263,"2017-07-19 18:25:01"
IOP,0.00031263,"2017-07-19 18:30:02"
IOP,0.00031263,"2017-07-19 18:35:04"
IOP,0.00031263,"2017-07-19 18:40:05"
IOP,0.00031263,"2017-07-19 18:45:02"
IOP,0.00031263,"2017-07-19 18:50:02"
IOP,0.00030903,"2017-07-19 18:55:02"
IOP,0.00030898,"2017-07-19 19:00:02"
IOP,0.00033185,"2017-07-19 19:05:02"
IOP,0.00033185,"2017-07-19 19:10:01"
IOP,0.00033185,"2017-07-19 19:15:03"
IOP,0.00033185,"2017-07-19 19:20:02"
IOP,0.00033185,"2017-07-19 19:25:02"
IOP,0.00033185,"2017-07-19 19:30:03"
IOP,0.00033185,"2017-07-19 19:35:01"
IOP,0.00033185,"2017-07-19 19:40:01"
IOP,0.00033185,"2017-07-19 19:45:01"
IOP,0.0003096,"2017-07-19 19:50:02"
IOP,0.0003096,"2017-07-19 19:55:01"
IOP,0.0003096,"2017-07-19 20:00:01"
IOP,0.0003096,"2017-07-19 20:05:02"
IOP,0.00030959,"2017-07-19 20:10:02"
IOP,0.00030959,"2017-07-19 20:15:01"
IOP,0.00030959,"2017-07-19 20:20:01"
IOP,0.00030959,"2017-07-19 20:25:01"
IOP,0.00030959,"2017-07-19 20:30:02"
IOP,0.00030959,"2017-07-19 20:35:01"
IOP,0.00030959,"2017-07-19 20:40:01"
IOP,0.00032446,"2017-07-19 20:45:02"
IOP,0.00032446,"2017-07-19 20:50:01"
IOP,0.00032446,"2017-07-19 20:55:02"
IOP,0.00032446,"2017-07-19 21:00:02"
IOP,0.00030987,"2017-07-19 21:05:01"
IOP,0.00030987,"2017-07-19 21:10:02"
IOP,0.00030987,"2017-07-19 21:15:01"
IOP,0.00030987,"2017-07-19 21:20:02"
IOP,0.00032379,"2017-07-19 21:25:01"
IOP,0.00032379,"2017-07-19 21:30:02"
IOP,0.00032379,"2017-07-19 21:35:02"
IOP,0.00032339,"2017-07-19 21:40:02"
IOP,0.00032339,"2017-07-19 21:45:11"
IOP,0.00032339,"2017-07-19 21:50:01"
IOP,0.00032339,"2017-07-19 21:55:01"
IOP,0.00032196,"2017-07-19 22:00:05"
IOP,0.00032197,"2017-07-19 22:05:01"
IOP,0.00032197,"2017-07-19 22:10:02"
IOP,0.00032204,"2017-07-19 22:15:01"
IOP,0.00032204,"2017-07-19 22:20:01"
IOP,0.00032204,"2017-07-19 22:25:01"
IOP,0.00032206,"2017-07-19 22:30:02"
IOP,0.00032206,"2017-07-19 22:35:02"
IOP,0.00032206,"2017-07-19 22:40:01"
IOP,0.00032206,"2017-07-19 22:45:01"
IOP,0.00032196,"2017-07-19 22:50:02"
IOP,0.00030959,"2017-07-19 22:55:03"
IOP,0.00030959,"2017-07-19 23:00:02"
IOP,0.00030959,"2017-07-19 23:05:01"
IOP,0.00030959,"2017-07-19 23:10:01"
IOP,0.00030024,"2017-07-19 23:15:01"
IOP,0.00030024,"2017-07-19 23:20:01"
IOP,0.00030024,"2017-07-19 23:25:02"
IOP,0.00030024,"2017-07-19 23:30:02"
IOP,0.00030024,"2017-07-19 23:35:01"
IOP,0.00030024,"2017-07-19 23:40:02"
IOP,0.00031557,"2017-07-19 23:45:02"
IOP,0.00030024,"2017-07-19 23:50:01"
IOP,0.00031399,"2017-07-19 23:55:01"
IOP,0.00031399,"2017-07-20 00:00:02"
IOP,0.00030025,"2017-07-20 00:05:01"
IOP,0.00030025,"2017-07-20 00:10:01"
IOP,0.00030025,"2017-07-20 00:15:02"
IOP,0.00030025,"2017-07-20 00:20:02"
IOP,0.00030063,"2017-07-20 00:25:01"
IOP,0.00030025,"2017-07-20 00:30:02"
IOP,0.00030063,"2017-07-20 00:35:01"
IOP,0.00030063,"2017-07-20 00:40:01"
IOP,0.00030063,"2017-07-20 00:45:01"
IOP,0.00030063,"2017-07-20 00:50:02"
IOP,0.00030063,"2017-07-20 00:55:01"
IOP,0.00030063,"2017-07-20 01:00:02"
IOP,0.00030063,"2017-07-20 01:05:02"
IOP,0.00030063,"2017-07-20 01:10:02"
IOP,0.00030664,"2017-07-20 01:15:02"
IOP,0.00030664,"2017-07-20 01:20:01"
IOP,0.00030664,"2017-07-20 01:25:02"
IOP,0.00030664,"2017-07-20 01:30:02"
IOP,0.00030664,"2017-07-20 01:35:02"
IOP,0.00030664,"2017-07-20 01:40:01"
IOP,0.00030664,"2017-07-20 01:45:01"
IOP,0.00030664,"2017-07-20 01:50:02"
IOP,0.00030664,"2017-07-20 01:55:01"
IOP,0.00030664,"2017-07-20 02:00:01"
IOP,0.00030664,"2017-07-20 02:05:01"
IOP,0.00030664,"2017-07-20 02:10:01"
IOP,0.00030664,"2017-07-20 02:15:01"
IOP,0.00030664,"2017-07-20 02:20:02"
IOP,0.00030664,"2017-07-20 02:25:03"
IOP,0.00030664,"2017-07-20 02:30:02"
IOP,0.00030664,"2017-07-20 02:35:01"
IOP,0.00030664,"2017-07-20 02:40:02"
IOP,0.00030664,"2017-07-20 02:45:01"
IOP,0.00030664,"2017-07-20 02:50:01"
IOP,0.00030664,"2017-07-20 02:55:01"
IOP,0.00030664,"2017-07-20 03:00:02"
IOP,0.00030664,"2017-07-20 03:05:01"
IOP,0.00030664,"2017-07-20 03:10:01"
IOP,0.00030664,"2017-07-20 03:15:01"
IOP,0.00030664,"2017-07-20 03:20:02"
IOP,0.00030664,"2017-07-20 03:25:02"
IOP,0.00030664,"2017-07-20 03:30:02"
IOP,0.00030664,"2017-07-20 03:35:01"
IOP,0.00030664,"2017-07-20 03:40:02"
IOP,0.00030664,"2017-07-20 03:45:02"
IOP,0.00030664,"2017-07-20 03:50:02"
IOP,0.00030304,"2017-07-20 03:55:02"
IOP,0.00030304,"2017-07-20 04:00:02"
IOP,0.00030304,"2017-07-20 04:05:02"
IOP,0.00030304,"2017-07-20 04:10:02"
IOP,0.00030304,"2017-07-20 04:15:01"
IOP,0.00030304,"2017-07-20 04:20:01"
IOP,0.00030304,"2017-07-20 04:25:02"
IOP,0.00030304,"2017-07-20 04:30:02"
IOP,0.00030304,"2017-07-20 04:35:01"
IOP,0.00030304,"2017-07-20 04:40:02"
IOP,0.00030304,"2017-07-20 04:45:01"
IOP,0.00030304,"2017-07-20 04:50:01"
IOP,0.00030304,"2017-07-20 04:55:02"
IOP,0.00030304,"2017-07-20 05:00:01"
IOP,0.00030304,"2017-07-20 05:05:02"
IOP,0.00030304,"2017-07-20 05:10:01"
IOP,0.00030304,"2017-07-20 05:15:02"
IOP,0.00030304,"2017-07-20 05:20:02"
IOP,0.00030304,"2017-07-20 05:25:02"
IOP,0.00030304,"2017-07-20 05:30:01"
IOP,0.00030304,"2017-07-20 05:35:02"
IOP,0.00030304,"2017-07-20 05:40:02"
IOP,0.00030304,"2017-07-20 05:45:01"
IOP,0.00030304,"2017-07-20 05:50:02"
IOP,0.00030304,"2017-07-20 05:55:02"
IOP,0.00030304,"2017-07-20 06:00:03"
IOP,0.00030304,"2017-07-20 06:05:01"
IOP,0.00030304,"2017-07-20 06:10:02"
IOP,0.00030304,"2017-07-20 06:15:01"
IOP,0.00030304,"2017-07-20 06:20:06"
IOP,0.00030304,"2017-07-20 06:25:02"
IOP,0.00030304,"2017-07-20 06:30:02"
IOP,0.00030304,"2017-07-20 06:35:02"
IOP,0.00030304,"2017-07-20 06:40:02"
IOP,0.00030304,"2017-07-20 06:45:02"
IOP,0.00030304,"2017-07-20 06:50:01"
IOP,0.00030304,"2017-07-20 06:55:01"
IOP,0.00030304,"2017-07-20 07:00:01"
IOP,0.00030304,"2017-07-20 07:05:01"
IOP,0.00030304,"2017-07-20 07:10:01"
IOP,0.00030026,"2017-07-20 07:15:02"
IOP,0.00030026,"2017-07-20 07:20:01"
IOP,0.00030026,"2017-07-20 07:25:02"
IOP,0.00030026,"2017-07-20 07:30:01"
IOP,0.00030026,"2017-07-20 07:35:05"
IOP,0.00030026,"2017-07-20 07:40:01"
IOP,0.00030026,"2017-07-20 07:45:01"
IOP,0.00030026,"2017-07-20 07:50:01"
IOP,0.00030026,"2017-07-20 07:55:02"
IOP,0.00030026,"2017-07-20 08:00:01"
IOP,0.00030026,"2017-07-20 08:05:01"
IOP,0.00030026,"2017-07-20 08:10:02"
IOP,0.00030026,"2017-07-20 08:15:02"
IOP,0.00030026,"2017-07-20 08:20:01"
IOP,0.00030026,"2017-07-20 08:25:02"
IOP,0.00030026,"2017-07-20 08:30:02"
IOP,0.00030026,"2017-07-20 08:35:02"
IOP,0.00030026,"2017-07-20 08:40:02"
IOP,0.00030026,"2017-07-20 08:45:02"
IOP,0.00030026,"2017-07-20 08:50:01"
IOP,0.00030026,"2017-07-20 08:55:02"
IOP,0.00030026,"2017-07-20 09:00:02"
IOP,0.00030026,"2017-07-20 09:05:01"
IOP,0.00030026,"2017-07-20 09:10:01"
IOP,0.00030026,"2017-07-20 09:15:01"
IOP,0.00030026,"2017-07-20 09:20:01"
IOP,0.00030026,"2017-07-20 09:25:03"
IOP,0.00030304,"2017-07-20 09:30:02"
IOP,0.00030027,"2017-07-20 09:35:01"
IOP,0.00030027,"2017-07-20 09:40:01"
IOP,0.00030027,"2017-07-20 09:45:02"
IOP,0.00030027,"2017-07-20 09:50:01"
IOP,0.00030027,"2017-07-20 09:55:02"
IOP,0.00030027,"2017-07-20 10:00:02"
IOP,0.00030027,"2017-07-20 10:05:01"
IOP,0.00030027,"2017-07-20 10:10:02"
IOP,0.00030027,"2017-07-20 10:15:02"
IOP,0.00030027,"2017-07-20 10:20:01"
IOP,0.00030027,"2017-07-20 10:25:02"
IOP,0.00030027,"2017-07-20 10:30:03"
IOP,0.00030027,"2017-07-20 10:35:02"
IOP,0.00030027,"2017-07-20 10:40:01"
IOP,0.00030027,"2017-07-20 10:45:01"
IOP,0.00030027,"2017-07-20 10:50:02"
IOP,0.00030027,"2017-07-20 10:55:01"
IOP,0.00030027,"2017-07-20 11:00:02"
IOP,0.00030027,"2017-07-20 11:05:01"
IOP,0.00030027,"2017-07-20 11:10:02"
IOP,0.00030027,"2017-07-20 11:15:02"
IOP,0.00030027,"2017-07-20 11:20:01"
IOP,0.00030027,"2017-07-20 11:25:01"
IOP,0.00030027,"2017-07-20 11:30:01"
IOP,0.00030027,"2017-07-20 11:35:01"
IOP,0.00030027,"2017-07-20 11:40:01"
IOP,0.00030027,"2017-07-20 11:45:02"
IOP,0.00030027,"2017-07-20 11:50:01"
IOP,0.00030027,"2017-07-20 11:55:02"
IOP,0.00030027,"2017-07-20 12:00:03"
IOP,0.00030027,"2017-07-20 12:05:01"
IOP,0.0003166,"2017-07-20 12:10:02"
IOP,0.0003166,"2017-07-20 12:15:01"
IOP,0.0003166,"2017-07-20 12:20:02"
IOP,0.0003166,"2017-07-20 12:25:02"
IOP,0.0003166,"2017-07-20 12:30:01"
IOP,0.0003166,"2017-07-20 12:35:01"
IOP,0.0003166,"2017-07-20 12:40:02"
IOP,0.0003166,"2017-07-20 12:45:02"
IOP,0.0003166,"2017-07-20 12:50:02"
IOP,0.0003166,"2017-07-20 12:55:02"
IOP,0.0003166,"2017-07-20 13:00:02"
IOP,0.0003166,"2017-07-20 13:05:03"
IOP,0.0003166,"2017-07-20 13:10:02"
IOP,0.0003166,"2017-07-20 13:15:01"
IOP,0.0003166,"2017-07-20 13:20:01"
IOP,0.0003166,"2017-07-20 13:25:01"
IOP,0.0003166,"2017-07-20 13:30:02"
IOP,0.0003166,"2017-07-20 13:35:02"
IOP,0.0003166,"2017-07-20 13:40:01"
IOP,0.00030399,"2017-07-20 13:45:03"
IOP,0.00030399,"2017-07-20 13:50:02"
IOP,0.00030399,"2017-07-20 13:55:01"
IOP,0.00030399,"2017-07-20 14:00:01"
IOP,0.00030399,"2017-07-20 14:05:01"
IOP,0.0003003,"2017-07-20 14:10:03"
IOP,0.0003003,"2017-07-20 14:15:01"
IOP,0.0003003,"2017-07-20 14:20:01"
IOP,0.00030031,"2017-07-20 14:25:01"
IOP,0.00030631,"2017-07-20 14:30:02"
IOP,0.00030631,"2017-07-20 14:35:02"
IOP,0.00030631,"2017-07-20 14:40:01"
IOP,0.00030631,"2017-07-20 14:45:02"
IOP,0.00031,"2017-07-20 14:50:01"
IOP,0.00031,"2017-07-20 14:55:02"
IOP,0.00031001,"2017-07-20 15:00:02"
IOP,0.00031001,"2017-07-20 15:05:01"
IOP,0.00031001,"2017-07-20 15:10:02"
IOP,0.00031001,"2017-07-20 15:15:02"
IOP,0.00031001,"2017-07-20 15:20:01"
IOP,0.00031001,"2017-07-20 15:25:02"
IOP,0.00031001,"2017-07-20 15:30:02"
IOP,0.00031001,"2017-07-20 15:35:02"
IOP,0.00031001,"2017-07-20 15:40:02"
IOP,0.00031001,"2017-07-20 15:45:02"
IOP,0.00031001,"2017-07-20 15:50:01"
IOP,0.00031001,"2017-07-20 15:55:01"
IOP,0.00031001,"2017-07-20 16:00:02"
IOP,0.00031001,"2017-07-20 16:05:02"
IOP,0.00031001,"2017-07-20 16:10:02"
IOP,0.00031001,"2017-07-20 16:15:02"
IOP,0.00031001,"2017-07-20 16:20:01"
IOP,0.00031001,"2017-07-20 16:25:02"
IOP,0.00031001,"2017-07-20 16:30:01"
IOP,0.00031001,"2017-07-20 16:35:02"
IOP,0.00031001,"2017-07-20 16:40:02"
IOP,0.00031001,"2017-07-20 16:45:01"
IOP,0.00031001,"2017-07-20 16:50:02"
IOP,0.00031001,"2017-07-20 16:55:02"
IOP,0.00031001,"2017-07-20 17:00:02"
IOP,0.00031001,"2017-07-20 17:05:02"
IOP,0.00031001,"2017-07-20 17:10:01"
IOP,0.00031001,"2017-07-20 17:15:02"
IOP,0.00031001,"2017-07-20 17:20:01"
IOP,0.00031001,"2017-07-20 17:25:01"
IOP,0.00031001,"2017-07-20 17:30:02"
IOP,0.00031001,"2017-07-20 17:35:02"
IOP,0.00031903,"2017-07-20 17:40:02"
IOP,0.00031018,"2017-07-20 17:45:01"
IOP,0.00031871,"2017-07-20 17:50:11"
IOP,0.0003203,"2017-07-20 17:55:02"
IOP,0.00031008,"2017-07-20 18:00:02"
IOP,0.00031008,"2017-07-20 18:05:02"
IOP,0.00031058,"2017-07-20 18:10:02"
IOP,0.00031058,"2017-07-20 18:15:03"
IOP,0.00031052,"2017-07-20 18:20:04"
IOP,0.00031052,"2017-07-20 18:25:10"
IOP,0.00031052,"2017-07-20 18:30:01"
IOP,0.00031052,"2017-07-20 18:35:02"
IOP,0.00031002,"2017-07-20 18:40:01"
IOP,0.00031002,"2017-07-20 18:45:01"
IOP,0.00031002,"2017-07-20 18:50:02"
IOP,0.00031002,"2017-07-20 18:55:01"
IOP,0.00031001,"2017-07-20 19:00:02"
IOP,0.00031001,"2017-07-20 19:05:01"
IOP,0.00031,"2017-07-20 19:10:02"
IOP,0.00031,"2017-07-20 19:15:02"
IOP,0.00031,"2017-07-20 19:20:01"
IOP,0.00031,"2017-07-20 19:25:02"
IOP,0.00031,"2017-07-20 19:30:02"
IOP,0.00031,"2017-07-20 19:35:02"
IOP,0.00031,"2017-07-20 19:40:01"
IOP,0.00031,"2017-07-20 19:45:02"
IOP,0.00031,"2017-07-20 19:50:01"
IOP,0.00031,"2017-07-20 19:55:02"
IOP,0.00031,"2017-07-20 20:00:01"
IOP,0.00031002,"2017-07-20 20:05:01"
IOP,0.00031,"2017-07-20 20:10:01"
IOP,0.00031,"2017-07-20 20:15:04"
IOP,0.00031,"2017-07-20 20:20:02"
IOP,0.00031,"2017-07-20 20:25:01"
IOP,0.00031,"2017-07-20 20:30:02"
IOP,0.00030035,"2017-07-20 20:35:01"
IOP,0.00030035,"2017-07-20 20:40:02"
IOP,0.00030043,"2017-07-20 20:45:01"
IOP,0.00030043,"2017-07-20 20:50:06"
IOP,0.00030043,"2017-07-20 20:55:01"
IOP,0.00030043,"2017-07-20 21:00:02"
IOP,0.00030043,"2017-07-20 21:05:02"
IOP,0.00030043,"2017-07-20 21:10:01"
IOP,0.00030043,"2017-07-20 21:15:02"
IOP,0.00030043,"2017-07-20 21:20:02"
IOP,0.00030037,"2017-07-20 21:25:02"
IOP,0.00030037,"2017-07-20 21:30:04"
IOP,0.00030037,"2017-07-20 21:35:01"
IOP,0.00030037,"2017-07-20 21:40:02"
IOP,0.00030037,"2017-07-20 21:45:02"
IOP,0.00030037,"2017-07-20 21:50:01"
IOP,0.00030037,"2017-07-20 21:55:01"
IOP,0.00030033,"2017-07-20 22:00:01"
IOP,0.00030033,"2017-07-20 22:05:02"
IOP,0.00030033,"2017-07-20 22:10:01"
IOP,0.00030033,"2017-07-20 22:15:01"
IOP,0.00031002,"2017-07-20 22:20:02"
IOP,0.00031002,"2017-07-20 22:25:01"
IOP,0.00031002,"2017-07-20 22:30:01"
IOP,0.00031002,"2017-07-20 22:35:01"
IOP,0.00031002,"2017-07-20 22:40:02"
IOP,0.00031002,"2017-07-20 22:45:01"
IOP,0.00031002,"2017-07-20 22:50:02"
IOP,0.00031002,"2017-07-20 22:55:01"
IOP,0.00028401,"2017-07-20 23:00:02"
IOP,0.00028401,"2017-07-20 23:05:02"
IOP,0.00028401,"2017-07-20 23:10:01"
IOP,0.00028401,"2017-07-20 23:15:01"
IOP,0.00028401,"2017-07-20 23:20:04"
IOP,0.00028401,"2017-07-20 23:25:02"
IOP,0.00028401,"2017-07-20 23:30:02"
IOP,0.00028401,"2017-07-20 23:35:02"
IOP,0.00028401,"2017-07-20 23:40:02"
IOP,0.00030807,"2017-07-20 23:45:02"
IOP,0.00030807,"2017-07-20 23:50:01"
IOP,0.00030807,"2017-07-20 23:55:01"
IOP,0.00030807,"2017-07-21 00:00:02"
IOP,0.00028906,"2017-07-21 00:05:02"
IOP,0.00028906,"2017-07-21 00:10:01"
IOP,0.00028906,"2017-07-21 00:15:02"
IOP,0.00028906,"2017-07-21 00:20:01"
IOP,0.00028906,"2017-07-21 00:25:01"
IOP,0.00027117,"2017-07-21 00:30:01"
IOP,0.00027131,"2017-07-21 00:35:01"
IOP,0.00027131,"2017-07-21 00:40:01"
IOP,0.00027131,"2017-07-21 00:45:02"
IOP,0.00027141,"2017-07-21 00:50:02"
IOP,0.0002713,"2017-07-21 00:55:01"
IOP,0.0002713,"2017-07-21 01:00:02"
IOP,0.0002713,"2017-07-21 01:05:01"
IOP,0.0002713,"2017-07-21 01:10:01"
IOP,0.0002713,"2017-07-21 01:15:01"
IOP,0.00029751,"2017-07-21 01:20:01"
IOP,0.00029751,"2017-07-21 01:25:01"
IOP,0.00029751,"2017-07-21 01:30:01"
IOP,0.00029751,"2017-07-21 01:35:02"
IOP,0.00029751,"2017-07-21 01:40:02"
IOP,0.00029751,"2017-07-21 01:45:02"
IOP,0.00029751,"2017-07-21 01:50:02"
IOP,0.00029751,"2017-07-21 01:55:02"
IOP,0.00029751,"2017-07-21 02:00:02"
IOP,0.00029751,"2017-07-21 02:05:01"
IOP,0.00029751,"2017-07-21 02:10:01"
IOP,0.00029073,"2017-07-21 02:15:01"
IOP,0.00029073,"2017-07-21 02:20:01"
IOP,0.00029073,"2017-07-21 02:25:01"
IOP,0.00029073,"2017-07-21 02:30:01"
IOP,0.00029073,"2017-07-21 02:35:01"
IOP,0.00029073,"2017-07-21 02:40:02"
IOP,0.00029073,"2017-07-21 02:45:02"
IOP,0.00029073,"2017-07-21 02:50:02"
IOP,0.00029073,"2017-07-21 02:55:01"
IOP,0.00029073,"2017-07-21 03:00:02"
IOP,0.00029073,"2017-07-21 03:05:02"
IOP,0.00029073,"2017-07-21 03:10:01"
IOP,0.00029073,"2017-07-21 03:15:02"
IOP,0.00029073,"2017-07-21 03:20:01"
IOP,0.00029073,"2017-07-21 03:25:01"
IOP,0.00029073,"2017-07-21 03:30:02"
IOP,0.00029073,"2017-07-21 03:35:01"
IOP,0.00029073,"2017-07-21 03:40:01"
IOP,0.00029073,"2017-07-21 03:45:01"
IOP,0.00029073,"2017-07-21 03:50:01"
IOP,0.00029073,"2017-07-21 03:55:01"
IOP,0.00029073,"2017-07-21 04:00:02"
IOP,0.00029073,"2017-07-21 04:05:01"
IOP,0.00029073,"2017-07-21 04:10:01"
IOP,0.00029073,"2017-07-21 04:15:01"
IOP,0.00027131,"2017-07-21 04:20:05"
IOP,0.00029054,"2017-07-21 04:25:02"
IOP,0.00029054,"2017-07-21 04:30:01"
IOP,0.00029054,"2017-07-21 04:35:02"
IOP,0.00029054,"2017-07-21 04:40:01"
IOP,0.00029054,"2017-07-21 04:45:02"
IOP,0.00029054,"2017-07-21 04:50:02"
IOP,0.00029054,"2017-07-21 04:55:02"
IOP,0.00029054,"2017-07-21 05:00:02"
IOP,0.00029054,"2017-07-21 05:05:02"
IOP,0.00029054,"2017-07-21 05:10:01"
IOP,0.00029054,"2017-07-21 05:15:02"
IOP,0.00029054,"2017-07-21 05:20:02"
IOP,0.00029054,"2017-07-21 05:25:01"
IOP,0.00029054,"2017-07-21 05:30:02"
IOP,0.00029054,"2017-07-21 05:35:03"
IOP,0.00029054,"2017-07-21 05:40:01"
IOP,0.00029054,"2017-07-21 05:45:02"
IOP,0.00029054,"2017-07-21 05:50:02"
IOP,0.00029054,"2017-07-21 05:55:01"
IOP,0.00029054,"2017-07-21 06:00:02"
IOP,0.00029054,"2017-07-21 06:05:01"
IOP,0.00029054,"2017-07-21 06:10:02"
IOP,0.00029054,"2017-07-21 06:15:01"
IOP,0.00029054,"2017-07-21 06:20:02"
IOP,0.00029054,"2017-07-21 06:25:02"
IOP,0.00029054,"2017-07-21 06:30:02"
IOP,0.00029054,"2017-07-21 06:35:01"
IOP,0.00029054,"2017-07-21 06:40:02"
IOP,0.00029054,"2017-07-21 06:45:02"
IOP,0.00029054,"2017-07-21 06:50:06"
IOP,0.00029054,"2017-07-21 06:55:01"
IOP,0.00029054,"2017-07-21 07:00:02"
IOP,0.00029054,"2017-07-21 07:05:01"
IOP,0.00028,"2017-07-21 07:10:01"
IOP,0.00028,"2017-07-21 07:15:01"
IOP,0.00028,"2017-07-21 07:20:02"
IOP,0.00028,"2017-07-21 07:25:03"
IOP,0.00028,"2017-07-21 07:30:02"
IOP,0.00028,"2017-07-21 07:35:02"
IOP,0.00028,"2017-07-21 07:40:01"
IOP,0.0002716,"2017-07-21 07:45:02"
IOP,0.0002716,"2017-07-21 07:50:03"
IOP,0.00027365,"2017-07-21 07:55:02"
IOP,0.00027365,"2017-07-21 08:00:02"
IOP,0.00027365,"2017-07-21 08:05:03"
IOP,0.0002713,"2017-07-21 08:10:02"
IOP,0.0002713,"2017-07-21 08:15:01"
IOP,0.00027136,"2017-07-21 08:20:01"
IOP,0.00027136,"2017-07-21 08:25:02"
IOP,0.00027113,"2017-07-21 08:30:03"
IOP,0.00027113,"2017-07-21 08:35:01"
IOP,0.00027113,"2017-07-21 08:40:01"
IOP,0.00027113,"2017-07-21 08:45:01"
IOP,0.00027113,"2017-07-21 08:50:02"
IOP,0.00027113,"2017-07-21 08:55:02"
IOP,0.00027113,"2017-07-21 09:00:04"
IOP,0.00027114,"2017-07-21 09:05:01"
IOP,0.00027114,"2017-07-21 09:10:02"
IOP,0.00027114,"2017-07-21 09:15:01"
IOP,0.00027114,"2017-07-21 09:20:02"
IOP,0.00027557,"2017-07-21 09:25:01"
IOP,0.00027563,"2017-07-21 09:30:02"
IOP,0.00027124,"2017-07-21 09:35:01"
IOP,0.00027124,"2017-07-21 09:40:02"
IOP,0.00027124,"2017-07-21 09:45:04"
IOP,0.00027124,"2017-07-21 09:50:02"
IOP,0.00027124,"2017-07-21 09:55:01"
IOP,0.00027124,"2017-07-21 10:00:02"
IOP,0.00027124,"2017-07-21 10:05:01"
IOP,0.00027124,"2017-07-21 10:10:04"
IOP,0.00027124,"2017-07-21 10:15:01"
IOP,0.00027124,"2017-07-21 10:20:02"
IOP,0.00027124,"2017-07-21 10:25:01"
IOP,0.00027124,"2017-07-21 10:30:02"
IOP,0.00027124,"2017-07-21 10:35:01"
IOP,0.00027124,"2017-07-21 10:40:01"
IOP,0.00027124,"2017-07-21 10:45:02"
IOP,0.00027124,"2017-07-21 10:50:01"
IOP,0.00027124,"2017-07-21 10:55:02"
IOP,0.00027124,"2017-07-21 11:00:02"
IOP,0.00028584,"2017-07-21 11:05:02"
IOP,0.00028584,"2017-07-21 11:10:01"
IOP,0.00028584,"2017-07-21 11:15:01"
IOP,0.000283,"2017-07-21 11:20:02"
IOP,0.000283,"2017-07-21 11:25:02"
IOP,0.00028088,"2017-07-21 11:30:01"
IOP,0.00028088,"2017-07-21 11:35:02"
IOP,0.00028088,"2017-07-21 11:40:01"
IOP,0.00028088,"2017-07-21 11:45:01"
IOP,0.00028088,"2017-07-21 11:50:08"
IOP,0.00028088,"2017-07-21 11:55:01"
IOP,0.00027503,"2017-07-21 12:00:07"
IOP,0.00027503,"2017-07-21 12:05:01"
IOP,0.00027503,"2017-07-21 12:10:02"
IOP,0.00027503,"2017-07-21 12:15:01"
IOP,0.0002523,"2017-07-21 12:20:02"
IOP,0.0002523,"2017-07-21 12:25:02"
IOP,0.0002523,"2017-07-21 12:30:02"
IOP,0.0002523,"2017-07-21 12:35:02"
IOP,0.0002523,"2017-07-21 12:40:02"
IOP,0.0002523,"2017-07-21 12:45:01"
IOP,0.0002523,"2017-07-21 12:50:01"
IOP,0.00027999,"2017-07-21 12:55:01"
IOP,0.00027999,"2017-07-21 13:00:01"
IOP,0.00028654,"2017-07-21 13:05:01"
IOP,0.00028654,"2017-07-21 13:10:01"
IOP,0.00028654,"2017-07-21 13:15:03"
IOP,0.00028652,"2017-07-21 13:20:02"
IOP,0.00028025,"2017-07-21 13:25:01"
IOP,0.00026211,"2017-07-21 13:30:01"
IOP,0.00026211,"2017-07-21 13:35:02"
IOP,0.00026211,"2017-07-21 13:40:01"
IOP,0.00026365,"2017-07-21 13:45:02"
IOP,0.00026365,"2017-07-21 13:50:01"
IOP,0.00026365,"2017-07-21 13:55:01"
IOP,0.00026365,"2017-07-21 14:00:02"
IOP,0.00026365,"2017-07-21 14:05:01"
IOP,0.00026365,"2017-07-21 14:10:02"
IOP,0.00026365,"2017-07-21 14:15:02"
IOP,0.00026365,"2017-07-21 14:20:01"
IOP,0.00026365,"2017-07-21 14:25:02"
IOP,0.00026365,"2017-07-21 14:30:02"
IOP,0.00026365,"2017-07-21 14:35:02"
IOP,0.00026425,"2017-07-21 14:40:01"
IOP,0.00026425,"2017-07-21 14:45:01"
IOP,0.00026425,"2017-07-21 14:50:01"
IOP,0.00026425,"2017-07-21 14:55:01"
IOP,0.00026426,"2017-07-21 15:00:02"
IOP,0.00026426,"2017-07-21 15:05:01"
IOP,0.00026426,"2017-07-21 15:10:02"
IOP,0.00026426,"2017-07-21 15:15:02"
IOP,0.00026426,"2017-07-21 15:20:02"
IOP,0.000264,"2017-07-21 15:25:01"
IOP,0.000264,"2017-07-21 15:30:01"
IOP,0.00026859,"2017-07-21 15:35:01"
IOP,0.00026859,"2017-07-21 15:40:02"
IOP,0.000264,"2017-07-21 15:45:02"
IOP,0.000264,"2017-07-21 15:50:02"
IOP,0.00026401,"2017-07-21 15:55:02"
IOP,0.00026401,"2017-07-21 16:00:03"
IOP,0.00026811,"2017-07-21 16:05:02"
IOP,0.00026811,"2017-07-21 16:10:01"
IOP,0.00026811,"2017-07-21 16:15:01"
IOP,0.00026811,"2017-07-21 16:20:01"
IOP,0.00026811,"2017-07-21 16:25:01"
IOP,0.00026757,"2017-07-21 16:30:02"
IOP,0.00026757,"2017-07-21 16:35:02"
IOP,0.00026403,"2017-07-21 16:40:01"
IOP,0.00026757,"2017-07-21 16:45:01"
IOP,0.00026757,"2017-07-21 16:50:01"
IOP,0.00026757,"2017-07-21 16:55:02"
IOP,0.00026757,"2017-07-21 17:00:01"
IOP,0.00026757,"2017-07-21 17:05:02"
IOP,0.00026404,"2017-07-21 17:10:02"
IOP,0.00026404,"2017-07-21 17:15:02"
IOP,0.00026404,"2017-07-21 17:20:01"
IOP,0.00026404,"2017-07-21 17:25:01"
IOP,0.00026404,"2017-07-21 17:30:02"
IOP,0.00026404,"2017-07-21 17:35:01"
IOP,0.0002735,"2017-07-21 17:40:01"
IOP,0.0002735,"2017-07-21 17:45:01"
IOP,0.0002735,"2017-07-21 17:50:02"
IOP,0.0002789,"2017-07-21 17:55:01"
IOP,0.00028986,"2017-07-21 18:00:02"
IOP,0.00028986,"2017-07-21 18:05:02"
IOP,0.00028986,"2017-07-21 18:10:01"
IOP,0.00028932,"2017-07-21 18:15:01"
IOP,0.00028932,"2017-07-21 18:20:02"
IOP,0.00027139,"2017-07-21 18:25:02"
IOP,0.00027139,"2017-07-21 18:30:02"
IOP,0.00027139,"2017-07-21 18:35:01"
IOP,0.00028891,"2017-07-21 18:40:01"
IOP,0.00028891,"2017-07-21 18:45:01"
IOP,0.00028941,"2017-07-21 18:50:01"
IOP,0.00028941,"2017-07-21 18:55:01"
IOP,0.00028941,"2017-07-21 19:00:01"
IOP,0.00028941,"2017-07-21 19:05:02"
IOP,0.00028941,"2017-07-21 19:10:02"
IOP,0.00028941,"2017-07-21 19:15:02"
IOP,0.00028941,"2017-07-21 19:20:02"
IOP,0.00028941,"2017-07-21 19:25:02"
IOP,0.00028941,"2017-07-21 19:30:02"
IOP,0.0002827,"2017-07-21 19:35:01"
IOP,0.0002827,"2017-07-21 19:40:01"
IOP,0.0002827,"2017-07-21 19:45:03"
IOP,0.0002827,"2017-07-21 19:50:01"
IOP,0.0002827,"2017-07-21 19:55:01"
IOP,0.0002827,"2017-07-21 20:00:02"
IOP,0.0002827,"2017-07-21 20:05:01"
IOP,0.0002827,"2017-07-21 20:10:02"
IOP,0.0002827,"2017-07-21 20:15:05"
IOP,0.0002827,"2017-07-21 20:20:01"
IOP,0.0002827,"2017-07-21 20:25:01"
IOP,0.00027507,"2017-07-21 20:30:02"
IOP,0.00027507,"2017-07-21 20:35:01"
IOP,0.00027507,"2017-07-21 20:40:02"
IOP,0.00027507,"2017-07-21 20:45:02"
IOP,0.00027507,"2017-07-21 20:50:02"
IOP,0.00027507,"2017-07-21 20:55:01"
IOP,0.00027507,"2017-07-21 21:00:02"
IOP,0.00027507,"2017-07-21 21:05:01"
IOP,0.00027507,"2017-07-21 21:10:01"
IOP,0.00027507,"2017-07-21 21:15:05"
IOP,0.00027507,"2017-07-21 21:20:01"
IOP,0.00027507,"2017-07-21 21:25:01"
IOP,0.00027507,"2017-07-21 21:30:01"
IOP,0.00027507,"2017-07-21 21:35:01"
IOP,0.00027507,"2017-07-21 21:40:01"
IOP,0.00027507,"2017-07-21 21:45:02"
IOP,0.00027507,"2017-07-21 21:50:01"
IOP,0.00027507,"2017-07-21 21:55:01"
IOP,0.00027507,"2017-07-21 22:00:02"
IOP,0.00028252,"2017-07-21 22:05:02"
IOP,0.00028252,"2017-07-21 22:10:01"
IOP,0.00028252,"2017-07-21 22:15:02"
IOP,0.00028252,"2017-07-21 22:20:01"
IOP,0.00028252,"2017-07-21 22:25:02"
IOP,0.00028252,"2017-07-21 22:30:02"
IOP,0.00028252,"2017-07-21 22:35:01"
IOP,0.00028252,"2017-07-21 22:40:02"
IOP,0.00028252,"2017-07-21 22:45:02"
IOP,0.00028252,"2017-07-21 22:50:01"
IOP,0.00028252,"2017-07-21 22:55:01"
IOP,0.00028252,"2017-07-21 23:00:02"
IOP,0.00028252,"2017-07-21 23:05:01"
IOP,0.00028252,"2017-07-21 23:10:01"
IOP,0.00028252,"2017-07-21 23:15:01"
IOP,0.00028252,"2017-07-21 23:20:01"
IOP,0.00028252,"2017-07-21 23:25:06"
IOP,0.00028252,"2017-07-21 23:30:02"
IOP,0.00028252,"2017-07-21 23:35:02"
IOP,0.00028252,"2017-07-21 23:40:01"
IOP,0.00028252,"2017-07-21 23:45:01"
IOP,0.00028252,"2017-07-21 23:50:06"
IOP,0.00028252,"2017-07-21 23:55:01"
IOP,0.00028252,"2017-07-22 00:00:02"
IOP,0.00028252,"2017-07-22 00:05:01"
IOP,0.00028252,"2017-07-22 00:10:01"
IOP,0.00028252,"2017-07-22 00:15:01"
IOP,0.00028252,"2017-07-22 00:20:02"
IOP,0.00028252,"2017-07-22 00:25:02"
IOP,0.00028252,"2017-07-22 00:30:02"
IOP,0.00028252,"2017-07-22 00:35:02"
IOP,0.00028252,"2017-07-22 00:40:02"
IOP,0.00028252,"2017-07-22 00:45:01"
IOP,0.00028252,"2017-07-22 00:50:01"
IOP,0.00028252,"2017-07-22 00:55:01"
IOP,0.00028252,"2017-07-22 01:00:01"
IOP,0.00028252,"2017-07-22 01:05:01"
IOP,0.00028252,"2017-07-22 01:10:01"
IOP,0.00027506,"2017-07-22 01:15:01"
IOP,0.00027506,"2017-07-22 01:20:01"
IOP,0.00027506,"2017-07-22 01:25:01"
IOP,0.00027506,"2017-07-22 01:30:05"
IOP,0.0002811,"2017-07-22 01:35:01"
IOP,0.0002811,"2017-07-22 01:40:01"
IOP,0.0002811,"2017-07-22 01:45:01"
IOP,0.0002811,"2017-07-22 01:50:01"
IOP,0.0002811,"2017-07-22 01:55:01"
IOP,0.0002811,"2017-07-22 02:00:01"
IOP,0.0002811,"2017-07-22 02:05:01"
IOP,0.0002811,"2017-07-22 02:10:02"
IOP,0.0002811,"2017-07-22 02:15:01"
IOP,0.0002811,"2017-07-22 02:20:01"
IOP,0.0002811,"2017-07-22 02:25:01"
IOP,0.0002811,"2017-07-22 02:30:01"
IOP,0.0002811,"2017-07-22 02:35:01"
IOP,0.0002811,"2017-07-22 02:40:02"
IOP,0.0002811,"2017-07-22 02:45:02"
IOP,0.0002811,"2017-07-22 02:50:01"
IOP,0.0002811,"2017-07-22 02:55:01"
IOP,0.0002811,"2017-07-22 03:00:02"
IOP,0.0002811,"2017-07-22 03:05:01"
IOP,0.0002811,"2017-07-22 03:10:01"
IOP,0.0002811,"2017-07-22 03:15:02"
IOP,0.0002811,"2017-07-22 03:20:02"
IOP,0.0002811,"2017-07-22 03:25:02"
IOP,0.0002811,"2017-07-22 03:30:02"
IOP,0.0002811,"2017-07-22 03:35:01"
IOP,0.0002811,"2017-07-22 03:40:05"
IOP,0.0002811,"2017-07-22 03:45:01"
IOP,0.0002811,"2017-07-22 03:50:01"
IOP,0.00026813,"2017-07-22 03:55:02"
IOP,0.00026813,"2017-07-22 04:00:02"
IOP,0.00028404,"2017-07-22 04:05:01"
IOP,0.00028404,"2017-07-22 04:10:03"
IOP,0.00028404,"2017-07-22 04:15:03"
IOP,0.00028404,"2017-07-22 04:20:02"
IOP,0.00028404,"2017-07-22 04:25:02"
IOP,0.00028404,"2017-07-22 04:30:01"
IOP,0.00028404,"2017-07-22 04:35:01"
IOP,0.00027134,"2017-07-22 04:40:02"
IOP,0.00026813,"2017-07-22 04:45:02"
IOP,0.00026813,"2017-07-22 04:50:06"
IOP,0.00026813,"2017-07-22 04:55:02"
IOP,0.00026425,"2017-07-22 05:00:01"
IOP,0.00026425,"2017-07-22 05:05:01"
IOP,0.00026425,"2017-07-22 05:10:02"
IOP,0.00026425,"2017-07-22 05:15:02"
IOP,0.00026425,"2017-07-22 05:20:01"
IOP,0.00026425,"2017-07-22 05:25:02"
IOP,0.00026425,"2017-07-22 05:30:02"
IOP,0.00026425,"2017-07-22 05:35:01"
IOP,0.00026425,"2017-07-22 05:40:01"
IOP,0.00026425,"2017-07-22 05:45:02"
IOP,0.00026425,"2017-07-22 05:50:02"
IOP,0.0002712,"2017-07-22 05:55:01"
IOP,0.00027136,"2017-07-22 06:00:01"
IOP,0.0002712,"2017-07-22 06:05:02"
IOP,0.0002712,"2017-07-22 06:10:01"
IOP,0.0002712,"2017-07-22 06:15:01"
IOP,0.0002712,"2017-07-22 06:20:01"
IOP,0.0002712,"2017-07-22 06:25:02"
IOP,0.0002712,"2017-07-22 06:30:02"
IOP,0.0002712,"2017-07-22 06:35:02"
IOP,0.0002712,"2017-07-22 06:40:02"
IOP,0.0002712,"2017-07-22 06:45:01"
IOP,0.0002712,"2017-07-22 06:50:02"
IOP,0.0002712,"2017-07-22 06:55:01"
IOP,0.0002712,"2017-07-22 07:00:02"
IOP,0.0002712,"2017-07-22 07:05:02"
IOP,0.0002712,"2017-07-22 07:10:01"
IOP,0.0002712,"2017-07-22 07:15:01"
IOP,0.0002712,"2017-07-22 07:20:01"
IOP,0.0002712,"2017-07-22 07:25:01"
IOP,0.0002712,"2017-07-22 07:30:04"
IOP,0.0002712,"2017-07-22 07:35:01"
IOP,0.0002712,"2017-07-22 07:40:01"
IOP,0.0002712,"2017-07-22 07:45:01"
IOP,0.0002712,"2017-07-22 07:50:01"
IOP,0.0002712,"2017-07-22 07:55:05"
IOP,0.0002712,"2017-07-22 08:00:02"
IOP,0.0002712,"2017-07-22 08:05:01"
IOP,0.0002712,"2017-07-22 08:10:02"
IOP,0.0002712,"2017-07-22 08:15:02"
IOP,0.0002712,"2017-07-22 08:20:02"
IOP,0.0002712,"2017-07-22 08:25:02"
IOP,0.0002712,"2017-07-22 08:30:02"
IOP,0.0002712,"2017-07-22 08:35:01"
IOP,0.0002712,"2017-07-22 08:40:02"
IOP,0.0002712,"2017-07-22 08:45:02"
IOP,0.0002712,"2017-07-22 08:50:02"
IOP,0.0002712,"2017-07-22 08:55:02"
IOP,0.0002712,"2017-07-22 09:00:02"
IOP,0.0002712,"2017-07-22 09:05:01"
IOP,0.0002712,"2017-07-22 09:10:04"
IOP,0.0002712,"2017-07-22 09:15:03"
IOP,0.0002712,"2017-07-22 09:20:03"
IOP,0.0002712,"2017-07-22 09:25:01"
IOP,0.00026505,"2017-07-22 09:30:02"
IOP,0.00026505,"2017-07-22 09:35:01"
IOP,0.00026505,"2017-07-22 09:40:02"
IOP,0.00026505,"2017-07-22 09:45:01"
IOP,0.00026505,"2017-07-22 09:50:01"
IOP,0.00026505,"2017-07-22 09:55:01"
IOP,0.00026505,"2017-07-22 10:00:02"
IOP,0.00026505,"2017-07-22 10:05:01"
IOP,0.00026505,"2017-07-22 10:10:01"
IOP,0.00026505,"2017-07-22 10:15:01"
IOP,0.00028996,"2017-07-22 10:20:01"
IOP,0.00028996,"2017-07-22 10:25:01"
IOP,0.00028996,"2017-07-22 10:30:04"
IOP,0.00028996,"2017-07-22 10:35:01"
IOP,0.00028996,"2017-07-22 10:40:03"
IOP,0.00028996,"2017-07-22 10:45:02"
IOP,0.00028996,"2017-07-22 10:50:01"
IOP,0.00028996,"2017-07-22 10:55:01"
IOP,0.00028996,"2017-07-22 11:00:01"
IOP,0.00028996,"2017-07-22 11:05:01"
IOP,0.00028996,"2017-07-22 11:10:01"
IOP,0.00028996,"2017-07-22 11:15:04"
IOP,0.00028,"2017-07-22 11:20:02"
IOP,0.00028,"2017-07-22 11:25:01"
IOP,0.00028,"2017-07-22 11:30:03"
IOP,0.00028,"2017-07-22 11:35:02"
IOP,0.00028,"2017-07-22 11:40:01"
IOP,0.00026503,"2017-07-22 11:45:01"
IOP,0.00026503,"2017-07-22 11:50:01"
IOP,0.00026503,"2017-07-22 11:55:01"
IOP,0.00026503,"2017-07-22 12:00:01"
IOP,0.00026503,"2017-07-22 12:05:02"
IOP,0.00026503,"2017-07-22 12:10:02"
IOP,0.00026503,"2017-07-22 12:15:02"
IOP,0.00026503,"2017-07-22 12:20:02"
IOP,0.00026503,"2017-07-22 12:25:01"
IOP,0.00026503,"2017-07-22 12:30:02"
IOP,0.00026503,"2017-07-22 12:35:01"
IOP,0.00026503,"2017-07-22 12:40:02"
IOP,0.00026503,"2017-07-22 12:45:02"
IOP,0.00026503,"2017-07-22 12:50:01"
IOP,0.00026709,"2017-07-22 12:55:02"
IOP,0.00026709,"2017-07-22 13:00:02"
IOP,0.00026709,"2017-07-22 13:05:02"
IOP,0.0002671,"2017-07-22 13:10:02"
IOP,0.0002671,"2017-07-22 13:15:01"
IOP,0.0002671,"2017-07-22 13:20:02"
IOP,0.0002671,"2017-07-22 13:25:02"
IOP,0.0002671,"2017-07-22 13:30:01"
IOP,0.0002671,"2017-07-22 13:35:02"
IOP,0.0002671,"2017-07-22 13:40:01"
IOP,0.0002671,"2017-07-22 13:45:02"
IOP,0.0002671,"2017-07-22 13:50:01"
IOP,0.0002671,"2017-07-22 13:55:01"
IOP,0.0002671,"2017-07-22 14:00:02"
IOP,0.0002671,"2017-07-22 14:05:01"
IOP,0.00027865,"2017-07-22 14:10:02"
IOP,0.00027897,"2017-07-22 14:15:02"
IOP,0.00027897,"2017-07-22 14:20:01"
IOP,0.00027897,"2017-07-22 14:25:04"
IOP,0.00027897,"2017-07-22 14:30:02"
IOP,0.00027899,"2017-07-22 14:35:02"
IOP,0.00027899,"2017-07-22 14:40:02"
IOP,0.00027899,"2017-07-22 14:45:02"
IOP,0.00027899,"2017-07-22 14:50:01"
IOP,0.00027899,"2017-07-22 14:55:01"
IOP,0.00027899,"2017-07-22 15:00:02"
IOP,0.00027899,"2017-07-22 15:05:02"
IOP,0.00027899,"2017-07-22 15:10:02"
IOP,0.00027899,"2017-07-22 15:15:01"
IOP,0.00027899,"2017-07-22 15:20:01"
IOP,0.00027899,"2017-07-22 15:25:01"
IOP,0.00027899,"2017-07-22 15:30:03"
IOP,0.00027899,"2017-07-22 15:35:02"
IOP,0.00027899,"2017-07-22 15:40:01"
IOP,0.0002789,"2017-07-22 15:45:01"
IOP,0.0002789,"2017-07-22 15:50:01"
IOP,0.0002789,"2017-07-22 15:55:01"
IOP,0.0002789,"2017-07-22 16:00:02"
IOP,0.0002789,"2017-07-22 16:05:01"
IOP,0.0002789,"2017-07-22 16:10:01"
IOP,0.0002789,"2017-07-22 16:15:02"
IOP,0.0002789,"2017-07-22 16:20:02"
IOP,0.0002789,"2017-07-22 16:25:01"
IOP,0.0002789,"2017-07-22 16:30:01"
IOP,0.0002789,"2017-07-22 16:35:02"
IOP,0.0002789,"2017-07-22 16:40:02"
IOP,0.0002789,"2017-07-22 16:45:01"
IOP,0.0002789,"2017-07-22 16:50:01"
IOP,0.00026679,"2017-07-22 16:55:01"
IOP,0.00026679,"2017-07-22 17:00:02"
IOP,0.00026679,"2017-07-22 17:05:02"
IOP,0.00026679,"2017-07-22 17:10:02"
IOP,0.00026526,"2017-07-22 17:15:05"
IOP,0.00026526,"2017-07-22 17:20:01"
IOP,0.00026526,"2017-07-22 17:25:01"
IOP,0.00026526,"2017-07-22 17:30:02"
IOP,0.00026526,"2017-07-22 17:35:02"
IOP,0.00026526,"2017-07-22 17:40:01"
IOP,0.00026538,"2017-07-22 17:45:01"
IOP,0.00026521,"2017-07-22 17:50:03"
IOP,0.00026521,"2017-07-22 17:55:01"
IOP,0.00026999,"2017-07-22 18:00:03"
IOP,0.00026999,"2017-07-22 18:05:01"
IOP,0.00026999,"2017-07-22 18:10:02"
IOP,0.00026999,"2017-07-22 18:15:01"
IOP,0.00026999,"2017-07-22 18:20:01"
IOP,0.00026999,"2017-07-22 18:25:02"
IOP,0.00026999,"2017-07-22 18:30:02"
IOP,0.00027694,"2017-07-22 18:35:02"
IOP,0.00027694,"2017-07-22 18:40:02"
IOP,0.00027694,"2017-07-22 18:45:02"
IOP,0.00027694,"2017-07-22 18:50:01"
IOP,0.00027694,"2017-07-22 18:55:01"
IOP,0.00027694,"2017-07-22 19:00:02"
IOP,0.00027008,"2017-07-22 19:05:02"
IOP,0.00027008,"2017-07-22 19:10:01"
IOP,0.00027007,"2017-07-22 19:15:02"
IOP,0.00027007,"2017-07-22 19:20:02"
IOP,0.00027007,"2017-07-22 19:25:02"
IOP,0.00027007,"2017-07-22 19:30:02"
IOP,0.00027007,"2017-07-22 19:35:01"
IOP,0.00027007,"2017-07-22 19:40:01"
IOP,0.00027007,"2017-07-22 19:45:01"
IOP,0.00027008,"2017-07-22 19:50:02"
IOP,0.00027008,"2017-07-22 19:55:04"
IOP,0.00027008,"2017-07-22 20:00:02"
IOP,0.00027008,"2017-07-22 20:05:01"
IOP,0.00027008,"2017-07-22 20:10:02"
IOP,0.00027008,"2017-07-22 20:15:02"
IOP,0.00027008,"2017-07-22 20:20:01"
IOP,0.00027008,"2017-07-22 20:25:01"
IOP,0.00027009,"2017-07-22 20:30:02"
IOP,0.00027009,"2017-07-22 20:35:01"
IOP,0.00027009,"2017-07-22 20:40:02"
IOP,0.00027009,"2017-07-22 20:45:01"
IOP,0.00027009,"2017-07-22 20:50:02"
IOP,0.00027009,"2017-07-22 20:55:02"
IOP,0.00027009,"2017-07-22 21:00:02"
IOP,0.00027009,"2017-07-22 21:05:02"
IOP,0.00027009,"2017-07-22 21:10:01"
IOP,0.00027009,"2017-07-22 21:15:06"
IOP,0.00027009,"2017-07-22 21:20:02"
IOP,0.00027009,"2017-07-22 21:25:01"
IOP,0.00027009,"2017-07-22 21:30:01"
IOP,0.00027009,"2017-07-22 21:35:01"
IOP,0.00027009,"2017-07-22 21:40:01"
IOP,0.00027009,"2017-07-22 21:45:01"
IOP,0.00027009,"2017-07-22 21:50:01"
IOP,0.00027009,"2017-07-22 21:55:02"
IOP,0.00027009,"2017-07-22 22:00:02"
IOP,0.00027009,"2017-07-22 22:05:02"
IOP,0.00027009,"2017-07-22 22:10:02"
IOP,0.00027009,"2017-07-22 22:15:02"
IOP,0.00027009,"2017-07-22 22:20:01"
IOP,0.00027009,"2017-07-22 22:25:01"
IOP,0.00027009,"2017-07-22 22:30:01"
IOP,0.00027009,"2017-07-22 22:35:02"
IOP,0.00027482,"2017-07-22 22:40:02"
IOP,0.00027482,"2017-07-22 22:45:02"
IOP,0.00027482,"2017-07-22 22:50:02"
IOP,0.00027482,"2017-07-22 22:55:02"
IOP,0.00027482,"2017-07-22 23:00:02"
IOP,0.00027482,"2017-07-22 23:05:05"
IOP,0.00027482,"2017-07-22 23:10:01"
IOP,0.00027482,"2017-07-22 23:15:02"
IOP,0.00027482,"2017-07-22 23:20:02"
IOP,0.00027897,"2017-07-22 23:25:01"
IOP,0.00027897,"2017-07-22 23:30:02"
IOP,0.00027897,"2017-07-22 23:35:01"
IOP,0.00027897,"2017-07-22 23:40:02"
IOP,0.00027897,"2017-07-22 23:45:03"
IOP,0.00027897,"2017-07-22 23:50:06"
IOP,0.00027897,"2017-07-22 23:55:02"
IOP,0.00027897,"2017-07-23 00:00:02"
IOP,0.00027897,"2017-07-23 00:05:01"
IOP,0.00027897,"2017-07-23 00:10:01"
IOP,0.00027897,"2017-07-23 00:15:02"
IOP,0.00027897,"2017-07-23 00:20:02"
IOP,0.00027897,"2017-07-23 00:25:01"
IOP,0.00027103,"2017-07-23 00:30:02"
IOP,0.00027103,"2017-07-23 00:35:01"
IOP,0.00027103,"2017-07-23 00:40:01"
IOP,0.00027102,"2017-07-23 00:45:01"
IOP,0.00027102,"2017-07-23 00:50:02"
IOP,0.00027102,"2017-07-23 00:55:01"
IOP,0.00027102,"2017-07-23 01:00:02"
IOP,0.00027102,"2017-07-23 01:05:02"
IOP,0.00027102,"2017-07-23 01:10:02"
IOP,0.00027102,"2017-07-23 01:15:02"
IOP,0.00027102,"2017-07-23 01:20:01"
IOP,0.00027102,"2017-07-23 01:25:01"
IOP,0.00027102,"2017-07-23 01:30:01"
IOP,0.00027102,"2017-07-23 01:35:02"
IOP,0.00027102,"2017-07-23 01:40:02"
IOP,0.00027102,"2017-07-23 01:45:01"
IOP,0.00027102,"2017-07-23 01:50:01"
IOP,0.00027102,"2017-07-23 01:55:01"
IOP,0.00027102,"2017-07-23 02:00:02"
IOP,0.00027102,"2017-07-23 02:05:01"
IOP,0.00027102,"2017-07-23 02:10:02"
IOP,0.00027102,"2017-07-23 02:15:02"
IOP,0.00027102,"2017-07-23 02:20:02"
IOP,0.0002726,"2017-07-23 02:25:01"
IOP,0.0002726,"2017-07-23 02:30:01"
IOP,0.0002726,"2017-07-23 02:35:03"
IOP,0.00028,"2017-07-23 02:40:02"
IOP,0.00028,"2017-07-23 02:45:02"
IOP,0.00028,"2017-07-23 02:50:02"
IOP,0.00028,"2017-07-23 02:55:02"
IOP,0.00028,"2017-07-23 03:00:02"
IOP,0.00028,"2017-07-23 03:05:01"
IOP,0.00027555,"2017-07-23 03:10:08"
IOP,0.00027555,"2017-07-23 03:15:02"
IOP,0.00027555,"2017-07-23 03:20:02"
IOP,0.00027555,"2017-07-23 03:25:02"
IOP,0.00027555,"2017-07-23 03:30:03"
IOP,0.00027555,"2017-07-23 03:35:01"
IOP,0.00027555,"2017-07-23 03:40:01"
IOP,0.00027555,"2017-07-23 03:45:01"
IOP,0.00027555,"2017-07-23 03:50:01"
IOP,0.00027555,"2017-07-23 03:55:01"
IOP,0.00027555,"2017-07-23 04:00:02"
IOP,0.00027555,"2017-07-23 04:05:02"
IOP,0.00027555,"2017-07-23 04:10:02"
IOP,0.00027555,"2017-07-23 04:15:01"
IOP,0.00027555,"2017-07-23 04:20:02"
IOP,0.00027555,"2017-07-23 04:25:01"
IOP,0.00027555,"2017-07-23 04:30:02"
IOP,0.00027555,"2017-07-23 04:35:01"
IOP,0.00027555,"2017-07-23 04:40:01"
IOP,0.00027103,"2017-07-23 04:45:02"
IOP,0.00027103,"2017-07-23 04:50:02"
IOP,0.00027103,"2017-07-23 04:55:01"
IOP,0.00027103,"2017-07-23 05:00:03"
IOP,0.00028,"2017-07-23 05:05:01"
IOP,0.00028598,"2017-07-23 05:10:02"
IOP,0.00028574,"2017-07-23 05:15:02"
IOP,0.00028574,"2017-07-23 05:20:01"
IOP,0.00028574,"2017-07-23 05:25:02"
IOP,0.00028574,"2017-07-23 05:30:03"
IOP,0.00028574,"2017-07-23 05:35:02"
IOP,0.00028574,"2017-07-23 05:40:01"
IOP,0.00028574,"2017-07-23 05:45:01"
IOP,0.00028574,"2017-07-23 05:50:01"
IOP,0.00028574,"2017-07-23 05:55:02"
IOP,0.00028574,"2017-07-23 06:00:01"
IOP,0.00028574,"2017-07-23 06:05:01"
IOP,0.00028574,"2017-07-23 06:10:02"
IOP,0.00028574,"2017-07-23 06:15:02"
IOP,0.00028574,"2017-07-23 06:20:02"
IOP,0.00028574,"2017-07-23 06:25:02"
IOP,0.00028574,"2017-07-23 06:30:02"
IOP,0.00027504,"2017-07-23 06:35:01"
IOP,0.00027504,"2017-07-23 06:40:01"
IOP,0.00027504,"2017-07-23 06:45:01"
IOP,0.00027504,"2017-07-23 06:50:02"
IOP,0.00027504,"2017-07-23 06:55:03"
IOP,0.00027504,"2017-07-23 07:00:01"
IOP,0.00027504,"2017-07-23 07:05:02"
IOP,0.000274,"2017-07-23 07:10:01"
IOP,0.000274,"2017-07-23 07:15:04"
IOP,0.00027104,"2017-07-23 07:20:02"
IOP,0.00027104,"2017-07-23 07:25:02"
IOP,0.00027104,"2017-07-23 07:30:01"
IOP,0.00027104,"2017-07-23 07:35:02"
IOP,0.00027104,"2017-07-23 07:40:01"
IOP,0.00027104,"2017-07-23 07:45:01"
IOP,0.00027104,"2017-07-23 07:50:01"
IOP,0.00027104,"2017-07-23 07:55:01"
IOP,0.00027104,"2017-07-23 08:00:02"
IOP,0.00027104,"2017-07-23 08:05:02"
IOP,0.00027104,"2017-07-23 08:10:02"
IOP,0.00027104,"2017-07-23 08:15:02"
IOP,0.00027104,"2017-07-23 08:20:01"
IOP,0.00027104,"2017-07-23 08:25:02"
IOP,0.00027104,"2017-07-23 08:30:02"
IOP,0.00027104,"2017-07-23 08:35:02"
IOP,0.00027104,"2017-07-23 08:40:01"
IOP,0.00027104,"2017-07-23 08:45:01"
IOP,0.00027104,"2017-07-23 08:50:01"
IOP,0.00027104,"2017-07-23 08:55:02"
IOP,0.00027104,"2017-07-23 09:00:02"
IOP,0.00027104,"2017-07-23 09:05:02"
IOP,0.00027104,"2017-07-23 09:10:01"
IOP,0.00027104,"2017-07-23 09:15:01"
IOP,0.00027104,"2017-07-23 09:20:01"
IOP,0.00027104,"2017-07-23 09:25:01"
IOP,0.00027104,"2017-07-23 09:30:01"
IOP,0.00027104,"2017-07-23 09:35:02"
IOP,0.00027108,"2017-07-23 09:40:02"
IOP,0.00027784,"2017-07-23 09:45:02"
IOP,0.00027784,"2017-07-23 09:50:03"
IOP,0.00027784,"2017-07-23 09:55:01"
IOP,0.00027784,"2017-07-23 10:00:02"
IOP,0.00027784,"2017-07-23 10:05:01"
IOP,0.00027784,"2017-07-23 10:10:01"
IOP,0.00027784,"2017-07-23 10:15:02"
IOP,0.00027784,"2017-07-23 10:20:01"
IOP,0.00027784,"2017-07-23 10:25:02"
IOP,0.00027784,"2017-07-23 10:30:02"
IOP,0.00027784,"2017-07-23 10:35:01"
IOP,0.00027784,"2017-07-23 10:40:01"
IOP,0.00027105,"2017-07-23 10:45:01"
IOP,0.00027105,"2017-07-23 10:50:01"
IOP,0.00027105,"2017-07-23 10:55:01"
IOP,0.00027105,"2017-07-23 11:00:01"
IOP,0.00027104,"2017-07-23 11:05:02"
IOP,0.00027104,"2017-07-23 11:10:01"
IOP,0.00027104,"2017-07-23 11:15:02"
IOP,0.00028,"2017-07-23 11:20:01"
IOP,0.00028,"2017-07-23 11:25:01"
IOP,0.00027104,"2017-07-23 11:30:02"
IOP,0.00027104,"2017-07-23 11:35:02"
IOP,0.00027104,"2017-07-23 11:40:02"
IOP,0.00027104,"2017-07-23 11:45:02"
IOP,0.00027104,"2017-07-23 11:50:01"
IOP,0.00027104,"2017-07-23 11:55:01"
IOP,0.00027104,"2017-07-23 12:00:02"
IOP,0.00027104,"2017-07-23 12:05:01"
IOP,0.00027104,"2017-07-23 12:10:01"
IOP,0.00027104,"2017-07-23 12:15:02"
IOP,0.00027104,"2017-07-23 12:20:01"
IOP,0.00027104,"2017-07-23 12:25:02"
IOP,0.00027104,"2017-07-23 12:30:04"
IOP,0.00027104,"2017-07-23 12:35:02"
IOP,0.00027104,"2017-07-23 12:40:01"
IOP,0.00027104,"2017-07-23 12:45:01"
IOP,0.00027104,"2017-07-23 12:50:02"
IOP,0.00027104,"2017-07-23 12:55:02"
IOP,0.00027104,"2017-07-23 13:00:02"
IOP,0.00027104,"2017-07-23 13:05:02"
IOP,0.00027104,"2017-07-23 13:10:02"
IOP,0.00027104,"2017-07-23 13:15:04"
IOP,0.00027104,"2017-07-23 13:20:05"
IOP,0.00027104,"2017-07-23 13:25:02"
IOP,0.00027104,"2017-07-23 13:30:02"
IOP,0.00027104,"2017-07-23 13:35:02"
IOP,0.00027104,"2017-07-23 13:40:01"
IOP,0.00027104,"2017-07-23 13:45:01"
IOP,0.00027104,"2017-07-23 13:50:01"
IOP,0.00027104,"2017-07-23 13:55:02"
IOP,0.00027104,"2017-07-23 14:00:01"
IOP,0.00027104,"2017-07-23 14:05:01"
IOP,0.00027104,"2017-07-23 14:10:01"
IOP,0.00027104,"2017-07-23 14:15:02"
IOP,0.00027104,"2017-07-23 14:20:03"
IOP,0.00027104,"2017-07-23 14:25:01"
IOP,0.00027104,"2017-07-23 14:30:01"
IOP,0.00027104,"2017-07-23 14:35:01"
IOP,0.00027104,"2017-07-23 14:40:01"
IOP,0.0002799,"2017-07-23 14:45:01"
IOP,0.0002799,"2017-07-23 14:50:01"
IOP,0.0002799,"2017-07-23 14:55:01"
IOP,0.0002799,"2017-07-23 15:00:01"
IOP,0.0002799,"2017-07-23 15:05:01"
IOP,0.00028,"2017-07-23 15:10:01"
IOP,0.00028443,"2017-07-23 15:15:04"
IOP,0.00028598,"2017-07-23 15:20:02"
IOP,0.00028598,"2017-07-23 15:25:01"
IOP,0.00028598,"2017-07-23 15:30:01"
IOP,0.00028598,"2017-07-23 15:35:02"
IOP,0.00028598,"2017-07-23 15:40:07"
IOP,0.00028598,"2017-07-23 15:45:01"
IOP,0.00028598,"2017-07-23 15:50:01"
IOP,0.00028598,"2017-07-23 15:55:02"
IOP,0.00028598,"2017-07-23 16:00:02"
IOP,0.00028598,"2017-07-23 16:05:02"
IOP,0.00028598,"2017-07-23 16:10:02"
IOP,0.00028598,"2017-07-23 16:15:02"
IOP,0.00028598,"2017-07-23 16:20:08"
IOP,0.0002799,"2017-07-23 16:25:01"
IOP,0.0002799,"2017-07-23 16:30:02"
IOP,0.0002799,"2017-07-23 16:35:02"
IOP,0.0002799,"2017-07-23 16:40:02"
IOP,0.0002799,"2017-07-23 16:45:01"
IOP,0.0002799,"2017-07-23 16:50:02"
IOP,0.0002799,"2017-07-23 16:55:01"
IOP,0.0002799,"2017-07-23 17:00:01"
IOP,0.0002799,"2017-07-23 17:05:02"
IOP,0.0002799,"2017-07-23 17:10:06"
IOP,0.0002799,"2017-07-23 17:15:02"
IOP,0.0002799,"2017-07-23 17:20:02"
IOP,0.0002799,"2017-07-23 17:25:01"
IOP,0.00027,"2017-07-23 17:30:01"
IOP,0.00027,"2017-07-23 17:35:01"
IOP,0.000268,"2017-07-23 17:40:02"
IOP,0.000268,"2017-07-23 17:45:02"
IOP,0.000268,"2017-07-23 17:50:02"
IOP,0.000268,"2017-07-23 17:55:01"
IOP,0.000268,"2017-07-23 18:00:01"
IOP,0.00027004,"2017-07-23 18:05:01"
IOP,0.00027004,"2017-07-23 18:10:01"
IOP,0.00027004,"2017-07-23 18:15:02"
IOP,0.00027004,"2017-07-23 18:20:01"
IOP,0.00027004,"2017-07-23 18:25:01"
IOP,0.00027004,"2017-07-23 18:30:01"
IOP,0.00027004,"2017-07-23 18:35:01"
IOP,0.00027004,"2017-07-23 18:40:01"
IOP,0.00027004,"2017-07-23 18:45:01"
IOP,0.00027004,"2017-07-23 18:50:01"
IOP,0.00027095,"2017-07-23 18:55:01"
IOP,0.00027095,"2017-07-23 19:00:01"
IOP,0.00027095,"2017-07-23 19:05:01"
IOP,0.00027095,"2017-07-23 19:10:01"
IOP,0.00027095,"2017-07-23 19:15:01"
IOP,0.00027132,"2017-07-23 19:20:01"
IOP,0.00027132,"2017-07-23 19:25:01"
IOP,0.00027132,"2017-07-23 19:30:01"
IOP,0.00027132,"2017-07-23 19:35:02"
IOP,0.00027132,"2017-07-23 19:40:06"
IOP,0.00027132,"2017-07-23 19:45:02"
IOP,0.00027132,"2017-07-23 19:50:02"
IOP,0.00027132,"2017-07-23 19:55:02"
IOP,0.00027132,"2017-07-23 20:00:01"
IOP,0.00027132,"2017-07-23 20:05:01"
IOP,0.00027132,"2017-07-23 20:10:01"
IOP,0.00027132,"2017-07-23 20:15:01"
IOP,0.00027132,"2017-07-23 20:20:02"
IOP,0.00027132,"2017-07-23 20:25:02"
IOP,0.00027132,"2017-07-23 20:30:02"
IOP,0.00027132,"2017-07-23 20:35:01"
IOP,0.00027132,"2017-07-23 20:40:01"
IOP,0.00027132,"2017-07-23 20:45:02"
IOP,0.00027132,"2017-07-23 20:50:02"
IOP,0.00027132,"2017-07-23 20:55:02"
IOP,0.00027132,"2017-07-23 21:00:02"
IOP,0.00027132,"2017-07-23 21:05:01"
IOP,0.00027132,"2017-07-23 21:10:01"
IOP,0.00027132,"2017-07-23 21:15:01"
IOP,0.00027132,"2017-07-23 21:20:01"
IOP,0.00027132,"2017-07-23 21:25:01"
IOP,0.00027132,"2017-07-23 21:30:01"
IOP,0.00027132,"2017-07-23 21:35:02"
IOP,0.00027132,"2017-07-23 21:40:02"
IOP,0.00027132,"2017-07-23 21:45:02"
IOP,0.00027132,"2017-07-23 21:50:01"
IOP,0.00027132,"2017-07-23 21:55:05"
IOP,0.00027132,"2017-07-23 22:00:02"
IOP,0.00027132,"2017-07-23 22:05:01"
IOP,0.00027132,"2017-07-23 22:10:02"
IOP,0.00027132,"2017-07-23 22:15:03"
IOP,0.00027132,"2017-07-23 22:20:01"
IOP,0.00027132,"2017-07-23 22:25:02"
IOP,0.00027132,"2017-07-23 22:30:04"
IOP,0.00027132,"2017-07-23 22:35:02"
IOP,0.00027132,"2017-07-23 22:40:02"
IOP,0.00027132,"2017-07-23 22:45:02"
IOP,0.00026409,"2017-07-23 22:50:03"
IOP,0.00026409,"2017-07-23 22:55:02"
IOP,0.00026409,"2017-07-23 23:00:01"
IOP,0.00028599,"2017-07-23 23:05:02"
IOP,0.00028599,"2017-07-23 23:10:01"
IOP,0.00028599,"2017-07-23 23:15:02"
IOP,0.00028599,"2017-07-23 23:20:02"
IOP,0.00026595,"2017-07-23 23:25:01"
IOP,0.00026595,"2017-07-23 23:30:02"
IOP,0.00026595,"2017-07-23 23:35:01"
IOP,0.00026595,"2017-07-23 23:40:02"
IOP,0.00026595,"2017-07-23 23:45:01"
IOP,0.00026595,"2017-07-23 23:50:01"
IOP,0.00026595,"2017-07-23 23:55:03"
IOP,0.00026595,"2017-07-24 00:00:01"
IOP,0.00026595,"2017-07-24 00:05:07"
IOP,0.00027749,"2017-07-24 00:10:01"
IOP,0.00027749,"2017-07-24 00:15:01"
IOP,0.00027749,"2017-07-24 00:20:01"
IOP,0.00027749,"2017-07-24 00:25:01"
IOP,0.00027749,"2017-07-24 00:30:01"
IOP,0.00027749,"2017-07-24 00:35:01"
IOP,0.00027749,"2017-07-24 00:40:02"
IOP,0.00027749,"2017-07-24 00:45:01"
IOP,0.00027749,"2017-07-24 00:50:03"
IOP,0.00027749,"2017-07-24 00:55:02"
IOP,0.00027749,"2017-07-24 01:00:02"
IOP,0.00027749,"2017-07-24 01:05:01"
IOP,0.00027749,"2017-07-24 01:10:02"
IOP,0.00027749,"2017-07-24 01:15:02"
IOP,0.00027749,"2017-07-24 01:20:02"
IOP,0.00027749,"2017-07-24 01:25:01"
IOP,0.00027749,"2017-07-24 01:30:01"
IOP,0.00027749,"2017-07-24 01:35:01"
IOP,0.00027749,"2017-07-24 01:40:01"
IOP,0.00027749,"2017-07-24 01:45:04"
IOP,0.00027749,"2017-07-24 01:50:01"
IOP,0.00027749,"2017-07-24 01:55:01"
IOP,0.00027749,"2017-07-24 02:00:01"
IOP,0.00027749,"2017-07-24 02:05:04"
IOP,0.00027749,"2017-07-24 02:10:01"
IOP,0.00027749,"2017-07-24 02:15:02"
IOP,0.00027749,"2017-07-24 02:20:02"
IOP,0.00027749,"2017-07-24 02:25:02"
IOP,0.00027749,"2017-07-24 02:30:05"
IOP,0.00027749,"2017-07-24 02:35:04"
IOP,0.00027749,"2017-07-24 02:40:02"
IOP,0.00027749,"2017-07-24 02:45:01"
IOP,0.00027749,"2017-07-24 02:50:02"
IOP,0.00027749,"2017-07-24 02:55:02"
IOP,0.00027749,"2017-07-24 03:00:02"
IOP,0.00027749,"2017-07-24 03:05:02"
IOP,0.00027749,"2017-07-24 03:10:02"
IOP,0.00027749,"2017-07-24 03:15:01"
IOP,0.00027749,"2017-07-24 03:20:01"
IOP,0.00027749,"2017-07-24 03:25:01"
IOP,0.00027749,"2017-07-24 03:30:03"
IOP,0.00027749,"2017-07-24 03:35:02"
IOP,0.00027749,"2017-07-24 03:40:02"
IOP,0.00027749,"2017-07-24 03:45:02"
IOP,0.00027749,"2017-07-24 03:50:02"
IOP,0.000284,"2017-07-24 03:55:02"
IOP,0.000284,"2017-07-24 04:00:03"
IOP,0.00028,"2017-07-24 04:05:02"
IOP,0.00028,"2017-07-24 04:10:01"
IOP,0.00028,"2017-07-24 04:15:02"
IOP,0.00028,"2017-07-24 04:20:01"
IOP,0.00028,"2017-07-24 04:25:01"
IOP,0.00028,"2017-07-24 04:30:01"
IOP,0.00028,"2017-07-24 04:35:01"
IOP,0.00028,"2017-07-24 04:40:02"
IOP,0.00028001,"2017-07-24 04:45:02"
IOP,0.00028001,"2017-07-24 04:50:01"
IOP,0.00028001,"2017-07-24 04:55:01"
IOP,0.00028001,"2017-07-24 05:00:02"
IOP,0.00028001,"2017-07-24 05:05:01"
IOP,0.00028001,"2017-07-24 05:10:01"
IOP,0.00028001,"2017-07-24 05:15:01"
IOP,0.00028001,"2017-07-24 05:20:01"
IOP,0.00028001,"2017-07-24 05:25:01"
IOP,0.00028001,"2017-07-24 05:30:01"
IOP,0.00028001,"2017-07-24 05:35:01"
IOP,0.00028001,"2017-07-24 05:40:02"
IOP,0.00028001,"2017-07-24 05:45:02"
IOP,0.00028001,"2017-07-24 05:50:02"
IOP,0.00028001,"2017-07-24 05:55:02"
IOP,0.00028001,"2017-07-24 06:00:02"
IOP,0.00028001,"2017-07-24 06:05:01"
IOP,0.00028001,"2017-07-24 06:10:01"
IOP,0.00028001,"2017-07-24 06:15:02"
IOP,0.00028001,"2017-07-24 06:20:01"
IOP,0.00028001,"2017-07-24 06:25:01"
IOP,0.00028001,"2017-07-24 06:30:02"
IOP,0.00028001,"2017-07-24 06:35:01"
IOP,0.00028001,"2017-07-24 06:40:01"
IOP,0.00028001,"2017-07-24 06:45:01"
IOP,0.00028275,"2017-07-24 06:50:01"
IOP,0.00028275,"2017-07-24 06:55:01"
IOP,0.00028275,"2017-07-24 07:00:01"
IOP,0.00028275,"2017-07-24 07:05:01"
IOP,0.00028275,"2017-07-24 07:10:01"
IOP,0.00028275,"2017-07-24 07:15:01"
IOP,0.00028275,"2017-07-24 07:20:01"
IOP,0.00028275,"2017-07-24 07:25:01"
IOP,0.00028275,"2017-07-24 07:30:02"
IOP,0.00028275,"2017-07-24 07:35:01"
IOP,0.00028275,"2017-07-24 07:40:01"
IOP,0.00028275,"2017-07-24 07:45:01"
IOP,0.00028275,"2017-07-24 07:50:01"
IOP,0.00028275,"2017-07-24 07:55:02"
IOP,0.00026771,"2017-07-24 08:00:01"
IOP,0.0002677,"2017-07-24 08:05:01"
IOP,0.0002677,"2017-07-24 08:10:01"
IOP,0.0002677,"2017-07-24 08:15:02"
IOP,0.0002677,"2017-07-24 08:20:01"
IOP,0.0002677,"2017-07-24 08:25:02"
IOP,0.0002677,"2017-07-24 08:30:02"
IOP,0.0002677,"2017-07-24 08:35:08"
IOP,0.0002677,"2017-07-24 08:40:01"
IOP,0.0002677,"2017-07-24 08:45:01"
IOP,0.0002677,"2017-07-24 08:50:02"
IOP,0.0002677,"2017-07-24 08:55:01"
IOP,0.0002677,"2017-07-24 09:00:02"
IOP,0.0002677,"2017-07-24 09:05:01"
IOP,0.0002677,"2017-07-24 09:10:02"
IOP,0.0002677,"2017-07-24 09:15:01"
IOP,0.0002677,"2017-07-24 09:20:02"
IOP,0.0002677,"2017-07-24 09:25:02"
IOP,0.00026898,"2017-07-24 09:30:01"
IOP,0.00026698,"2017-07-24 09:35:01"
IOP,0.00026698,"2017-07-24 09:40:01"
IOP,0.00026698,"2017-07-24 09:45:01"
IOP,0.00026698,"2017-07-24 09:50:01"
IOP,0.00026698,"2017-07-24 09:55:02"
IOP,0.00026698,"2017-07-24 10:00:04"
IOP,0.00026698,"2017-07-24 10:05:01"
IOP,0.00026698,"2017-07-24 10:10:02"
IOP,0.00026698,"2017-07-24 10:15:01"
IOP,0.00026698,"2017-07-24 10:20:01"
IOP,0.00026698,"2017-07-24 10:25:09"
IOP,0.00026698,"2017-07-24 10:30:01"
IOP,0.00026698,"2017-07-24 10:35:01"
IOP,0.00026698,"2017-07-24 10:40:03"
IOP,0.00026698,"2017-07-24 10:45:01"
IOP,0.00026698,"2017-07-24 10:50:02"
IOP,0.00026698,"2017-07-24 10:55:02"
IOP,0.00026698,"2017-07-24 11:00:03"
IOP,0.00026698,"2017-07-24 11:05:01"
IOP,0.00026698,"2017-07-24 11:10:02"
IOP,0.00026698,"2017-07-24 11:15:03"
IOP,0.00026698,"2017-07-24 11:20:03"
IOP,0.00026698,"2017-07-24 11:25:01"
IOP,0.00026698,"2017-07-24 11:30:02"
IOP,0.00026698,"2017-07-24 11:35:01"
IOP,0.00026698,"2017-07-24 11:40:01"
IOP,0.00026698,"2017-07-24 11:45:01"
IOP,0.00026698,"2017-07-24 11:50:03"
IOP,0.00026698,"2017-07-24 11:55:03"
IOP,0.00026409,"2017-07-24 12:00:02"
IOP,0.00026409,"2017-07-24 12:05:02"
IOP,0.00026409,"2017-07-24 12:10:01"
IOP,0.00026409,"2017-07-24 12:15:01"
IOP,0.00026409,"2017-07-24 12:20:02"
IOP,0.00028155,"2017-07-24 12:25:02"
IOP,0.00022804,"2017-07-24 12:30:02"
IOP,0.00028126,"2017-07-24 12:35:02"
IOP,0.00028112,"2017-07-24 12:40:02"
IOP,0.00028105,"2017-07-24 12:45:02"
IOP,0.00028105,"2017-07-24 12:50:08"
IOP,0.00028105,"2017-07-24 12:55:01"
IOP,0.00028105,"2017-07-24 13:00:02"
IOP,0.00028105,"2017-07-24 13:05:02"
IOP,0.00028105,"2017-07-24 13:10:01"
IOP,0.00028105,"2017-07-24 13:15:02"
IOP,0.00028105,"2017-07-24 13:20:01"
IOP,0.00028105,"2017-07-24 13:25:08"
IOP,0.00028008,"2017-07-24 13:30:08"
IOP,0.00028008,"2017-07-24 13:36:20"
IOP,0.00028008,"2017-07-24 13:40:01"
IOP,0.00028008,"2017-07-24 13:45:02"
IOP,0.00028008,"2017-07-24 13:50:01"
IOP,0.00028008,"2017-07-24 13:55:01"
IOP,0.00028008,"2017-07-24 14:00:02"
IOP,0.00028008,"2017-07-24 14:05:01"
IOP,0.00027445,"2017-07-24 14:10:01"
IOP,0.00027445,"2017-07-24 14:15:02"
IOP,0.00027445,"2017-07-24 14:20:02"
IOP,0.00027445,"2017-07-24 14:25:01"
IOP,0.00027445,"2017-07-24 14:30:02"
IOP,0.00027445,"2017-07-24 14:35:02"
IOP,0.00027445,"2017-07-24 14:40:02"
IOP,0.00027445,"2017-07-24 14:45:01"
IOP,0.00027463,"2017-07-24 14:50:02"
IOP,0.00027463,"2017-07-24 14:55:03"
IOP,0.00027463,"2017-07-24 15:00:01"
IOP,0.00027463,"2017-07-24 15:05:01"
IOP,0.00027463,"2017-07-24 15:10:02"
IOP,0.00027463,"2017-07-24 15:15:02"
IOP,0.0002715,"2017-07-24 15:20:04"
IOP,0.0002715,"2017-07-24 15:25:01"
IOP,0.0002715,"2017-07-24 15:30:02"
IOP,0.0002715,"2017-07-24 15:35:01"
IOP,0.0002715,"2017-07-24 15:40:02"
IOP,0.0002715,"2017-07-24 15:45:01"
IOP,0.0002715,"2017-07-24 15:50:01"
IOP,0.0002715,"2017-07-24 15:55:02"
IOP,0.0002472,"2017-07-24 16:00:02"
IOP,0.0002472,"2017-07-24 16:05:01"
IOP,0.0002472,"2017-07-24 16:10:01"
IOP,0.0002472,"2017-07-24 16:15:02"
IOP,0.0002472,"2017-07-24 16:20:01"
IOP,0.0002472,"2017-07-24 16:25:01"
IOP,0.00026977,"2017-07-24 16:30:02"
IOP,0.00026977,"2017-07-24 16:35:02"
IOP,0.00026977,"2017-07-24 16:40:01"
IOP,0.00026006,"2017-07-24 16:45:01"
IOP,0.00026006,"2017-07-24 16:50:05"
IOP,0.00026006,"2017-07-24 16:55:01"
IOP,0.0002685,"2017-07-24 17:00:02"
IOP,0.0002685,"2017-07-24 17:05:01"
IOP,0.0002685,"2017-07-24 17:10:02"
IOP,0.0002685,"2017-07-24 17:15:03"
IOP,0.0002685,"2017-07-24 17:20:01"
IOP,0.00026001,"2017-07-24 17:25:02"
IOP,0.00026001,"2017-07-24 17:30:02"
IOP,0.00026001,"2017-07-24 17:35:01"
IOP,0.00026719,"2017-07-24 17:40:02"
IOP,0.00026719,"2017-07-24 17:45:02"
IOP,0.00026002,"2017-07-24 17:50:02"
IOP,0.00026002,"2017-07-24 17:55:01"
IOP,0.00026002,"2017-07-24 18:00:02"
IOP,0.00026002,"2017-07-24 18:05:01"
IOP,0.00026002,"2017-07-24 18:10:05"
IOP,0.00026002,"2017-07-24 18:15:01"
IOP,0.00026002,"2017-07-24 18:20:02"
IOP,0.00026002,"2017-07-24 18:25:01"
IOP,0.00027788,"2017-07-24 18:30:03"
IOP,0.0002793,"2017-07-24 18:35:01"
IOP,0.0002793,"2017-07-24 18:40:02"
IOP,0.0002793,"2017-07-24 18:45:01"
IOP,0.0002793,"2017-07-24 18:50:02"
IOP,0.0002793,"2017-07-24 18:55:02"
IOP,0.0002793,"2017-07-24 19:00:02"
IOP,0.0002793,"2017-07-24 19:05:02"
IOP,0.0002793,"2017-07-24 19:10:01"
IOP,0.0002793,"2017-07-24 19:15:01"
IOP,0.0002793,"2017-07-24 19:20:02"
IOP,0.0002793,"2017-07-24 19:25:01"
IOP,0.0002793,"2017-07-24 19:30:03"
IOP,0.0002793,"2017-07-24 19:35:08"
IOP,0.0002793,"2017-07-24 19:40:01"
IOP,0.0002793,"2017-07-24 19:45:02"
IOP,0.0002793,"2017-07-24 19:50:02"
IOP,0.0002793,"2017-07-24 19:55:01"
IOP,0.00026007,"2017-07-24 20:00:02"
IOP,0.00026007,"2017-07-24 20:05:01"
IOP,0.00026007,"2017-07-24 20:10:02"
IOP,0.00026007,"2017-07-24 20:15:02"
IOP,0.00027894,"2017-07-24 20:20:02"
IOP,0.00027894,"2017-07-24 20:25:01"
IOP,0.00027894,"2017-07-24 20:30:01"
IOP,0.00026,"2017-07-24 20:35:01"
IOP,0.00026,"2017-07-24 20:40:02"
IOP,0.00026,"2017-07-24 20:45:01"
IOP,0.00026,"2017-07-24 20:50:01"
IOP,0.00026,"2017-07-24 20:55:01"
IOP,0.00026,"2017-07-24 21:00:02"
IOP,0.00026,"2017-07-24 21:05:01"
IOP,0.00026,"2017-07-24 21:10:01"
IOP,0.00026,"2017-07-24 21:15:01"
IOP,0.00026,"2017-07-24 21:20:01"
IOP,0.00026221,"2017-07-24 21:25:01"
IOP,0.00026221,"2017-07-24 21:30:02"
IOP,0.00026221,"2017-07-24 21:35:02"
IOP,0.00026,"2017-07-24 21:40:01"
IOP,0.00025653,"2017-07-24 21:45:02"
IOP,0.00025653,"2017-07-24 21:50:02"
IOP,0.00025653,"2017-07-24 21:55:02"
IOP,0.00025653,"2017-07-24 22:00:02"
IOP,0.00025653,"2017-07-24 22:05:06"
IOP,0.00025653,"2017-07-24 22:10:02"
IOP,0.00025653,"2017-07-24 22:15:02"
IOP,0.00025653,"2017-07-24 22:20:02"
IOP,0.00025653,"2017-07-24 22:25:01"
IOP,0.00025653,"2017-07-24 22:30:01"
IOP,0.00025653,"2017-07-24 22:35:01"
IOP,0.00025653,"2017-07-24 22:40:01"
IOP,0.00025653,"2017-07-24 22:45:01"
IOP,0.00025653,"2017-07-24 22:50:02"
IOP,0.00025653,"2017-07-24 22:55:02"
IOP,0.00025653,"2017-07-24 23:00:02"
IOP,0.00025868,"2017-07-24 23:05:01"
IOP,0.00025868,"2017-07-24 23:10:02"
IOP,0.00025868,"2017-07-24 23:15:02"
IOP,0.00025868,"2017-07-24 23:20:01"
IOP,0.00025868,"2017-07-24 23:25:01"
IOP,0.00025868,"2017-07-24 23:30:01"
IOP,0.00025868,"2017-07-24 23:35:01"
IOP,0.00025868,"2017-07-24 23:40:04"
IOP,0.00025868,"2017-07-24 23:45:01"
IOP,0.00025868,"2017-07-24 23:50:01"
IOP,0.00025868,"2017-07-24 23:55:01"
IOP,0.00025868,"2017-07-25 00:00:01"
IOP,0.00025868,"2017-07-25 00:05:01"
IOP,0.00025868,"2017-07-25 00:10:02"
IOP,0.00025868,"2017-07-25 00:15:01"
IOP,0.00025868,"2017-07-25 00:20:01"
IOP,0.00025868,"2017-07-25 00:25:01"
IOP,0.00025868,"2017-07-25 00:30:01"
IOP,0.00025868,"2017-07-25 00:35:01"
IOP,0.00025868,"2017-07-25 00:40:02"
IOP,0.00025868,"2017-07-25 00:45:02"
IOP,0.00025868,"2017-07-25 00:50:01"
IOP,0.00025868,"2017-07-25 00:55:01"
IOP,0.00025868,"2017-07-25 01:00:02"
IOP,0.00025868,"2017-07-25 01:05:01"
IOP,0.00025868,"2017-07-25 01:10:01"
IOP,0.00025868,"2017-07-25 01:15:02"
IOP,0.00025868,"2017-07-25 01:20:02"
IOP,0.00025868,"2017-07-25 01:25:02"
IOP,0.00025868,"2017-07-25 01:30:02"
IOP,0.00025868,"2017-07-25 01:35:01"
IOP,0.00025868,"2017-07-25 01:40:02"
IOP,0.00025868,"2017-07-25 01:45:02"
IOP,0.00025868,"2017-07-25 01:50:01"
IOP,0.00025868,"2017-07-25 01:55:01"
IOP,0.00025868,"2017-07-25 02:00:01"
IOP,0.00025868,"2017-07-25 02:05:02"
IOP,0.00025868,"2017-07-25 02:10:02"
IOP,0.00025868,"2017-07-25 02:15:02"
IOP,0.00025868,"2017-07-25 02:20:01"
IOP,0.00025868,"2017-07-25 02:25:02"
IOP,0.00025868,"2017-07-25 02:30:02"
IOP,0.00025868,"2017-07-25 02:35:01"
IOP,0.00025868,"2017-07-25 02:40:01"
IOP,0.00025868,"2017-07-25 02:45:02"
IOP,0.00025868,"2017-07-25 02:50:01"
IOP,0.00025868,"2017-07-25 02:55:02"
IOP,0.00025868,"2017-07-25 03:00:02"
IOP,0.00025868,"2017-07-25 03:05:01"
IOP,0.00025868,"2017-07-25 03:10:02"
IOP,0.00025868,"2017-07-25 03:15:02"
IOP,0.00025868,"2017-07-25 03:20:01"
IOP,0.00025868,"2017-07-25 03:25:02"
IOP,0.00025868,"2017-07-25 03:30:02"
IOP,0.00025868,"2017-07-25 03:35:01"
IOP,0.00025868,"2017-07-25 03:40:02"
IOP,0.00025868,"2017-07-25 03:45:01"
IOP,0.00025868,"2017-07-25 03:50:02"
IOP,0.00025868,"2017-07-25 03:55:02"
IOP,0.00025868,"2017-07-25 04:00:03"
IOP,0.00025868,"2017-07-25 04:05:06"
IOP,0.00025868,"2017-07-25 04:10:01"
IOP,0.00025901,"2017-07-25 04:15:01"
IOP,0.00025901,"2017-07-25 04:20:02"
IOP,0.00025901,"2017-07-25 04:25:02"
IOP,0.00025901,"2017-07-25 04:30:02"
IOP,0.00025901,"2017-07-25 04:35:01"
IOP,0.00025901,"2017-07-25 04:40:01"
IOP,0.00026524,"2017-07-25 04:45:01"
IOP,0.00026524,"2017-07-25 04:50:02"
IOP,0.00026524,"2017-07-25 04:55:01"
IOP,0.00026524,"2017-07-25 05:00:01"
IOP,0.00026524,"2017-07-25 05:05:01"
IOP,0.00026524,"2017-07-25 05:10:06"
IOP,0.00026524,"2017-07-25 05:15:01"
IOP,0.00026524,"2017-07-25 05:20:01"
IOP,0.00026524,"2017-07-25 05:25:01"
IOP,0.00026524,"2017-07-25 05:30:01"
IOP,0.00026524,"2017-07-25 05:35:02"
IOP,0.00026524,"2017-07-25 05:40:01"
IOP,0.00026524,"2017-07-25 05:45:01"
IOP,0.00026524,"2017-07-25 05:50:02"
IOP,0.00026524,"2017-07-25 05:55:02"
IOP,0.00026524,"2017-07-25 06:00:01"
IOP,0.00026524,"2017-07-25 06:05:01"
IOP,0.00026524,"2017-07-25 06:10:02"
IOP,0.00026524,"2017-07-25 06:15:01"
IOP,0.00026524,"2017-07-25 06:20:01"
IOP,0.00026524,"2017-07-25 06:25:01"
IOP,0.00026524,"2017-07-25 06:30:03"
IOP,0.00026524,"2017-07-25 06:35:02"
IOP,0.00026524,"2017-07-25 06:40:02"
IOP,0.00026524,"2017-07-25 06:45:09"
IOP,0.00026524,"2017-07-25 06:50:01"
IOP,0.00026524,"2017-07-25 06:55:01"
IOP,0.00026524,"2017-07-25 07:00:01"
IOP,0.00026524,"2017-07-25 07:05:01"
IOP,0.00026524,"2017-07-25 07:10:03"
IOP,0.00026524,"2017-07-25 07:15:05"
IOP,0.00026524,"2017-07-25 07:20:01"
IOP,0.00026524,"2017-07-25 07:25:01"
IOP,0.00026524,"2017-07-25 07:30:01"
IOP,0.000259,"2017-07-25 07:35:02"
IOP,0.00025868,"2017-07-25 07:40:02"
IOP,0.00025868,"2017-07-25 07:45:01"
IOP,0.00025868,"2017-07-25 07:50:02"
IOP,0.00025868,"2017-07-25 07:55:02"
IOP,0.00025868,"2017-07-25 08:00:02"
IOP,0.00025868,"2017-07-25 08:05:01"
IOP,0.00025868,"2017-07-25 08:10:01"
IOP,0.00025868,"2017-07-25 08:15:06"
IOP,0.00025868,"2017-07-25 08:20:02"
IOP,0.00025868,"2017-07-25 08:25:02"
IOP,0.00027199,"2017-07-25 08:30:02"
IOP,0.00025085,"2017-07-25 08:35:01"
IOP,0.00025085,"2017-07-25 08:40:02"
IOP,0.00025085,"2017-07-25 08:45:02"
IOP,0.00025085,"2017-07-25 08:50:02"
IOP,0.00025085,"2017-07-25 08:55:04"
IOP,0.00025085,"2017-07-25 09:00:05"
IOP,0.00025085,"2017-07-25 09:05:01"
IOP,0.00025085,"2017-07-25 09:10:01"
IOP,0.00025085,"2017-07-25 09:15:01"
IOP,0.00025109,"2017-07-25 09:20:02"
IOP,0.00025109,"2017-07-25 09:25:01"
IOP,0.00025109,"2017-07-25 09:30:09"
IOP,0.00025109,"2017-07-25 09:35:03"
IOP,0.00024109,"2017-07-25 09:40:02"
IOP,0.00024,"2017-07-25 09:45:02"
IOP,0.00022834,"2017-07-25 09:50:01"
IOP,0.00022834,"2017-07-25 09:55:02"
IOP,0.00022834,"2017-07-25 10:00:02"
IOP,0.00022834,"2017-07-25 10:05:01"
IOP,0.00022834,"2017-07-25 10:10:01"
IOP,0.00022834,"2017-07-25 10:15:02"
IOP,0.00026763,"2017-07-25 10:20:02"
IOP,0.00026763,"2017-07-25 10:25:02"
IOP,0.00026763,"2017-07-25 10:30:01"
IOP,0.00026763,"2017-07-25 10:35:02"
IOP,0.00026763,"2017-07-25 10:40:02"
IOP,0.00026763,"2017-07-25 10:45:01"
IOP,0.00026763,"2017-07-25 10:50:01"
IOP,0.00026763,"2017-07-25 10:55:01"
IOP,0.00026763,"2017-07-25 11:00:02"
IOP,0.00026763,"2017-07-25 11:05:02"
IOP,0.00026763,"2017-07-25 11:10:02"
IOP,0.00026763,"2017-07-25 11:15:02"
IOP,0.00026763,"2017-07-25 11:20:07"
IOP,0.00026763,"2017-07-25 11:25:02"
IOP,0.00026763,"2017-07-25 11:30:02"
IOP,0.00026763,"2017-07-25 11:35:01"
IOP,0.00026763,"2017-07-25 11:40:02"
IOP,0.00026763,"2017-07-25 11:45:01"
IOP,0.00026764,"2017-07-25 11:50:02"
IOP,0.00026764,"2017-07-25 11:55:02"
IOP,0.00026764,"2017-07-25 12:00:01"
IOP,0.00026764,"2017-07-25 12:05:02"
IOP,0.00026764,"2017-07-25 12:10:02"
IOP,0.00026764,"2017-07-25 12:15:02"
IOP,0.00026764,"2017-07-25 12:20:01"
IOP,0.00026764,"2017-07-25 12:25:01"
IOP,0.00026764,"2017-07-25 12:30:02"
IOP,0.00026763,"2017-07-25 12:35:01"
IOP,0.00026661,"2017-07-25 12:40:02"
IOP,0.00026661,"2017-07-25 12:45:01"
IOP,0.00023517,"2017-07-25 12:50:02"
IOP,0.00023517,"2017-07-25 12:55:01"
IOP,0.00023517,"2017-07-25 13:00:02"
IOP,0.00023517,"2017-07-25 13:05:01"
IOP,0.00023517,"2017-07-25 13:10:02"
IOP,0.00025251,"2017-07-25 13:15:03"
IOP,0.00025251,"2017-07-25 13:20:02"
IOP,0.00023552,"2017-07-25 13:25:02"
IOP,0.00023552,"2017-07-25 13:30:01"
IOP,0.00023552,"2017-07-25 13:35:02"
IOP,0.00023552,"2017-07-25 13:40:03"
IOP,0.00023552,"2017-07-25 13:45:01"
IOP,0.00023552,"2017-07-25 13:50:01"
IOP,0.00023552,"2017-07-25 13:55:02"
IOP,0.00023552,"2017-07-25 14:00:03"
IOP,0.00023552,"2017-07-25 14:05:01"
IOP,0.00023552,"2017-07-25 14:10:02"
IOP,0.00023552,"2017-07-25 14:15:01"
IOP,0.00023552,"2017-07-25 14:20:01"
IOP,0.00023552,"2017-07-25 14:25:02"
IOP,0.00023552,"2017-07-25 14:30:02"
IOP,0.00023567,"2017-07-25 14:35:02"
IOP,0.00023567,"2017-07-25 14:40:03"
IOP,0.00025,"2017-07-25 14:45:02"
IOP,0.00025,"2017-07-25 14:50:02"
IOP,0.00025,"2017-07-25 14:55:02"
IOP,0.00025107,"2017-07-25 15:00:03"
IOP,0.00025107,"2017-07-25 15:05:02"
IOP,0.00025,"2017-07-25 15:10:02"
IOP,0.00023,"2017-07-25 15:15:02"
IOP,0.00023,"2017-07-25 15:20:07"
IOP,0.00023,"2017-07-25 15:25:02"
IOP,0.00023,"2017-07-25 15:30:01"
IOP,0.00023,"2017-07-25 15:35:01"
IOP,0.00023,"2017-07-25 15:40:02"
IOP,0.00023387,"2017-07-25 15:45:01"
IOP,0.00023387,"2017-07-25 15:50:01"
IOP,0.00023387,"2017-07-25 15:55:02"
IOP,0.00023387,"2017-07-25 16:00:02"
IOP,0.00024555,"2017-07-25 16:05:02"
IOP,0.00024555,"2017-07-25 16:10:02"
IOP,0.00024555,"2017-07-25 16:15:01"
IOP,0.00024555,"2017-07-25 16:20:02"
IOP,0.00024555,"2017-07-25 16:25:02"
IOP,0.00024555,"2017-07-25 16:30:01"
IOP,0.00024555,"2017-07-25 16:35:02"
IOP,0.00024555,"2017-07-25 16:40:01"
IOP,0.00024555,"2017-07-25 16:45:01"
IOP,0.00024555,"2017-07-25 16:50:02"
IOP,0.00024555,"2017-07-25 16:55:07"
IOP,0.00024555,"2017-07-25 17:00:01"
IOP,0.00024555,"2017-07-25 17:05:01"
IOP,0.00024555,"2017-07-25 17:10:02"
IOP,0.00024555,"2017-07-25 17:15:02"
IOP,0.00024555,"2017-07-25 17:20:01"
IOP,0.00024555,"2017-07-25 17:25:01"
IOP,0.00024404,"2017-07-25 17:30:02"
IOP,0.00024404,"2017-07-25 17:35:01"
IOP,0.00024336,"2017-07-25 17:40:01"
IOP,0.00024336,"2017-07-25 17:45:01"
IOP,0.00024336,"2017-07-25 17:50:01"
IOP,0.00024336,"2017-07-25 17:55:01"
IOP,0.00024336,"2017-07-25 18:00:05"
IOP,0.00024336,"2017-07-25 18:05:01"
IOP,0.00023207,"2017-07-25 18:10:01"
IOP,0.00023207,"2017-07-25 18:15:02"
IOP,0.00023207,"2017-07-25 18:20:01"
IOP,0.00023207,"2017-07-25 18:25:01"
IOP,0.00023207,"2017-07-25 18:30:02"
IOP,0.00023207,"2017-07-25 18:35:01"
IOP,0.00023207,"2017-07-25 18:40:01"
IOP,0.00024269,"2017-07-25 18:45:02"
IOP,0.00024269,"2017-07-25 18:50:02"
IOP,0.00024269,"2017-07-25 18:55:02"
IOP,0.00024269,"2017-07-25 19:00:01"
IOP,0.00024269,"2017-07-25 19:05:02"
IOP,0.00024269,"2017-07-25 19:10:02"
IOP,0.00024269,"2017-07-25 19:15:02"
IOP,0.00024269,"2017-07-25 19:20:01"
IOP,0.00024269,"2017-07-25 19:25:01"
IOP,0.00024269,"2017-07-25 19:30:01"
IOP,0.00024269,"2017-07-25 19:35:02"
IOP,0.00024269,"2017-07-25 19:40:01"
IOP,0.00024269,"2017-07-25 19:45:01"
IOP,0.00024269,"2017-07-25 19:50:02"
IOP,0.00024269,"2017-07-25 19:55:02"
IOP,0.00024269,"2017-07-25 20:00:02"
IOP,0.00024269,"2017-07-25 20:05:02"
IOP,0.00024,"2017-07-25 20:10:01"
IOP,0.00024,"2017-07-25 20:15:01"
IOP,0.00024,"2017-07-25 20:20:04"
IOP,0.00024,"2017-07-25 20:25:02"
IOP,0.00024,"2017-07-25 20:30:01"
IOP,0.00024,"2017-07-25 20:35:01"
IOP,0.00024541,"2017-07-25 20:40:02"
IOP,0.00024541,"2017-07-25 20:45:01"
IOP,0.00024541,"2017-07-25 20:50:01"
IOP,0.00024555,"2017-07-25 20:55:01"
IOP,0.00024555,"2017-07-25 21:00:03"
IOP,0.00024555,"2017-07-25 21:05:02"
IOP,0.00024555,"2017-07-25 21:10:01"
IOP,0.00024555,"2017-07-25 21:15:02"
IOP,0.00024,"2017-07-25 21:20:01"
IOP,0.00024,"2017-07-25 21:25:01"
IOP,0.00024,"2017-07-25 21:30:02"
IOP,0.00024,"2017-07-25 21:35:01"
IOP,0.00024,"2017-07-25 21:40:01"
IOP,0.00024,"2017-07-25 21:45:01"
IOP,0.00024,"2017-07-25 21:50:02"
IOP,0.00024,"2017-07-25 21:55:01"
IOP,0.00024,"2017-07-25 22:00:02"
IOP,0.00024,"2017-07-25 22:05:01"
IOP,0.00024497,"2017-07-25 22:10:01"
IOP,0.00024497,"2017-07-25 22:15:01"
IOP,0.00024497,"2017-07-25 22:20:02"
IOP,0.00024497,"2017-07-25 22:25:01"
IOP,0.00024497,"2017-07-25 22:30:02"
IOP,0.00024497,"2017-07-25 22:35:01"
IOP,0.00024497,"2017-07-25 22:40:02"
IOP,0.00023174,"2017-07-25 22:45:01"
IOP,0.00023174,"2017-07-25 22:50:02"
IOP,0.00023174,"2017-07-25 22:55:01"
IOP,0.00023174,"2017-07-25 23:00:01"
IOP,0.00023174,"2017-07-25 23:05:01"
IOP,0.00023174,"2017-07-25 23:10:02"
IOP,0.00023174,"2017-07-25 23:15:02"
IOP,0.00023174,"2017-07-25 23:20:01"
IOP,0.00023174,"2017-07-25 23:25:02"
IOP,0.00023174,"2017-07-25 23:30:02"
IOP,0.00023288,"2017-07-25 23:35:03"
IOP,0.00023288,"2017-07-25 23:40:01"
IOP,0.00023288,"2017-07-25 23:45:01"
IOP,0.00023288,"2017-07-25 23:50:01"
IOP,0.00024128,"2017-07-25 23:55:02"
IOP,0.00024128,"2017-07-26 00:00:04"
IOP,0.00024115,"2017-07-26 00:05:02"
IOP,0.00024115,"2017-07-26 00:10:01"
IOP,0.00024115,"2017-07-26 00:15:01"
IOP,0.00024115,"2017-07-26 00:20:01"
IOP,0.00024099,"2017-07-26 00:25:01"
IOP,0.00024099,"2017-07-26 00:30:01"
IOP,0.00024099,"2017-07-26 00:35:01"
IOP,0.00024099,"2017-07-26 00:40:02"
IOP,0.00024099,"2017-07-26 00:45:04"
IOP,0.00024099,"2017-07-26 00:50:01"
IOP,0.00024099,"2017-07-26 00:55:02"
IOP,0.00024099,"2017-07-26 01:00:02"
IOP,0.00024099,"2017-07-26 01:05:01"
IOP,0.00024099,"2017-07-26 01:10:02"
IOP,0.00024135,"2017-07-26 01:15:02"
IOP,0.00024135,"2017-07-26 01:20:02"
IOP,0.00024135,"2017-07-26 01:25:01"
IOP,0.00024135,"2017-07-26 01:30:02"
IOP,0.00024135,"2017-07-26 01:35:02"
IOP,0.00024135,"2017-07-26 01:40:01"
IOP,0.00024135,"2017-07-26 01:45:01"
IOP,0.00024113,"2017-07-26 01:50:02"
IOP,0.00024113,"2017-07-26 01:55:01"
IOP,0.00024113,"2017-07-26 02:00:03"
IOP,0.00024113,"2017-07-26 02:05:02"
IOP,0.00024113,"2017-07-26 02:10:01"
IOP,0.00024113,"2017-07-26 02:15:01"
IOP,0.00024113,"2017-07-26 02:20:02"
IOP,0.00024113,"2017-07-26 02:25:01"
IOP,0.00024113,"2017-07-26 02:30:02"
IOP,0.00022875,"2017-07-26 02:35:02"
IOP,0.00022895,"2017-07-26 02:40:02"
IOP,0.00022895,"2017-07-26 02:45:01"
IOP,0.00024115,"2017-07-26 02:50:01"
IOP,0.00024115,"2017-07-26 02:55:02"
IOP,0.00024115,"2017-07-26 03:00:02"
IOP,0.00024138,"2017-07-26 03:05:02"
IOP,0.00024138,"2017-07-26 03:10:02"
IOP,0.00024138,"2017-07-26 03:15:01"
IOP,0.00024138,"2017-07-26 03:20:01"
IOP,0.00024138,"2017-07-26 03:25:02"
IOP,0.00024138,"2017-07-26 03:30:01"
IOP,0.00024138,"2017-07-26 03:35:01"
IOP,0.00024138,"2017-07-26 03:40:01"
IOP,0.00024138,"2017-07-26 03:45:02"
IOP,0.00024138,"2017-07-26 03:50:01"
IOP,0.00024138,"2017-07-26 03:55:01"
IOP,0.00024138,"2017-07-26 04:00:01"
IOP,0.00024138,"2017-07-26 04:05:01"
IOP,0.00024138,"2017-07-26 04:10:02"
IOP,0.00024138,"2017-07-26 04:15:02"
IOP,0.00024138,"2017-07-26 04:20:02"
IOP,0.00024138,"2017-07-26 04:25:01"
IOP,0.00024138,"2017-07-26 04:30:02"
IOP,0.00024138,"2017-07-26 04:35:01"
IOP,0.00024138,"2017-07-26 04:40:01"
IOP,0.00024138,"2017-07-26 04:45:02"
IOP,0.00024138,"2017-07-26 04:50:01"
IOP,0.00024138,"2017-07-26 04:55:01"
IOP,0.00024138,"2017-07-26 05:00:02"
IOP,0.00024138,"2017-07-26 05:05:01"
IOP,0.000225,"2017-07-26 05:10:02"
IOP,0.000225,"2017-07-26 05:15:01"
IOP,0.000225,"2017-07-26 05:20:02"
IOP,0.000225,"2017-07-26 05:25:02"
IOP,0.000225,"2017-07-26 05:30:01"
IOP,0.000225,"2017-07-26 05:35:01"
IOP,0.000225,"2017-07-26 05:40:01"
IOP,0.000225,"2017-07-26 05:45:02"
IOP,0.000225,"2017-07-26 05:50:01"
IOP,0.000225,"2017-07-26 05:55:01"
IOP,0.000225,"2017-07-26 06:00:02"
IOP,0.00023977,"2017-07-26 06:05:01"
IOP,0.00023977,"2017-07-26 06:10:02"
IOP,0.00023977,"2017-07-26 06:15:02"
IOP,0.00023977,"2017-07-26 06:20:01"
IOP,0.00023977,"2017-07-26 06:25:02"
IOP,0.00023977,"2017-07-26 06:30:02"
IOP,0.00023977,"2017-07-26 06:35:04"
IOP,0.00023977,"2017-07-26 06:40:01"
IOP,0.00023977,"2017-07-26 06:45:01"
IOP,0.00023839,"2017-07-26 06:50:02"
IOP,0.00023839,"2017-07-26 06:55:02"
IOP,0.00023839,"2017-07-26 07:00:02"
IOP,0.00023839,"2017-07-26 07:05:01"
IOP,0.00023839,"2017-07-26 07:10:01"
IOP,0.00023839,"2017-07-26 07:15:02"
IOP,0.00023839,"2017-07-26 07:20:01"
IOP,0.00023839,"2017-07-26 07:25:02"
IOP,0.00023839,"2017-07-26 07:30:01"
IOP,0.00023839,"2017-07-26 07:35:02"
IOP,0.00023839,"2017-07-26 07:40:01"
IOP,0.00023839,"2017-07-26 07:45:01"
IOP,0.00023839,"2017-07-26 07:50:02"
IOP,0.00023839,"2017-07-26 07:55:01"
IOP,0.00023839,"2017-07-26 08:00:02"
IOP,0.00023839,"2017-07-26 08:05:01"
IOP,0.00023839,"2017-07-26 08:10:01"
IOP,0.00023523,"2017-07-26 08:15:01"
IOP,0.00023523,"2017-07-26 08:20:02"
IOP,0.00023523,"2017-07-26 08:25:01"
IOP,0.00023523,"2017-07-26 08:30:01"
IOP,0.00023523,"2017-07-26 08:35:02"
IOP,0.00023523,"2017-07-26 08:40:01"
IOP,0.00023523,"2017-07-26 08:45:01"
IOP,0.00023523,"2017-07-26 08:50:02"
IOP,0.00023523,"2017-07-26 08:55:02"
IOP,0.00023523,"2017-07-26 09:00:05"
IOP,0.00023523,"2017-07-26 09:05:01"
IOP,0.00023523,"2017-07-26 09:10:01"
IOP,0.00023523,"2017-07-26 09:15:02"
IOP,0.00023523,"2017-07-26 09:20:02"
IOP,0.00023523,"2017-07-26 09:25:01"
IOP,0.00023523,"2017-07-26 09:30:02"
IOP,0.00023523,"2017-07-26 09:35:01"
IOP,0.00023523,"2017-07-26 09:40:01"
IOP,0.00023523,"2017-07-26 09:45:01"
IOP,0.00023523,"2017-07-26 09:50:02"
IOP,0.00023523,"2017-07-26 09:55:01"
IOP,0.00023523,"2017-07-26 10:00:03"
IOP,0.00023523,"2017-07-26 10:05:02"
IOP,0.00023523,"2017-07-26 10:10:01"
IOP,0.00023523,"2017-07-26 10:15:02"
IOP,0.00023523,"2017-07-26 10:20:01"
IOP,0.00023523,"2017-07-26 10:25:02"
IOP,0.00023523,"2017-07-26 10:30:01"
IOP,0.00023523,"2017-07-26 10:35:01"
IOP,0.00023523,"2017-07-26 10:40:01"
IOP,0.00023523,"2017-07-26 10:45:01"
IOP,0.00023223,"2017-07-26 10:50:02"
IOP,0.00023223,"2017-07-26 10:55:01"
IOP,0.00023223,"2017-07-26 11:00:02"
IOP,0.00023223,"2017-07-26 11:05:01"
IOP,0.00023223,"2017-07-26 11:10:01"
IOP,0.00023223,"2017-07-26 11:15:04"
IOP,0.00023223,"2017-07-26 11:20:03"
IOP,0.00023223,"2017-07-26 11:25:02"
IOP,0.00023223,"2017-07-26 11:30:01"
IOP,0.00023223,"2017-07-26 11:35:02"
IOP,0.00023223,"2017-07-26 11:40:03"
IOP,0.00023223,"2017-07-26 11:45:02"
IOP,0.00023223,"2017-07-26 11:50:02"
IOP,0.00023223,"2017-07-26 11:55:01"
IOP,0.00023223,"2017-07-26 12:00:02"
IOP,0.00023223,"2017-07-26 12:05:02"
IOP,0.00023223,"2017-07-26 12:10:01"
IOP,0.00023223,"2017-07-26 12:15:01"
IOP,0.00023223,"2017-07-26 12:20:01"
IOP,0.00023223,"2017-07-26 12:25:02"
IOP,0.00023223,"2017-07-26 12:30:01"
IOP,0.00023223,"2017-07-26 12:35:01"
IOP,0.00023223,"2017-07-26 12:40:01"
IOP,0.00023223,"2017-07-26 12:45:02"
IOP,0.00023223,"2017-07-26 12:50:02"
IOP,0.00023223,"2017-07-26 12:55:02"
IOP,0.00023223,"2017-07-26 13:00:02"
IOP,0.00023223,"2017-07-26 13:05:02"
IOP,0.00023223,"2017-07-26 13:10:02"
IOP,0.00023223,"2017-07-26 13:15:09"
IOP,0.00022804,"2017-07-26 13:20:02"
IOP,0.00022662,"2017-07-26 13:25:01"
IOP,0.00022662,"2017-07-26 13:30:02"
IOP,0.00022662,"2017-07-26 13:35:02"
IOP,0.00022662,"2017-07-26 13:40:01"
IOP,0.00022662,"2017-07-26 13:45:01"
IOP,0.00022662,"2017-07-26 13:50:01"
IOP,0.00022862,"2017-07-26 13:55:02"
IOP,0.00022862,"2017-07-26 14:00:02"
IOP,0.00022862,"2017-07-26 14:05:02"
IOP,0.00022862,"2017-07-26 14:10:01"
IOP,0.00022862,"2017-07-26 14:15:01"
IOP,0.00022862,"2017-07-26 14:20:02"
IOP,0.00022862,"2017-07-26 14:25:02"
IOP,0.00022862,"2017-07-26 14:30:02"
IOP,0.00022862,"2017-07-26 14:35:03"
IOP,0.00022862,"2017-07-26 14:40:02"
IOP,0.00022518,"2017-07-26 14:45:01"
IOP,0.0002298,"2017-07-26 14:50:02"
IOP,0.0002298,"2017-07-26 14:55:01"
IOP,0.0002298,"2017-07-26 15:00:02"
IOP,0.0002298,"2017-07-26 15:05:01"
IOP,0.00022496,"2017-07-26 15:10:02"
IOP,0.00022244,"2017-07-26 15:15:02"
IOP,0.00022244,"2017-07-26 15:20:02"
IOP,0.00022244,"2017-07-26 15:25:01"
IOP,0.00022244,"2017-07-26 15:30:02"
IOP,0.00022244,"2017-07-26 15:35:02"
IOP,0.00022498,"2017-07-26 15:40:01"
IOP,0.0002312,"2017-07-26 15:45:01"
IOP,0.00022244,"2017-07-26 15:50:01"
IOP,0.00022244,"2017-07-26 15:55:02"
IOP,0.00022244,"2017-07-26 16:00:01"
IOP,0.0002312,"2017-07-26 16:05:01"
IOP,0.0002312,"2017-07-26 16:10:02"
IOP,0.0002312,"2017-07-26 16:15:01"
IOP,0.0002312,"2017-07-26 16:20:02"
IOP,0.0002312,"2017-07-26 16:25:01"
IOP,0.0002312,"2017-07-26 16:30:02"
IOP,0.0002312,"2017-07-26 16:35:01"
IOP,0.0002312,"2017-07-26 16:40:01"
IOP,0.0002312,"2017-07-26 16:45:02"
IOP,0.0002312,"2017-07-26 16:50:01"
IOP,0.0002312,"2017-07-26 16:55:02"
IOP,0.00024554,"2017-07-26 17:00:02"
IOP,0.00025236,"2017-07-26 17:05:03"
IOP,0.00025236,"2017-07-26 17:10:01"
IOP,0.00025236,"2017-07-26 17:15:01"
IOP,0.00025236,"2017-07-26 17:20:02"
IOP,0.00025236,"2017-07-26 17:25:02"
IOP,0.000252,"2017-07-26 17:30:01"
IOP,0.000252,"2017-07-26 17:35:02"
IOP,0.000252,"2017-07-26 17:40:01"
IOP,0.000252,"2017-07-26 17:45:02"
IOP,0.000252,"2017-07-26 17:50:02"
IOP,0.000252,"2017-07-26 17:55:01"
IOP,0.000252,"2017-07-26 18:00:02"
IOP,0.000252,"2017-07-26 18:05:02"
IOP,0.000252,"2017-07-26 18:10:01"
IOP,0.000252,"2017-07-26 18:15:02"
IOP,0.000252,"2017-07-26 18:20:01"
IOP,0.000252,"2017-07-26 18:25:02"
IOP,0.00023061,"2017-07-26 18:30:02"
IOP,0.00023068,"2017-07-26 18:35:02"
IOP,0.00023068,"2017-07-26 18:40:01"
IOP,0.00023068,"2017-07-26 18:45:01"
IOP,0.00023068,"2017-07-26 18:50:01"
IOP,0.00023068,"2017-07-26 18:55:02"
IOP,0.00023068,"2017-07-26 19:00:02"
IOP,0.00023068,"2017-07-26 19:05:02"
IOP,0.00023068,"2017-07-26 19:10:02"
IOP,0.00023068,"2017-07-26 19:15:02"
IOP,0.00023068,"2017-07-26 19:20:02"
IOP,0.00023262,"2017-07-26 19:25:03"
IOP,0.00023262,"2017-07-26 19:30:02"
IOP,0.00023262,"2017-07-26 19:35:01"
IOP,0.00023262,"2017-07-26 19:40:04"
IOP,0.00023262,"2017-07-26 19:45:01"
IOP,0.00023262,"2017-07-26 19:50:02"
IOP,0.00023262,"2017-07-26 19:55:01"
IOP,0.00023262,"2017-07-26 20:00:02"
IOP,0.00023262,"2017-07-26 20:05:01"
IOP,0.00023262,"2017-07-26 20:10:02"
IOP,0.00023262,"2017-07-26 20:15:03"
IOP,0.00023262,"2017-07-26 20:20:01"
IOP,0.00023262,"2017-07-26 20:25:01"
IOP,0.00023262,"2017-07-26 20:30:02"
IOP,0.00025198,"2017-07-26 20:35:02"
IOP,0.00025198,"2017-07-26 20:40:01"
IOP,0.00025198,"2017-07-26 20:45:02"
IOP,0.00025198,"2017-07-26 20:50:02"
IOP,0.00025198,"2017-07-26 20:55:01"
IOP,0.00025198,"2017-07-26 21:00:02"
IOP,0.00025198,"2017-07-26 21:05:01"
IOP,0.00025198,"2017-07-26 21:10:02"
IOP,0.00025198,"2017-07-26 21:15:04"
IOP,0.00025156,"2017-07-26 21:20:01"
IOP,0.00025156,"2017-07-26 21:25:01"
IOP,0.00025156,"2017-07-26 21:30:02"
IOP,0.00025156,"2017-07-26 21:35:01"
IOP,0.00025156,"2017-07-26 21:40:01"
IOP,0.00025156,"2017-07-26 21:45:02"
IOP,0.00025156,"2017-07-26 21:50:01"
IOP,0.00025156,"2017-07-26 21:55:01"
IOP,0.00025156,"2017-07-26 22:00:02"
IOP,0.00025156,"2017-07-26 22:05:01"
IOP,0.00025156,"2017-07-26 22:10:05"
IOP,0.00025156,"2017-07-26 22:15:01"
IOP,0.00025156,"2017-07-26 22:20:02"
IOP,0.00025156,"2017-07-26 22:25:01"
IOP,0.00025156,"2017-07-26 22:30:01"
IOP,0.00025156,"2017-07-26 22:35:02"
IOP,0.00024998,"2017-07-26 22:40:03"
IOP,0.00024998,"2017-07-26 22:45:01"
IOP,0.00024998,"2017-07-26 22:50:01"
IOP,0.00024998,"2017-07-26 22:55:02"
IOP,0.00024084,"2017-07-26 23:00:01"
IOP,0.00024084,"2017-07-26 23:05:02"
IOP,0.00024084,"2017-07-26 23:10:02"
IOP,0.00023201,"2017-07-26 23:15:01"
IOP,0.00023201,"2017-07-26 23:20:02"
IOP,0.00023201,"2017-07-26 23:25:01"
IOP,0.00023201,"2017-07-26 23:30:01"
IOP,0.00023201,"2017-07-26 23:35:02"
IOP,0.00023201,"2017-07-26 23:40:01"
IOP,0.00023285,"2017-07-26 23:45:01"
IOP,0.00023285,"2017-07-26 23:50:01"
IOP,0.00023285,"2017-07-26 23:55:01"
IOP,0.00023285,"2017-07-27 00:00:02"
IOP,0.00023285,"2017-07-27 00:05:01"
IOP,0.00023285,"2017-07-27 00:10:02"
IOP,0.00023603,"2017-07-27 00:15:01"
IOP,0.00023603,"2017-07-27 00:20:02"
IOP,0.00024991,"2017-07-27 00:25:04"
IOP,0.00024991,"2017-07-27 00:30:02"
IOP,0.00024991,"2017-07-27 00:35:02"
IOP,0.00024991,"2017-07-27 00:40:01"
IOP,0.00024991,"2017-07-27 00:45:01"
IOP,0.00024991,"2017-07-27 00:50:01"
IOP,0.00024967,"2017-07-27 00:55:01"
IOP,0.00024967,"2017-07-27 01:00:02"
IOP,0.00024967,"2017-07-27 01:05:01"
IOP,0.00024967,"2017-07-27 01:10:02"
IOP,0.00024967,"2017-07-27 01:15:02"
IOP,0.00024973,"2017-07-27 01:20:02"
IOP,0.00024973,"2017-07-27 01:25:02"
IOP,0.00024973,"2017-07-27 01:30:02"
IOP,0.00024973,"2017-07-27 01:35:01"
IOP,0.00024973,"2017-07-27 01:40:01"
IOP,0.00024973,"2017-07-27 01:45:01"
IOP,0.00024973,"2017-07-27 01:50:05"
IOP,0.00024967,"2017-07-27 01:55:01"
IOP,0.00024967,"2017-07-27 02:00:01"
IOP,0.00024967,"2017-07-27 02:05:02"
IOP,0.00024967,"2017-07-27 02:10:02"
IOP,0.00024967,"2017-07-27 02:15:01"
IOP,0.00024967,"2017-07-27 02:20:01"
IOP,0.00024967,"2017-07-27 02:25:01"
IOP,0.00024967,"2017-07-27 02:30:01"
IOP,0.00024967,"2017-07-27 02:35:02"
IOP,0.00024967,"2017-07-27 02:40:01"
IOP,0.00024967,"2017-07-27 02:45:09"
IOP,0.00024967,"2017-07-27 02:50:02"
IOP,0.00024967,"2017-07-27 02:55:02"
IOP,0.00024967,"2017-07-27 03:00:02"
IOP,0.00024967,"2017-07-27 03:05:02"
IOP,0.00024967,"2017-07-27 03:10:01"
IOP,0.00024967,"2017-07-27 03:15:01"
IOP,0.00024967,"2017-07-27 03:20:01"
IOP,0.00024967,"2017-07-27 03:25:01"
IOP,0.00024967,"2017-07-27 03:30:02"
IOP,0.00024967,"2017-07-27 03:35:01"
IOP,0.00024967,"2017-07-27 03:40:01"
IOP,0.00024967,"2017-07-27 03:45:01"
IOP,0.00023632,"2017-07-27 03:50:01"
IOP,0.00023657,"2017-07-27 03:55:02"
IOP,0.00023667,"2017-07-27 04:00:02"
IOP,0.0002367,"2017-07-27 04:05:03"
IOP,0.0002367,"2017-07-27 04:10:02"
IOP,0.0002367,"2017-07-27 04:15:02"
IOP,0.0002367,"2017-07-27 04:20:01"
IOP,0.0002367,"2017-07-27 04:25:02"
IOP,0.0002367,"2017-07-27 04:30:02"
IOP,0.0002367,"2017-07-27 04:35:01"
IOP,0.0002367,"2017-07-27 04:40:02"
IOP,0.0002367,"2017-07-27 04:45:01"
IOP,0.0002367,"2017-07-27 04:50:02"
IOP,0.0002367,"2017-07-27 04:55:02"
IOP,0.0002367,"2017-07-27 05:00:04"
IOP,0.0002367,"2017-07-27 05:05:02"
IOP,0.0002367,"2017-07-27 05:10:01"
IOP,0.0002367,"2017-07-27 05:15:02"
IOP,0.0002367,"2017-07-27 05:20:03"
IOP,0.0002367,"2017-07-27 05:25:01"
IOP,0.00023457,"2017-07-27 05:30:02"
IOP,0.00023194,"2017-07-27 05:35:02"
IOP,0.00023194,"2017-07-27 05:40:01"
IOP,0.00023194,"2017-07-27 05:45:01"
IOP,0.00023194,"2017-07-27 05:50:02"
IOP,0.00023194,"2017-07-27 05:55:01"
IOP,0.00023194,"2017-07-27 06:00:02"
IOP,0.00023194,"2017-07-27 06:05:01"
IOP,0.00023194,"2017-07-27 06:10:02"
IOP,0.00023194,"2017-07-27 06:15:02"
IOP,0.00023194,"2017-07-27 06:20:02"
IOP,0.00023194,"2017-07-27 06:25:01"
IOP,0.00023194,"2017-07-27 06:30:02"
IOP,0.00023194,"2017-07-27 06:35:02"
IOP,0.00023194,"2017-07-27 06:40:01"
IOP,0.00023194,"2017-07-27 06:45:02"
IOP,0.00023194,"2017-07-27 06:50:01"
IOP,0.00023194,"2017-07-27 06:55:02"
IOP,0.00023194,"2017-07-27 07:00:02"
IOP,0.00023194,"2017-07-27 07:05:01"
IOP,0.00023194,"2017-07-27 07:10:01"
IOP,0.00023194,"2017-07-27 07:15:01"
IOP,0.00023194,"2017-07-27 07:20:02"
IOP,0.00023194,"2017-07-27 07:25:02"
IOP,0.00023194,"2017-07-27 07:30:01"
IOP,0.00023194,"2017-07-27 07:35:01"
IOP,0.00023194,"2017-07-27 07:40:01"
IOP,0.00023194,"2017-07-27 07:45:02"
IOP,0.00023194,"2017-07-27 07:50:02"
IOP,0.0002367,"2017-07-27 07:55:02"
IOP,0.0002367,"2017-07-27 08:00:03"
IOP,0.0002367,"2017-07-27 08:05:01"
IOP,0.00024966,"2017-07-27 08:10:04"
IOP,0.00024966,"2017-07-27 08:15:01"
IOP,0.00024966,"2017-07-27 08:20:02"
IOP,0.00024966,"2017-07-27 08:25:01"
IOP,0.00024966,"2017-07-27 08:30:02"
IOP,0.00024966,"2017-07-27 08:35:01"
IOP,0.00024966,"2017-07-27 08:40:02"
IOP,0.00024966,"2017-07-27 08:45:01"
IOP,0.00024966,"2017-07-27 08:50:02"
IOP,0.00024966,"2017-07-27 08:55:02"
IOP,0.00024966,"2017-07-27 09:00:01"
IOP,0.00024966,"2017-07-27 09:05:02"
IOP,0.00024966,"2017-07-27 09:10:01"
IOP,0.00024966,"2017-07-27 09:15:01"
IOP,0.00024966,"2017-07-27 09:20:02"
IOP,0.00023927,"2017-07-27 09:25:01"
IOP,0.00023927,"2017-07-27 09:30:02"
IOP,0.00023927,"2017-07-27 09:35:01"
IOP,0.00023927,"2017-07-27 09:40:02"
IOP,0.00024879,"2017-07-27 09:45:01"
IOP,0.00024879,"2017-07-27 09:50:02"
IOP,0.00024879,"2017-07-27 09:55:02"
IOP,0.00024879,"2017-07-27 10:00:01"
IOP,0.00024879,"2017-07-27 10:05:01"
IOP,0.00024879,"2017-07-27 10:10:01"
IOP,0.00024879,"2017-07-27 10:15:01"
IOP,0.00024879,"2017-07-27 10:20:02"
IOP,0.00024879,"2017-07-27 10:25:01"
IOP,0.00024879,"2017-07-27 10:30:02"
IOP,0.00024879,"2017-07-27 10:35:01"
IOP,0.00024879,"2017-07-27 10:40:05"
IOP,0.00024879,"2017-07-27 10:45:01"
IOP,0.00024879,"2017-07-27 10:50:01"
IOP,0.00024879,"2017-07-27 10:55:01"
IOP,0.00024879,"2017-07-27 11:00:02"
IOP,0.00024879,"2017-07-27 11:05:01"
IOP,0.00024879,"2017-07-27 11:10:02"
IOP,0.00024879,"2017-07-27 11:15:02"
IOP,0.00024879,"2017-07-27 11:20:01"
IOP,0.00024879,"2017-07-27 11:25:01"
IOP,0.00024879,"2017-07-27 11:30:02"
IOP,0.00024879,"2017-07-27 11:35:02"
IOP,0.00024879,"2017-07-27 11:40:02"
IOP,0.00024879,"2017-07-27 11:45:02"
IOP,0.00024879,"2017-07-27 11:50:01"
IOP,0.00024879,"2017-07-27 11:55:02"
IOP,0.00024879,"2017-07-27 12:00:02"
IOP,0.00024879,"2017-07-27 12:05:01"
IOP,0.00024879,"2017-07-27 12:10:05"
IOP,0.00024879,"2017-07-27 12:15:02"
IOP,0.00024879,"2017-07-27 12:20:05"
IOP,0.00024879,"2017-07-27 12:25:02"
IOP,0.00024879,"2017-07-27 12:30:02"
IOP,0.00024879,"2017-07-27 12:35:02"
IOP,0.00024879,"2017-07-27 12:40:01"
IOP,0.00024879,"2017-07-27 12:45:01"
IOP,0.0002487,"2017-07-27 12:50:02"
IOP,0.0002487,"2017-07-27 12:55:02"
IOP,0.0002487,"2017-07-27 13:00:01"
IOP,0.0002487,"2017-07-27 13:05:02"
IOP,0.0002487,"2017-07-27 13:10:02"
IOP,0.0002487,"2017-07-27 13:15:01"
IOP,0.0002487,"2017-07-27 13:20:02"
IOP,0.0002487,"2017-07-27 13:25:01"
IOP,0.0002487,"2017-07-27 13:30:02"
IOP,0.0002487,"2017-07-27 13:35:02"
IOP,0.0002487,"2017-07-27 13:40:03"
IOP,0.0002487,"2017-07-27 13:45:01"
IOP,0.0002487,"2017-07-27 13:50:01"
IOP,0.0002487,"2017-07-27 13:55:01"
IOP,0.0002487,"2017-07-27 14:00:03"
IOP,0.0002487,"2017-07-27 14:05:01"
IOP,0.0002487,"2017-07-27 14:10:01"
IOP,0.0002487,"2017-07-27 14:15:01"
IOP,0.0002487,"2017-07-27 14:20:02"
IOP,0.0002487,"2017-07-27 14:25:02"
IOP,0.0002487,"2017-07-27 14:30:02"
IOP,0.0002487,"2017-07-27 14:35:01"
IOP,0.0002488,"2017-07-27 14:40:02"
IOP,0.0002488,"2017-07-27 14:45:02"
IOP,0.00023828,"2017-07-27 14:50:02"
IOP,0.00023828,"2017-07-27 14:55:01"
IOP,0.00023828,"2017-07-27 15:00:02"
IOP,0.00023828,"2017-07-27 15:05:01"
IOP,0.00023828,"2017-07-27 15:10:01"
IOP,0.00023828,"2017-07-27 15:15:05"
IOP,0.00023828,"2017-07-27 15:20:01"
IOP,0.00023828,"2017-07-27 15:25:01"
IOP,0.00023951,"2017-07-27 15:30:02"
IOP,0.00023951,"2017-07-27 15:35:02"
IOP,0.00023951,"2017-07-27 15:40:01"
IOP,0.00023951,"2017-07-27 15:45:01"
IOP,0.00023951,"2017-07-27 15:50:01"
IOP,0.00023951,"2017-07-27 15:55:01"
IOP,0.00023951,"2017-07-27 16:00:01"
IOP,0.00023951,"2017-07-27 16:05:02"
IOP,0.00023951,"2017-07-27 16:10:02"
IOP,0.00023951,"2017-07-27 16:15:01"
IOP,0.00024917,"2017-07-27 16:20:01"
IOP,0.00024917,"2017-07-27 16:25:02"
IOP,0.00024917,"2017-07-27 16:30:05"
IOP,0.00024917,"2017-07-27 16:35:04"
IOP,0.00024917,"2017-07-27 16:40:01"
IOP,0.00024917,"2017-07-27 16:45:03"
IOP,0.00024917,"2017-07-27 16:50:02"
IOP,0.00024917,"2017-07-27 16:55:01"
IOP,0.00023882,"2017-07-27 17:00:01"
IOP,0.00023882,"2017-07-27 17:05:01"
IOP,0.00023882,"2017-07-27 17:10:02"
IOP,0.00023882,"2017-07-27 17:15:02"
IOP,0.00024948,"2017-07-27 17:20:01"
IOP,0.00024948,"2017-07-27 17:25:02"
IOP,0.00024948,"2017-07-27 17:30:02"
IOP,0.00024948,"2017-07-27 17:35:01"
IOP,0.00024948,"2017-07-27 17:40:01"
IOP,0.00024948,"2017-07-27 17:45:02"
IOP,0.00024948,"2017-07-27 17:50:02"
IOP,0.00024948,"2017-07-27 17:55:03"
IOP,0.00024948,"2017-07-27 18:00:02"
IOP,0.00024947,"2017-07-27 18:05:01"
IOP,0.00024947,"2017-07-27 18:10:02"
IOP,0.00024947,"2017-07-27 18:15:01"
IOP,0.00024947,"2017-07-27 18:20:03"
IOP,0.00024947,"2017-07-27 18:25:01"
IOP,0.00024096,"2017-07-27 18:30:01"
IOP,0.00024096,"2017-07-27 18:35:02"
IOP,0.00024096,"2017-07-27 18:40:02"
IOP,0.00024096,"2017-07-27 18:45:01"
IOP,0.00024096,"2017-07-27 18:50:02"
IOP,0.00024096,"2017-07-27 18:55:01"
IOP,0.00023827,"2017-07-27 19:00:02"
IOP,0.00023827,"2017-07-27 19:05:01"
IOP,0.00023827,"2017-07-27 19:10:01"
IOP,0.00023827,"2017-07-27 19:15:02"
IOP,0.00023827,"2017-07-27 19:20:01"
IOP,0.00023827,"2017-07-27 19:25:01"
IOP,0.00023827,"2017-07-27 19:30:02"
IOP,0.00023827,"2017-07-27 19:35:01"
IOP,0.00023827,"2017-07-27 19:40:01"
IOP,0.00023827,"2017-07-27 19:45:01"
IOP,0.00023827,"2017-07-27 19:50:02"
IOP,0.00023827,"2017-07-27 19:55:01"
IOP,0.00023827,"2017-07-27 20:00:02"
IOP,0.00023827,"2017-07-27 20:05:02"
IOP,0.00023827,"2017-07-27 20:10:01"
IOP,0.00023827,"2017-07-27 20:15:01"
IOP,0.00023827,"2017-07-27 20:20:01"
IOP,0.00023827,"2017-07-27 20:25:01"
IOP,0.00023827,"2017-07-27 20:30:02"
IOP,0.00023827,"2017-07-27 20:35:02"
IOP,0.00023827,"2017-07-27 20:40:01"
IOP,0.00023827,"2017-07-27 20:45:01"
IOP,0.00023827,"2017-07-27 20:50:02"
IOP,0.00023827,"2017-07-27 20:55:02"
IOP,0.00023827,"2017-07-27 21:00:01"
IOP,0.00023827,"2017-07-27 21:05:01"
IOP,0.00023877,"2017-07-27 21:10:01"
IOP,0.00023877,"2017-07-27 21:15:02"
IOP,0.00023877,"2017-07-27 21:20:01"
IOP,0.00023877,"2017-07-27 21:25:02"
IOP,0.00023877,"2017-07-27 21:30:02"
IOP,0.00024673,"2017-07-27 21:35:01"
IOP,0.00024673,"2017-07-27 21:40:01"
IOP,0.00024673,"2017-07-27 21:45:02"
IOP,0.00023853,"2017-07-27 21:50:02"
IOP,0.00023853,"2017-07-27 21:55:01"
IOP,0.00025199,"2017-07-27 22:00:01"
IOP,0.0002517,"2017-07-27 22:05:01"
IOP,0.000234,"2017-07-27 22:10:02"
IOP,0.0002365,"2017-07-27 22:15:04"
IOP,0.0002482,"2017-07-27 22:20:01"
IOP,0.0002482,"2017-07-27 22:25:02"
IOP,0.00022005,"2017-07-27 22:30:02"
IOP,0.00022896,"2017-07-27 22:35:01"
IOP,0.0002331,"2017-07-27 22:40:01"
IOP,0.0002331,"2017-07-27 22:45:02"
IOP,0.00023292,"2017-07-27 22:50:01"
IOP,0.00023292,"2017-07-27 22:55:01"
IOP,0.00023275,"2017-07-27 23:00:02"
IOP,0.00023249,"2017-07-27 23:05:02"
IOP,0.00023249,"2017-07-27 23:10:01"
IOP,0.00023211,"2017-07-27 23:15:01"
IOP,0.00023211,"2017-07-27 23:20:02"
IOP,0.00023211,"2017-07-27 23:25:02"
IOP,0.00023211,"2017-07-27 23:30:02"
IOP,0.00023211,"2017-07-27 23:35:01"
IOP,0.00023211,"2017-07-27 23:40:02"
IOP,0.00023211,"2017-07-27 23:45:02"
IOP,0.00023211,"2017-07-27 23:50:01"
IOP,0.00023211,"2017-07-27 23:55:01"
IOP,0.00023211,"2017-07-28 00:00:01"
IOP,0.00023211,"2017-07-28 00:05:02"
IOP,0.00023211,"2017-07-28 00:10:01"
IOP,0.00023211,"2017-07-28 00:15:02"
IOP,0.00023211,"2017-07-28 00:20:02"
IOP,0.00022897,"2017-07-28 00:25:06"
IOP,0.00022897,"2017-07-28 00:30:02"
IOP,0.00022897,"2017-07-28 00:35:01"
IOP,0.00022897,"2017-07-28 00:40:01"
IOP,0.00022897,"2017-07-28 00:45:02"
IOP,0.00022897,"2017-07-28 00:50:01"
IOP,0.00022215,"2017-07-28 00:55:01"
IOP,0.00022215,"2017-07-28 01:00:02"
IOP,0.00022215,"2017-07-28 01:05:01"
IOP,0.00022215,"2017-07-28 01:10:01"
IOP,0.00022215,"2017-07-28 01:15:01"
IOP,0.00022205,"2017-07-28 01:20:02"
IOP,0.00022205,"2017-07-28 01:25:01"
IOP,0.00022205,"2017-07-28 01:30:04"
IOP,0.00022205,"2017-07-28 01:35:01"
IOP,0.00022205,"2017-07-28 01:40:02"
IOP,0.00022205,"2017-07-28 01:45:02"
IOP,0.0002298,"2017-07-28 01:50:02"
IOP,0.0002298,"2017-07-28 01:55:02"
IOP,0.0002298,"2017-07-28 02:00:01"
IOP,0.0002298,"2017-07-28 02:05:01"
IOP,0.0002298,"2017-07-28 02:10:02"
IOP,0.0002298,"2017-07-28 02:15:01"
IOP,0.0002298,"2017-07-28 02:20:02"
IOP,0.00021809,"2017-07-28 02:25:02"
IOP,0.00021809,"2017-07-28 02:30:01"
IOP,0.00021809,"2017-07-28 02:35:01"
IOP,0.00021809,"2017-07-28 02:40:01"
IOP,0.00021809,"2017-07-28 02:45:01"
IOP,0.00021809,"2017-07-28 02:50:02"
IOP,0.00021809,"2017-07-28 02:55:01"
IOP,0.00021809,"2017-07-28 03:00:01"
IOP,0.00021809,"2017-07-28 03:05:01"
IOP,0.00021809,"2017-07-28 03:10:02"
IOP,0.00021809,"2017-07-28 03:15:02"
IOP,0.00021809,"2017-07-28 03:20:03"
IOP,0.00021809,"2017-07-28 03:25:01"
IOP,0.00021809,"2017-07-28 03:30:02"
IOP,0.00021809,"2017-07-28 03:35:01"
IOP,0.00021809,"2017-07-28 03:40:02"
IOP,0.00021809,"2017-07-28 03:45:01"
IOP,0.00021809,"2017-07-28 03:50:01"
IOP,0.00021809,"2017-07-28 03:55:02"
IOP,0.00021809,"2017-07-28 04:00:02"
IOP,0.00021809,"2017-07-28 04:05:02"
IOP,0.00021809,"2017-07-28 04:10:01"
IOP,0.00021809,"2017-07-28 04:15:02"
IOP,0.00021809,"2017-07-28 04:20:02"
IOP,0.00021809,"2017-07-28 04:25:02"
IOP,0.0002181,"2017-07-28 04:30:02"
IOP,0.0002181,"2017-07-28 04:35:01"
IOP,0.0002181,"2017-07-28 04:40:02"
IOP,0.0002181,"2017-07-28 04:45:05"
IOP,0.0002181,"2017-07-28 04:50:01"
IOP,0.0002181,"2017-07-28 04:55:01"
IOP,0.0002181,"2017-07-28 05:00:03"
IOP,0.0002181,"2017-07-28 05:05:02"
IOP,0.0002181,"2017-07-28 05:10:01"
IOP,0.00021809,"2017-07-28 05:15:01"
IOP,0.00021809,"2017-07-28 05:20:02"
IOP,0.00021809,"2017-07-28 05:25:01"
IOP,0.00021809,"2017-07-28 05:30:02"
IOP,0.00021809,"2017-07-28 05:35:01"
IOP,0.00021809,"2017-07-28 05:40:01"
IOP,0.00021809,"2017-07-28 05:45:02"
IOP,0.00021809,"2017-07-28 05:50:01"
IOP,0.00021809,"2017-07-28 05:55:02"
IOP,0.00021809,"2017-07-28 06:00:01"
IOP,0.00021809,"2017-07-28 06:05:01"
IOP,0.00021809,"2017-07-28 06:10:02"
IOP,0.00021809,"2017-07-28 06:15:01"
IOP,0.00021809,"2017-07-28 06:20:01"
IOP,0.00021809,"2017-07-28 06:25:02"
IOP,0.00022149,"2017-07-28 06:30:03"
IOP,0.00022149,"2017-07-28 06:35:01"
IOP,0.00022149,"2017-07-28 06:40:03"
IOP,0.00022149,"2017-07-28 06:45:01"
IOP,0.00022149,"2017-07-28 06:50:01"
IOP,0.00022149,"2017-07-28 06:55:02"
IOP,0.00022149,"2017-07-28 07:00:02"
IOP,0.00022149,"2017-07-28 07:05:01"
IOP,0.00022149,"2017-07-28 07:10:01"
IOP,0.00022149,"2017-07-28 07:15:02"
IOP,0.00022149,"2017-07-28 07:20:02"
IOP,0.00022149,"2017-07-28 07:25:02"
IOP,0.00022149,"2017-07-28 07:30:02"
IOP,0.00022149,"2017-07-28 07:35:01"
IOP,0.00022149,"2017-07-28 07:40:02"
IOP,0.00022149,"2017-07-28 07:45:02"
IOP,0.00022149,"2017-07-28 07:50:02"
IOP,0.00022149,"2017-07-28 07:55:02"
IOP,0.00022149,"2017-07-28 08:00:01"
IOP,0.00022097,"2017-07-28 08:05:01"
IOP,0.00022097,"2017-07-28 08:10:01"
IOP,0.00021809,"2017-07-28 08:15:01"
IOP,0.00021809,"2017-07-28 08:20:01"
IOP,0.00021809,"2017-07-28 08:25:01"
IOP,0.00021809,"2017-07-28 08:30:01"
IOP,0.00021809,"2017-07-28 08:35:02"
IOP,0.00021809,"2017-07-28 08:40:01"
IOP,0.00021809,"2017-07-28 08:45:02"
IOP,0.00021862,"2017-07-28 08:50:02"
IOP,0.00021808,"2017-07-28 08:55:01"
IOP,0.00021808,"2017-07-28 09:00:02"
IOP,0.00021808,"2017-07-28 09:05:02"
IOP,0.00021808,"2017-07-28 09:10:02"
IOP,0.00021808,"2017-07-28 09:15:02"
IOP,0.00021808,"2017-07-28 09:20:03"
IOP,0.00021808,"2017-07-28 09:25:02"
IOP,0.00021808,"2017-07-28 09:30:01"
IOP,0.00021808,"2017-07-28 09:35:01"
IOP,0.00021808,"2017-07-28 09:40:02"
IOP,0.00021808,"2017-07-28 09:45:02"
IOP,0.00021808,"2017-07-28 09:50:01"
IOP,0.00021808,"2017-07-28 09:55:01"
IOP,0.00021808,"2017-07-28 10:00:02"
IOP,0.00021809,"2017-07-28 10:05:01"
IOP,0.00021809,"2017-07-28 10:10:02"
IOP,0.00021809,"2017-07-28 10:15:01"
IOP,0.00021809,"2017-07-28 10:20:01"
IOP,0.00022023,"2017-07-28 10:25:03"
IOP,0.00022023,"2017-07-28 10:30:01"
IOP,0.00022061,"2017-07-28 10:35:02"
IOP,0.00022061,"2017-07-28 10:40:01"
IOP,0.00022061,"2017-07-28 10:45:01"
IOP,0.00022061,"2017-07-28 10:50:02"
IOP,0.00022061,"2017-07-28 10:55:02"
IOP,0.00022061,"2017-07-28 11:00:02"
IOP,0.00022061,"2017-07-28 11:05:01"
IOP,0.00022061,"2017-07-28 11:10:02"
IOP,0.00022061,"2017-07-28 11:15:02"
IOP,0.00022061,"2017-07-28 11:20:01"
IOP,0.00021809,"2017-07-28 11:25:02"
IOP,0.00021809,"2017-07-28 11:30:03"
IOP,0.00021809,"2017-07-28 11:35:01"
IOP,0.00021809,"2017-07-28 11:40:01"
IOP,0.00021809,"2017-07-28 11:45:01"
IOP,0.00021809,"2017-07-28 11:50:01"
IOP,0.00021809,"2017-07-28 11:55:01"
IOP,0.00021809,"2017-07-28 12:00:02"
IOP,0.00021809,"2017-07-28 12:05:01"
IOP,0.00021809,"2017-07-28 12:10:02"
IOP,0.00021809,"2017-07-28 12:15:01"
IOP,0.00021809,"2017-07-28 12:20:02"
IOP,0.00021809,"2017-07-28 12:25:01"
IOP,0.00021809,"2017-07-28 12:30:01"
IOP,0.00021809,"2017-07-28 12:35:01"
IOP,0.00021809,"2017-07-28 12:40:02"
IOP,0.00021809,"2017-07-28 12:45:01"
IOP,0.00021809,"2017-07-28 12:50:02"
IOP,0.00021809,"2017-07-28 12:55:02"
IOP,0.00021809,"2017-07-28 13:00:03"
IOP,0.00021809,"2017-07-28 13:05:01"
IOP,0.00021809,"2017-07-28 13:10:01"
IOP,0.00021809,"2017-07-28 13:15:02"
IOP,0.00021809,"2017-07-28 13:20:02"
IOP,0.00021809,"2017-07-28 13:25:02"
IOP,0.00021809,"2017-07-28 13:30:02"
IOP,0.00021809,"2017-07-28 13:35:01"
IOP,0.00021809,"2017-07-28 13:40:02"
IOP,0.00021809,"2017-07-28 13:45:02"
IOP,0.00021726,"2017-07-28 13:50:01"
IOP,0.00021726,"2017-07-28 13:55:08"
IOP,0.00021722,"2017-07-28 14:00:01"
IOP,0.00021722,"2017-07-28 14:05:01"
IOP,0.00021722,"2017-07-28 14:10:02"
IOP,0.00021722,"2017-07-28 14:15:01"
IOP,0.00021722,"2017-07-28 14:20:01"
IOP,0.00021722,"2017-07-28 14:25:01"
IOP,0.00021722,"2017-07-28 14:30:02"
IOP,0.00021722,"2017-07-28 14:35:02"
IOP,0.00021611,"2017-07-28 14:40:04"
IOP,0.00021308,"2017-07-28 14:45:01"
IOP,0.00021308,"2017-07-28 14:50:02"
IOP,0.00021308,"2017-07-28 14:55:01"
IOP,0.00021308,"2017-07-28 15:00:02"
IOP,0.00021308,"2017-07-28 15:05:02"
IOP,0.00021308,"2017-07-28 15:10:01"
IOP,0.00021309,"2017-07-28 15:15:02"
IOP,0.00021309,"2017-07-28 15:20:02"
IOP,0.00021309,"2017-07-28 15:25:02"
IOP,0.00021309,"2017-07-28 15:30:02"
IOP,0.00021309,"2017-07-28 15:35:02"
IOP,0.00021309,"2017-07-28 15:40:02"
IOP,0.00021309,"2017-07-28 15:45:02"
IOP,0.00021309,"2017-07-28 15:50:01"
IOP,0.00021309,"2017-07-28 15:55:01"
IOP,0.00021309,"2017-07-28 16:00:02"
IOP,0.00021309,"2017-07-28 16:05:08"
IOP,0.00021309,"2017-07-28 16:10:02"
IOP,0.00021309,"2017-07-28 16:15:02"
IOP,0.00021309,"2017-07-28 16:20:01"
IOP,0.00021309,"2017-07-28 16:25:01"
IOP,0.00021309,"2017-07-28 16:30:02"
IOP,0.00021309,"2017-07-28 16:35:02"
IOP,0.00021309,"2017-07-28 16:40:01"
IOP,0.00021309,"2017-07-28 16:45:02"
IOP,0.00021309,"2017-07-28 16:50:01"
IOP,0.00021309,"2017-07-28 16:55:01"
IOP,0.00021309,"2017-07-28 17:00:01"
IOP,0.00021309,"2017-07-28 17:05:01"
IOP,0.00021309,"2017-07-28 17:10:01"
IOP,0.00021309,"2017-07-28 17:15:02"
IOP,0.00021309,"2017-07-28 17:20:01"
IOP,0.00021309,"2017-07-28 17:25:02"
IOP,0.00021309,"2017-07-28 17:30:05"
IOP,0.00021309,"2017-07-28 17:35:02"
IOP,0.00021309,"2017-07-28 17:40:01"
IOP,0.00021309,"2017-07-28 17:45:01"
IOP,0.00021309,"2017-07-28 17:50:01"
IOP,0.00021309,"2017-07-28 17:55:01"
IOP,0.00021309,"2017-07-28 18:00:01"
IOP,0.0002206,"2017-07-28 18:05:01"
IOP,0.00021319,"2017-07-28 18:10:10"
IOP,0.00021319,"2017-07-28 18:15:01"
IOP,0.00021319,"2017-07-28 18:20:01"
IOP,0.00021319,"2017-07-28 18:25:02"
IOP,0.00021319,"2017-07-28 18:30:02"
IOP,0.0002134,"2017-07-28 18:35:01"
IOP,0.0002134,"2017-07-28 18:40:01"
IOP,0.0002134,"2017-07-28 18:45:02"
IOP,0.00021325,"2017-07-28 18:50:01"
IOP,0.00021325,"2017-07-28 18:55:02"
IOP,0.00021325,"2017-07-28 19:00:03"
IOP,0.00021325,"2017-07-28 19:05:01"
IOP,0.00021325,"2017-07-28 19:10:01"
IOP,0.00021325,"2017-07-28 19:15:03"
IOP,0.00021325,"2017-07-28 19:20:02"
IOP,0.00021325,"2017-07-28 19:25:01"
IOP,0.00021325,"2017-07-28 19:30:07"
IOP,0.00021325,"2017-07-28 19:35:01"
IOP,0.00021325,"2017-07-28 19:40:01"
IOP,0.00021325,"2017-07-28 19:45:01"
IOP,0.00021325,"2017-07-28 19:50:02"
IOP,0.00021325,"2017-07-28 19:55:01"
IOP,0.00021325,"2017-07-28 20:00:02"
IOP,0.00021325,"2017-07-28 20:05:01"
IOP,0.00021325,"2017-07-28 20:10:01"
IOP,0.00021325,"2017-07-28 20:15:01"
IOP,0.00021325,"2017-07-28 20:20:01"
IOP,0.00021325,"2017-07-28 20:25:01"
IOP,0.00021325,"2017-07-28 20:30:02"
IOP,0.00021325,"2017-07-28 20:35:01"
IOP,0.00021325,"2017-07-28 20:40:01"
IOP,0.00021325,"2017-07-28 20:45:01"
IOP,0.00021325,"2017-07-28 20:50:02"
IOP,0.00021325,"2017-07-28 20:55:01"
IOP,0.00021325,"2017-07-28 21:00:01"
IOP,0.00021325,"2017-07-28 21:05:01"
IOP,0.00021325,"2017-07-28 21:10:02"
IOP,0.00021325,"2017-07-28 21:15:01"
IOP,0.00021325,"2017-07-28 21:20:02"
IOP,0.00021325,"2017-07-28 21:25:02"
IOP,0.00021325,"2017-07-28 21:30:06"
IOP,0.00021325,"2017-07-28 21:35:01"
IOP,0.00021325,"2017-07-28 21:40:02"
IOP,0.00021325,"2017-07-28 21:45:02"
IOP,0.00021325,"2017-07-28 21:50:01"
IOP,0.00021325,"2017-07-28 21:55:01"
IOP,0.00023352,"2017-07-28 22:00:01"
IOP,0.00023352,"2017-07-28 22:05:02"
IOP,0.00023352,"2017-07-28 22:10:02"
IOP,0.00023352,"2017-07-28 22:15:02"
IOP,0.00023352,"2017-07-28 22:20:01"
IOP,0.00023352,"2017-07-28 22:25:02"
IOP,0.00023352,"2017-07-28 22:30:02"
IOP,0.00023352,"2017-07-28 22:35:01"
IOP,0.00023352,"2017-07-28 22:40:02"
IOP,0.00023352,"2017-07-28 22:45:02"
IOP,0.00023352,"2017-07-28 22:50:02"
IOP,0.00023352,"2017-07-28 22:55:02"
IOP,0.0002272,"2017-07-28 23:00:01"
IOP,0.0002272,"2017-07-28 23:05:01"
IOP,0.0002272,"2017-07-28 23:10:01"
IOP,0.0002272,"2017-07-28 23:15:02"
IOP,0.0002272,"2017-07-28 23:20:01"
IOP,0.0002272,"2017-07-28 23:25:01"
IOP,0.0002272,"2017-07-28 23:30:02"
IOP,0.0002272,"2017-07-28 23:35:01"
IOP,0.0002272,"2017-07-28 23:40:01"
IOP,0.0002272,"2017-07-28 23:45:01"
IOP,0.00021309,"2017-07-28 23:50:01"
IOP,0.00021309,"2017-07-28 23:55:01"
IOP,0.00022706,"2017-07-29 00:00:02"
IOP,0.00022706,"2017-07-29 00:05:01"
IOP,0.00022706,"2017-07-29 00:10:03"
IOP,0.00022706,"2017-07-29 00:15:02"
IOP,0.00022706,"2017-07-29 00:20:02"
IOP,0.00022706,"2017-07-29 00:25:02"
IOP,0.00022706,"2017-07-29 00:30:02"
IOP,0.00022706,"2017-07-29 00:35:02"
IOP,0.00022706,"2017-07-29 00:40:01"
IOP,0.00022706,"2017-07-29 00:45:01"
IOP,0.00022706,"2017-07-29 00:50:02"
IOP,0.00022706,"2017-07-29 00:55:02"
IOP,0.00022706,"2017-07-29 01:00:02"
IOP,0.00022706,"2017-07-29 01:05:01"
IOP,0.00022706,"2017-07-29 01:10:01"
IOP,0.00022706,"2017-07-29 01:15:02"
IOP,0.00022706,"2017-07-29 01:20:01"
IOP,0.00022706,"2017-07-29 01:25:03"
IOP,0.00022706,"2017-07-29 01:30:01"
IOP,0.00022706,"2017-07-29 01:35:02"
IOP,0.00022706,"2017-07-29 01:40:02"
IOP,0.00022706,"2017-07-29 01:45:02"
IOP,0.00022706,"2017-07-29 01:50:01"
IOP,0.00022706,"2017-07-29 01:55:05"
IOP,0.00022778,"2017-07-29 02:00:02"
IOP,0.00022778,"2017-07-29 02:05:01"
IOP,0.00022778,"2017-07-29 02:10:02"
IOP,0.00022778,"2017-07-29 02:15:02"
IOP,0.00022778,"2017-07-29 02:20:01"
IOP,0.00022778,"2017-07-29 02:25:01"
IOP,0.00022778,"2017-07-29 02:30:02"
IOP,0.00022778,"2017-07-29 02:35:02"
IOP,0.00022778,"2017-07-29 02:40:01"
IOP,0.00022778,"2017-07-29 02:45:01"
IOP,0.00022778,"2017-07-29 02:50:02"
IOP,0.00022778,"2017-07-29 02:55:01"
IOP,0.00022827,"2017-07-29 03:00:01"
IOP,0.00022827,"2017-07-29 03:05:01"
IOP,0.00022827,"2017-07-29 03:10:01"
IOP,0.00022827,"2017-07-29 03:15:01"
IOP,0.00022827,"2017-07-29 03:20:01"
IOP,0.00022827,"2017-07-29 03:25:02"
IOP,0.00022827,"2017-07-29 03:30:02"
IOP,0.00022827,"2017-07-29 03:35:01"
IOP,0.00021309,"2017-07-29 03:40:01"
IOP,0.00021309,"2017-07-29 03:45:03"
IOP,0.00021309,"2017-07-29 03:50:01"
IOP,0.00021309,"2017-07-29 03:55:01"
IOP,0.00021309,"2017-07-29 04:00:02"
IOP,0.00021309,"2017-07-29 04:05:02"
IOP,0.00021309,"2017-07-29 04:10:01"
IOP,0.00021309,"2017-07-29 04:15:01"
IOP,0.00021309,"2017-07-29 04:20:01"
IOP,0.00021309,"2017-07-29 04:25:02"
IOP,0.00021309,"2017-07-29 04:30:03"
IOP,0.00021309,"2017-07-29 04:35:01"
IOP,0.00021309,"2017-07-29 04:40:01"
IOP,0.00021309,"2017-07-29 04:45:02"
IOP,0.00021309,"2017-07-29 04:50:01"
IOP,0.00021309,"2017-07-29 04:55:01"
IOP,0.00021309,"2017-07-29 05:00:02"
IOP,0.00021309,"2017-07-29 05:05:02"
IOP,0.00021309,"2017-07-29 05:10:01"
IOP,0.00021309,"2017-07-29 05:15:02"
IOP,0.00021309,"2017-07-29 05:20:01"
IOP,0.00021309,"2017-07-29 05:25:02"
IOP,0.00022827,"2017-07-29 05:30:02"
IOP,0.00022827,"2017-07-29 05:35:02"
IOP,0.00022827,"2017-07-29 05:40:01"
IOP,0.00021308,"2017-07-29 05:45:02"
IOP,0.00021308,"2017-07-29 05:50:01"
IOP,0.00021308,"2017-07-29 05:55:01"
IOP,0.00021308,"2017-07-29 06:00:02"
IOP,0.00021308,"2017-07-29 06:05:02"
IOP,0.00021308,"2017-07-29 06:10:01"
IOP,0.00021308,"2017-07-29 06:15:02"
IOP,0.00021308,"2017-07-29 06:20:01"
IOP,0.00021308,"2017-07-29 06:25:01"
IOP,0.00021308,"2017-07-29 06:30:03"
IOP,0.00021308,"2017-07-29 06:35:01"
IOP,0.00021308,"2017-07-29 06:40:02"
IOP,0.00021308,"2017-07-29 06:45:01"
IOP,0.00021308,"2017-07-29 06:50:01"
IOP,0.00021309,"2017-07-29 06:55:01"
IOP,0.00021309,"2017-07-29 07:00:02"
IOP,0.00021309,"2017-07-29 07:05:02"
IOP,0.00021309,"2017-07-29 07:10:01"
IOP,0.00021309,"2017-07-29 07:15:02"
IOP,0.0002139,"2017-07-29 07:20:02"
IOP,0.00021529,"2017-07-29 07:25:02"
IOP,0.00021372,"2017-07-29 07:30:01"
IOP,0.00021308,"2017-07-29 07:35:02"
IOP,0.00021308,"2017-07-29 07:40:02"
IOP,0.00021308,"2017-07-29 07:45:07"
IOP,0.00021308,"2017-07-29 07:50:01"
IOP,0.00021308,"2017-07-29 07:55:01"
IOP,0.00021308,"2017-07-29 08:00:01"
IOP,0.00021308,"2017-07-29 08:05:02"
IOP,0.00021308,"2017-07-29 08:10:02"
IOP,0.00021308,"2017-07-29 08:15:01"
IOP,0.00021308,"2017-07-29 08:20:01"
IOP,0.00021308,"2017-07-29 08:25:14"
IOP,0.00021308,"2017-07-29 08:30:05"
IOP,0.00021308,"2017-07-29 08:35:01"
IOP,0.00021308,"2017-07-29 08:40:01"
IOP,0.00021308,"2017-07-29 08:45:02"
IOP,0.00021308,"2017-07-29 08:50:02"
IOP,0.00021308,"2017-07-29 08:55:01"
IOP,0.00021308,"2017-07-29 09:00:02"
IOP,0.00021308,"2017-07-29 09:05:01"
IOP,0.00021308,"2017-07-29 09:10:02"
IOP,0.00021308,"2017-07-29 09:15:01"
IOP,0.00021308,"2017-07-29 09:20:02"
IOP,0.00021308,"2017-07-29 09:25:01"
IOP,0.00021308,"2017-07-29 09:30:01"
IOP,0.00021308,"2017-07-29 09:35:02"
IOP,0.00021308,"2017-07-29 09:40:02"
IOP,0.00021308,"2017-07-29 09:45:01"
IOP,0.00021308,"2017-07-29 09:50:02"
IOP,0.0002132,"2017-07-29 09:55:02"
IOP,0.0002132,"2017-07-29 10:00:02"
IOP,0.0002132,"2017-07-29 10:05:02"
IOP,0.0002132,"2017-07-29 10:10:01"
IOP,0.0002132,"2017-07-29 10:15:01"
IOP,0.0002132,"2017-07-29 10:20:02"
IOP,0.00021945,"2017-07-29 10:25:02"
IOP,0.00021945,"2017-07-29 10:30:01"
IOP,0.00021945,"2017-07-29 10:35:01"
IOP,0.00021945,"2017-07-29 10:40:02"
IOP,0.00021945,"2017-07-29 10:45:01"
IOP,0.00021945,"2017-07-29 10:50:02"
IOP,0.00021945,"2017-07-29 10:55:01"
IOP,0.00021945,"2017-07-29 11:00:06"
IOP,0.00021945,"2017-07-29 11:05:01"
IOP,0.00021945,"2017-07-29 11:10:02"
IOP,0.00021945,"2017-07-29 11:15:02"
IOP,0.00021945,"2017-07-29 11:20:05"
IOP,0.00021945,"2017-07-29 11:25:02"
IOP,0.00021945,"2017-07-29 11:30:02"
IOP,0.00021945,"2017-07-29 11:35:02"
IOP,0.00021945,"2017-07-29 11:40:01"
IOP,0.00021945,"2017-07-29 11:45:02"
IOP,0.00021946,"2017-07-29 11:50:01"
IOP,0.00021946,"2017-07-29 11:55:02"
IOP,0.00021946,"2017-07-29 12:00:02"
IOP,0.00021946,"2017-07-29 12:05:01"
IOP,0.00021946,"2017-07-29 12:10:02"
IOP,0.00021946,"2017-07-29 12:15:02"
IOP,0.00021946,"2017-07-29 12:20:01"
IOP,0.00021946,"2017-07-29 12:25:01"
IOP,0.00021946,"2017-07-29 12:30:02"
IOP,0.00021946,"2017-07-29 12:35:02"
IOP,0.00021946,"2017-07-29 12:40:02"
IOP,0.00021946,"2017-07-29 12:45:01"
IOP,0.00021946,"2017-07-29 12:50:02"
IOP,0.00021946,"2017-07-29 12:55:01"
IOP,0.00021946,"2017-07-29 13:00:01"
IOP,0.00021946,"2017-07-29 13:05:01"
IOP,0.00021946,"2017-07-29 13:10:01"
IOP,0.00021946,"2017-07-29 13:15:02"
IOP,0.00021946,"2017-07-29 13:20:01"
IOP,0.00021946,"2017-07-29 13:25:01"
IOP,0.00021946,"2017-07-29 13:30:02"
IOP,0.00021318,"2017-07-29 13:35:02"
IOP,0.00021318,"2017-07-29 13:40:02"
IOP,0.00021318,"2017-07-29 13:45:01"
IOP,0.000211,"2017-07-29 13:50:02"
IOP,0.000211,"2017-07-29 13:55:01"
IOP,0.000211,"2017-07-29 14:00:01"
IOP,0.000211,"2017-07-29 14:05:01"
IOP,0.000211,"2017-07-29 14:10:02"
IOP,0.000211,"2017-07-29 14:15:02"
IOP,0.000211,"2017-07-29 14:20:02"
IOP,0.000211,"2017-07-29 14:25:02"
IOP,0.000211,"2017-07-29 14:30:01"
IOP,0.000211,"2017-07-29 14:35:01"
IOP,0.000211,"2017-07-29 14:40:02"
IOP,0.000211,"2017-07-29 14:45:02"
IOP,0.000211,"2017-07-29 14:50:01"
IOP,0.000211,"2017-07-29 14:55:01"
IOP,0.000211,"2017-07-29 15:00:01"
IOP,0.000211,"2017-07-29 15:05:04"
IOP,0.000211,"2017-07-29 15:10:01"
IOP,0.000211,"2017-07-29 15:15:02"
IOP,0.000211,"2017-07-29 15:20:02"
IOP,0.000211,"2017-07-29 15:25:01"
IOP,0.000211,"2017-07-29 15:30:02"
IOP,0.00020135,"2017-07-29 15:35:01"
IOP,0.00020135,"2017-07-29 15:40:03"
IOP,0.00020195,"2017-07-29 15:45:02"
IOP,0.00020195,"2017-07-29 15:50:01"
IOP,0.00020195,"2017-07-29 15:55:01"
IOP,0.00021938,"2017-07-29 16:00:02"
IOP,0.00021938,"2017-07-29 16:05:02"
IOP,0.00021938,"2017-07-29 16:10:01"
IOP,0.00021938,"2017-07-29 16:15:02"
IOP,0.00021938,"2017-07-29 16:20:01"
IOP,0.0002166,"2017-07-29 16:25:02"
IOP,0.00020144,"2017-07-29 16:30:01"
IOP,0.00020144,"2017-07-29 16:35:12"
IOP,0.00020144,"2017-07-29 16:40:01"
IOP,0.00020144,"2017-07-29 16:45:01"
IOP,0.00020144,"2017-07-29 16:50:02"
IOP,0.00021934,"2017-07-29 16:55:01"
IOP,0.00021934,"2017-07-29 17:00:02"
IOP,0.00021934,"2017-07-29 17:05:02"
IOP,0.00021934,"2017-07-29 17:10:01"
IOP,0.00021934,"2017-07-29 17:15:01"
IOP,0.00021934,"2017-07-29 17:20:02"
IOP,0.00021934,"2017-07-29 17:25:02"
IOP,0.00021934,"2017-07-29 17:30:02"
IOP,0.00021934,"2017-07-29 17:35:02"
IOP,0.00021934,"2017-07-29 17:40:02"
IOP,0.00021934,"2017-07-29 17:45:01"
IOP,0.00021934,"2017-07-29 17:50:01"
IOP,0.00021934,"2017-07-29 17:55:01"
IOP,0.00021934,"2017-07-29 18:00:02"
IOP,0.00021934,"2017-07-29 18:05:01"
IOP,0.00021934,"2017-07-29 18:10:02"
IOP,0.00021934,"2017-07-29 18:15:02"
IOP,0.00021934,"2017-07-29 18:20:02"
IOP,0.00021934,"2017-07-29 18:25:02"
IOP,0.00021934,"2017-07-29 18:30:05"
IOP,0.00020665,"2017-07-29 18:35:02"
IOP,0.00020665,"2017-07-29 18:40:01"
IOP,0.00020665,"2017-07-29 18:45:01"
IOP,0.00020665,"2017-07-29 18:50:01"
IOP,0.00020665,"2017-07-29 18:55:01"
IOP,0.00020665,"2017-07-29 19:00:01"
IOP,0.00020665,"2017-07-29 19:05:02"
IOP,0.00020665,"2017-07-29 19:10:01"
IOP,0.00020665,"2017-07-29 19:15:01"
IOP,0.00020518,"2017-07-29 19:20:02"
IOP,0.00020518,"2017-07-29 19:25:02"
IOP,0.00020518,"2017-07-29 19:30:01"
IOP,0.00020518,"2017-07-29 19:35:01"
IOP,0.00020518,"2017-07-29 19:40:06"
IOP,0.00020518,"2017-07-29 19:45:01"
IOP,0.00020518,"2017-07-29 19:50:01"
IOP,0.00020518,"2017-07-29 19:55:02"
IOP,0.00020518,"2017-07-29 20:00:02"
IOP,0.00020518,"2017-07-29 20:05:02"
IOP,0.00020518,"2017-07-29 20:10:02"
IOP,0.00020518,"2017-07-29 20:15:01"
IOP,0.00020518,"2017-07-29 20:20:02"
IOP,0.00020518,"2017-07-29 20:25:02"
IOP,0.00020518,"2017-07-29 20:30:02"
IOP,0.00020518,"2017-07-29 20:35:01"
IOP,0.00020518,"2017-07-29 20:40:02"
IOP,0.00020518,"2017-07-29 20:45:01"
IOP,0.00023243,"2017-07-29 20:50:02"
IOP,0.00023243,"2017-07-29 20:55:02"
IOP,0.00023243,"2017-07-29 21:00:02"
IOP,0.00023243,"2017-07-29 21:05:05"
IOP,0.00023243,"2017-07-29 21:10:01"
IOP,0.00023243,"2017-07-29 21:15:02"
IOP,0.00023243,"2017-07-29 21:20:01"
IOP,0.00023243,"2017-07-29 21:25:01"
IOP,0.00023243,"2017-07-29 21:30:01"
IOP,0.00023165,"2017-07-29 21:35:01"
IOP,0.00023165,"2017-07-29 21:40:01"
IOP,0.00023165,"2017-07-29 21:45:01"
IOP,0.00023165,"2017-07-29 21:50:02"
IOP,0.00023165,"2017-07-29 21:55:02"
IOP,0.00023165,"2017-07-29 22:00:03"
IOP,0.00023165,"2017-07-29 22:05:04"
IOP,0.00023165,"2017-07-29 22:10:01"
IOP,0.00023165,"2017-07-29 22:15:02"
IOP,0.00023165,"2017-07-29 22:20:01"
IOP,0.00023165,"2017-07-29 22:25:02"
IOP,0.00023242,"2017-07-29 22:30:01"
IOP,0.00023242,"2017-07-29 22:35:01"
IOP,0.00023242,"2017-07-29 22:40:01"
IOP,0.00023243,"2017-07-29 22:45:02"
IOP,0.00023243,"2017-07-29 22:50:01"
IOP,0.00023243,"2017-07-29 22:55:02"
IOP,0.00023243,"2017-07-29 23:00:01"
IOP,0.00023243,"2017-07-29 23:05:02"
IOP,0.00023243,"2017-07-29 23:10:01"
IOP,0.00023243,"2017-07-29 23:15:01"
IOP,0.00023243,"2017-07-29 23:20:02"
IOP,0.00023243,"2017-07-29 23:25:02"
IOP,0.00023243,"2017-07-29 23:30:02"
IOP,0.00023243,"2017-07-29 23:35:01"
IOP,0.00023243,"2017-07-29 23:40:01"
IOP,0.00023243,"2017-07-29 23:45:02"
IOP,0.00021552,"2017-07-29 23:50:02"
IOP,0.00021552,"2017-07-29 23:55:02"
IOP,0.00021552,"2017-07-30 00:00:01"
IOP,0.00021552,"2017-07-30 00:05:02"
IOP,0.00021552,"2017-07-30 00:10:01"
IOP,0.00021552,"2017-07-30 00:15:02"
IOP,0.00021552,"2017-07-30 00:20:01"
IOP,0.00021552,"2017-07-30 00:25:01"
IOP,0.00021258,"2017-07-30 00:30:02"
IOP,0.00021258,"2017-07-30 00:35:01"
IOP,0.00021258,"2017-07-30 00:40:01"
IOP,0.00021258,"2017-07-30 00:45:01"
IOP,0.00021258,"2017-07-30 00:50:01"
IOP,0.00021258,"2017-07-30 00:55:01"
IOP,0.00021258,"2017-07-30 01:00:01"
IOP,0.00021258,"2017-07-30 01:05:01"
IOP,0.00021258,"2017-07-30 01:10:01"
IOP,0.00021258,"2017-07-30 01:15:02"
IOP,0.00021258,"2017-07-30 01:20:01"
IOP,0.00021258,"2017-07-30 01:25:01"
IOP,0.00021258,"2017-07-30 01:30:01"
IOP,0.00021258,"2017-07-30 01:35:01"
IOP,0.00021258,"2017-07-30 01:40:01"
IOP,0.00021258,"2017-07-30 01:45:01"
IOP,0.00021258,"2017-07-30 01:50:01"
IOP,0.00021258,"2017-07-30 01:55:02"
IOP,0.00021258,"2017-07-30 02:00:03"
IOP,0.00021258,"2017-07-30 02:05:01"
IOP,0.00021258,"2017-07-30 02:10:02"
IOP,0.00021258,"2017-07-30 02:15:03"
IOP,0.00021258,"2017-07-30 02:20:01"
IOP,0.00023225,"2017-07-30 02:25:02"
IOP,0.00023218,"2017-07-30 02:30:04"
IOP,0.00023218,"2017-07-30 02:35:01"
IOP,0.00023218,"2017-07-30 02:40:01"
IOP,0.00023218,"2017-07-30 02:45:01"
IOP,0.00023218,"2017-07-30 02:50:01"
IOP,0.00023218,"2017-07-30 02:55:01"
IOP,0.00021273,"2017-07-30 03:00:02"
IOP,0.0002134,"2017-07-30 03:05:02"
IOP,0.0002134,"2017-07-30 03:10:01"
IOP,0.0002134,"2017-07-30 03:15:01"
IOP,0.0002134,"2017-07-30 03:20:01"
IOP,0.0002134,"2017-07-30 03:25:01"
IOP,0.0002134,"2017-07-30 03:30:02"
IOP,0.0002134,"2017-07-30 03:35:03"
IOP,0.0002134,"2017-07-30 03:40:02"
IOP,0.0002134,"2017-07-30 03:45:03"
IOP,0.0002134,"2017-07-30 03:50:01"
IOP,0.0002134,"2017-07-30 03:55:02"
IOP,0.0002134,"2017-07-30 04:00:02"
IOP,0.0002134,"2017-07-30 04:05:02"
IOP,0.0002134,"2017-07-30 04:10:03"
IOP,0.0002134,"2017-07-30 04:15:01"
IOP,0.0002134,"2017-07-30 04:20:01"
IOP,0.0002134,"2017-07-30 04:25:02"
IOP,0.0002134,"2017-07-30 04:30:02"
IOP,0.0002134,"2017-07-30 04:35:02"
IOP,0.0002134,"2017-07-30 04:40:01"
IOP,0.0002134,"2017-07-30 04:45:02"
IOP,0.0002134,"2017-07-30 04:50:02"
IOP,0.0002134,"2017-07-30 04:55:02"
IOP,0.0002134,"2017-07-30 05:00:02"
IOP,0.0002134,"2017-07-30 05:05:05"
IOP,0.0002134,"2017-07-30 05:10:02"
IOP,0.0002134,"2017-07-30 05:15:01"
IOP,0.0002134,"2017-07-30 05:20:01"
IOP,0.0002134,"2017-07-30 05:25:01"
IOP,0.0002134,"2017-07-30 05:30:02"
IOP,0.0002134,"2017-07-30 05:35:02"
IOP,0.0002134,"2017-07-30 05:40:01"
IOP,0.0002134,"2017-07-30 05:45:02"
IOP,0.00023241,"2017-07-30 05:50:01"
IOP,0.00023241,"2017-07-30 05:55:01"
IOP,0.00023241,"2017-07-30 06:00:08"
IOP,0.00023241,"2017-07-30 06:05:01"
IOP,0.00023241,"2017-07-30 06:10:02"
IOP,0.00023241,"2017-07-30 06:15:01"
IOP,0.00023241,"2017-07-30 06:20:01"
IOP,0.00023241,"2017-07-30 06:25:02"
IOP,0.00023241,"2017-07-30 06:30:02"
IOP,0.00023241,"2017-07-30 06:35:02"
IOP,0.00021871,"2017-07-30 06:40:02"
IOP,0.00021871,"2017-07-30 06:45:01"
IOP,0.00021871,"2017-07-30 06:50:04"
IOP,0.00021871,"2017-07-30 06:55:01"
IOP,0.00021871,"2017-07-30 07:00:02"
IOP,0.00021871,"2017-07-30 07:05:02"
IOP,0.00021871,"2017-07-30 07:10:01"
IOP,0.00021871,"2017-07-30 07:15:01"
IOP,0.00021871,"2017-07-30 07:20:02"
IOP,0.00021871,"2017-07-30 07:25:01"
IOP,0.00021871,"2017-07-30 07:30:01"
IOP,0.00021264,"2017-07-30 07:35:02"
IOP,0.00021264,"2017-07-30 07:40:01"
IOP,0.00021264,"2017-07-30 07:45:01"
IOP,0.00021264,"2017-07-30 07:50:01"
IOP,0.00021264,"2017-07-30 07:55:01"
IOP,0.00021264,"2017-07-30 08:00:02"
IOP,0.00021264,"2017-07-30 08:05:01"
IOP,0.00021264,"2017-07-30 08:10:01"
IOP,0.00021264,"2017-07-30 08:15:02"
IOP,0.00021259,"2017-07-30 08:20:02"
IOP,0.00021259,"2017-07-30 08:25:02"
IOP,0.00021259,"2017-07-30 08:30:02"
IOP,0.00021259,"2017-07-30 08:35:01"
IOP,0.00021259,"2017-07-30 08:40:01"
IOP,0.00021259,"2017-07-30 08:45:04"
IOP,0.00021259,"2017-07-30 08:50:02"
IOP,0.00021259,"2017-07-30 08:55:02"
IOP,0.00021259,"2017-07-30 09:00:02"
IOP,0.00021259,"2017-07-30 09:05:02"
IOP,0.00021259,"2017-07-30 09:10:02"
IOP,0.00021259,"2017-07-30 09:15:02"
IOP,0.00021259,"2017-07-30 09:20:01"
IOP,0.00021259,"2017-07-30 09:25:02"
IOP,0.00021259,"2017-07-30 09:30:02"
IOP,0.00021259,"2017-07-30 09:35:01"
IOP,0.00021259,"2017-07-30 09:40:02"
IOP,0.00021259,"2017-07-30 09:45:02"
IOP,0.00021259,"2017-07-30 09:50:01"
IOP,0.00021259,"2017-07-30 09:55:02"
IOP,0.00021259,"2017-07-30 10:00:03"
IOP,0.00021259,"2017-07-30 10:05:01"
IOP,0.00021259,"2017-07-30 10:10:02"
IOP,0.00021259,"2017-07-30 10:15:02"
IOP,0.00021259,"2017-07-30 10:20:02"
IOP,0.00021259,"2017-07-30 10:25:01"
IOP,0.00021259,"2017-07-30 10:30:02"
IOP,0.00021259,"2017-07-30 10:35:01"
IOP,0.00021259,"2017-07-30 10:40:02"
IOP,0.00021259,"2017-07-30 10:45:05"
IOP,0.00021259,"2017-07-30 10:50:02"
IOP,0.00021259,"2017-07-30 10:55:01"
IOP,0.00021259,"2017-07-30 11:00:02"
IOP,0.00021259,"2017-07-30 11:05:02"
IOP,0.00021259,"2017-07-30 11:10:01"
IOP,0.00021259,"2017-07-30 11:15:02"
IOP,0.00021259,"2017-07-30 11:20:01"
IOP,0.00021259,"2017-07-30 11:25:01"
IOP,0.00021259,"2017-07-30 11:30:01"
IOP,0.00021259,"2017-07-30 11:35:01"
IOP,0.00021259,"2017-07-30 11:40:01"
IOP,0.00021259,"2017-07-30 11:45:02"
IOP,0.00021259,"2017-07-30 11:50:02"
IOP,0.00021259,"2017-07-30 11:55:01"
IOP,0.00021259,"2017-07-30 12:00:01"
IOP,0.00021259,"2017-07-30 12:05:01"
IOP,0.00021259,"2017-07-30 12:10:02"
IOP,0.00021259,"2017-07-30 12:15:02"
IOP,0.00021259,"2017-07-30 12:20:01"
IOP,0.00021259,"2017-07-30 12:25:02"
IOP,0.00021259,"2017-07-30 12:30:01"
IOP,0.00021259,"2017-07-30 12:35:02"
IOP,0.00021259,"2017-07-30 12:40:02"
IOP,0.00021259,"2017-07-30 12:45:01"
IOP,0.00021259,"2017-07-30 12:50:01"
IOP,0.00021259,"2017-07-30 12:55:02"
IOP,0.00021259,"2017-07-30 13:00:02"
IOP,0.00021259,"2017-07-30 13:05:01"
IOP,0.00021259,"2017-07-30 13:10:01"
IOP,0.00021259,"2017-07-30 13:15:02"
IOP,0.00021259,"2017-07-30 13:20:02"
IOP,0.00021259,"2017-07-30 13:25:01"
IOP,0.00021259,"2017-07-30 13:30:02"
IOP,0.00021259,"2017-07-30 13:35:01"
IOP,0.00021259,"2017-07-30 13:40:01"
IOP,0.00021259,"2017-07-30 13:45:01"
IOP,0.00021259,"2017-07-30 13:50:01"
IOP,0.00021259,"2017-07-30 13:55:02"
IOP,0.00021259,"2017-07-30 14:00:01"
IOP,0.00021259,"2017-07-30 14:05:02"
IOP,0.00021259,"2017-07-30 14:10:02"
IOP,0.00021259,"2017-07-30 14:15:02"
IOP,0.00021259,"2017-07-30 14:20:01"
IOP,0.00021259,"2017-07-30 14:25:02"
IOP,0.00021259,"2017-07-30 14:30:01"
IOP,0.00021259,"2017-07-30 14:35:01"
IOP,0.00021259,"2017-07-30 14:40:02"
IOP,0.00021445,"2017-07-30 14:45:01"
IOP,0.00021445,"2017-07-30 14:50:02"
IOP,0.00021445,"2017-07-30 14:55:06"
IOP,0.00021445,"2017-07-30 15:00:01"
IOP,0.00021445,"2017-07-30 15:05:01"
IOP,0.00021445,"2017-07-30 15:10:02"
IOP,0.00021445,"2017-07-30 15:15:01"
IOP,0.00021445,"2017-07-30 15:20:02"
IOP,0.00021445,"2017-07-30 15:25:01"
IOP,0.00021445,"2017-07-30 15:30:02"
IOP,0.00021445,"2017-07-30 15:35:01"
IOP,0.00021445,"2017-07-30 15:40:01"
IOP,0.00021445,"2017-07-30 15:45:01"
IOP,0.00021445,"2017-07-30 15:50:02"
IOP,0.00021445,"2017-07-30 15:55:01"
IOP,0.00021445,"2017-07-30 16:00:02"
IOP,0.00021445,"2017-07-30 16:05:02"
IOP,0.00021445,"2017-07-30 16:10:02"
IOP,0.00021445,"2017-07-30 16:15:02"
IOP,0.00021445,"2017-07-30 16:20:02"
IOP,0.00021257,"2017-07-30 16:25:01"
IOP,0.00021257,"2017-07-30 16:30:02"
IOP,0.00021257,"2017-07-30 16:35:02"
IOP,0.00021257,"2017-07-30 16:40:01"
IOP,0.00021257,"2017-07-30 16:45:02"
IOP,0.00021257,"2017-07-30 16:50:01"
IOP,0.00021257,"2017-07-30 16:55:01"
IOP,0.00021257,"2017-07-30 17:00:02"
IOP,0.00021257,"2017-07-30 17:05:01"
IOP,0.00021257,"2017-07-30 17:10:01"
IOP,0.00021257,"2017-07-30 17:15:02"
IOP,0.00021257,"2017-07-30 17:20:04"
IOP,0.00021257,"2017-07-30 17:25:02"
IOP,0.00021257,"2017-07-30 17:30:01"
IOP,0.00021257,"2017-07-30 17:35:02"
IOP,0.00021264,"2017-07-30 17:40:01"
IOP,0.00021264,"2017-07-30 17:45:02"
IOP,0.00021264,"2017-07-30 17:50:02"
IOP,0.00021264,"2017-07-30 17:55:01"
IOP,0.00021264,"2017-07-30 18:00:01"
IOP,0.00022632,"2017-07-30 18:05:02"
IOP,0.00022629,"2017-07-30 18:10:02"
IOP,0.00022629,"2017-07-30 18:15:01"
IOP,0.00022629,"2017-07-30 18:20:01"
IOP,0.00022629,"2017-07-30 18:25:02"
IOP,0.00022629,"2017-07-30 18:30:02"
IOP,0.00022629,"2017-07-30 18:35:02"
IOP,0.00022629,"2017-07-30 18:40:02"
IOP,0.00022629,"2017-07-30 18:45:02"
IOP,0.00022629,"2017-07-30 18:50:02"
IOP,0.00021344,"2017-07-30 18:55:02"
IOP,0.00021344,"2017-07-30 19:00:02"
IOP,0.00021344,"2017-07-30 19:05:02"
IOP,0.00021344,"2017-07-30 19:10:01"
IOP,0.00021344,"2017-07-30 19:15:02"
IOP,0.00021344,"2017-07-30 19:20:01"
IOP,0.00021344,"2017-07-30 19:25:02"
IOP,0.00021344,"2017-07-30 19:30:02"
IOP,0.00021344,"2017-07-30 19:35:01"
IOP,0.00021344,"2017-07-30 19:40:02"
IOP,0.00021344,"2017-07-30 19:45:02"
IOP,0.00021344,"2017-07-30 19:50:01"
IOP,0.00021344,"2017-07-30 19:55:01"
IOP,0.00021344,"2017-07-30 20:00:02"
IOP,0.00021344,"2017-07-30 20:05:01"
IOP,0.00021344,"2017-07-30 20:10:02"
IOP,0.00021344,"2017-07-30 20:15:03"
IOP,0.00021344,"2017-07-30 20:20:02"
IOP,0.00021344,"2017-07-30 20:25:01"
IOP,0.00021344,"2017-07-30 20:30:02"
IOP,0.00021344,"2017-07-30 20:35:01"
IOP,0.00021344,"2017-07-30 20:40:02"
IOP,0.00021344,"2017-07-30 20:45:01"
IOP,0.00021344,"2017-07-30 20:50:02"
IOP,0.00021344,"2017-07-30 20:55:01"
IOP,0.00021344,"2017-07-30 21:00:02"
IOP,0.00021344,"2017-07-30 21:05:02"
IOP,0.00021344,"2017-07-30 21:10:01"
IOP,0.00021344,"2017-07-30 21:15:01"
IOP,0.00021344,"2017-07-30 21:20:01"
IOP,0.00021344,"2017-07-30 21:25:01"
IOP,0.00022629,"2017-07-30 21:30:02"
IOP,0.00022629,"2017-07-30 21:35:02"
IOP,0.00022629,"2017-07-30 21:40:02"
IOP,0.00022629,"2017-07-30 21:45:01"
IOP,0.00022629,"2017-07-30 21:50:01"
IOP,0.00022629,"2017-07-30 21:55:01"
IOP,0.00022629,"2017-07-30 22:00:02"
IOP,0.00022629,"2017-07-30 22:05:01"
IOP,0.00022629,"2017-07-30 22:10:02"
IOP,0.00022629,"2017-07-30 22:15:02"
IOP,0.00022629,"2017-07-30 22:20:02"
IOP,0.00022629,"2017-07-30 22:25:01"
IOP,0.00022629,"2017-07-30 22:30:05"
IOP,0.00022629,"2017-07-30 22:35:01"
IOP,0.00022629,"2017-07-30 22:40:01"
IOP,0.00022629,"2017-07-30 22:45:01"
IOP,0.00022629,"2017-07-30 22:50:02"
IOP,0.00022629,"2017-07-30 22:55:01"
IOP,0.00022629,"2017-07-30 23:00:02"
IOP,0.00022621,"2017-07-30 23:05:01"
IOP,0.000215,"2017-07-30 23:10:02"
IOP,0.000215,"2017-07-30 23:15:01"
IOP,0.000215,"2017-07-30 23:20:01"
IOP,0.00022621,"2017-07-30 23:25:01"
IOP,0.00022621,"2017-07-30 23:30:01"
IOP,0.00022621,"2017-07-30 23:35:02"
IOP,0.00021501,"2017-07-30 23:40:02"
IOP,0.00021501,"2017-07-30 23:45:01"
IOP,0.00021501,"2017-07-30 23:50:01"
IOP,0.00021501,"2017-07-30 23:55:01"
IOP,0.00021501,"2017-07-31 00:00:02"
IOP,0.00021501,"2017-07-31 00:05:02"
IOP,0.00020602,"2017-07-31 00:10:02"
IOP,0.00020602,"2017-07-31 00:15:01"
IOP,0.00020602,"2017-07-31 00:20:02"
IOP,0.00020602,"2017-07-31 00:25:02"
IOP,0.00020602,"2017-07-31 00:30:02"
IOP,0.00020602,"2017-07-31 00:35:02"
IOP,0.00020602,"2017-07-31 00:40:01"
IOP,0.00020602,"2017-07-31 00:45:01"
IOP,0.00020602,"2017-07-31 00:50:01"
IOP,0.00020602,"2017-07-31 00:55:02"
IOP,0.00020602,"2017-07-31 01:00:01"
IOP,0.00020602,"2017-07-31 01:05:01"
IOP,0.00020602,"2017-07-31 01:10:02"
IOP,0.00020602,"2017-07-31 01:15:02"
IOP,0.00020602,"2017-07-31 01:20:01"
IOP,0.00020602,"2017-07-31 01:25:01"
IOP,0.00020602,"2017-07-31 01:30:02"
IOP,0.00020602,"2017-07-31 01:35:01"
IOP,0.00020602,"2017-07-31 01:40:04"
IOP,0.00020602,"2017-07-31 01:45:02"
IOP,0.00020602,"2017-07-31 01:50:01"
IOP,0.00020602,"2017-07-31 01:55:01"
IOP,0.00020602,"2017-07-31 02:00:01"
IOP,0.00020602,"2017-07-31 02:05:01"
IOP,0.00020602,"2017-07-31 02:10:01"
IOP,0.00020602,"2017-07-31 02:15:01"
IOP,0.00020602,"2017-07-31 02:20:01"
IOP,0.00020602,"2017-07-31 02:25:01"
IOP,0.00020602,"2017-07-31 02:30:01"
IOP,0.00020602,"2017-07-31 02:35:01"
IOP,0.00020602,"2017-07-31 02:40:01"
IOP,0.00020602,"2017-07-31 02:45:02"
IOP,0.00020602,"2017-07-31 02:50:01"
IOP,0.00020602,"2017-07-31 02:55:01"
IOP,0.00020602,"2017-07-31 03:00:01"
IOP,0.00020602,"2017-07-31 03:05:01"
IOP,0.000207,"2017-07-31 03:10:01"
IOP,0.000207,"2017-07-31 03:15:02"
IOP,0.000207,"2017-07-31 03:20:01"
IOP,0.000207,"2017-07-31 03:25:01"
IOP,0.000207,"2017-07-31 03:30:02"
IOP,0.000207,"2017-07-31 03:35:01"
IOP,0.000207,"2017-07-31 03:40:01"
IOP,0.000207,"2017-07-31 03:45:02"
IOP,0.000207,"2017-07-31 03:50:02"
IOP,0.000207,"2017-07-31 03:55:01"
IOP,0.000207,"2017-07-31 04:00:02"
IOP,0.000207,"2017-07-31 04:05:04"
IOP,0.000207,"2017-07-31 04:10:01"
IOP,0.000207,"2017-07-31 04:15:02"
IOP,0.000207,"2017-07-31 04:20:02"
IOP,0.000207,"2017-07-31 04:25:01"
IOP,0.000207,"2017-07-31 04:30:02"
IOP,0.000207,"2017-07-31 04:35:02"
IOP,0.000207,"2017-07-31 04:40:02"
IOP,0.000207,"2017-07-31 04:45:02"
IOP,0.000207,"2017-07-31 04:50:01"
IOP,0.000207,"2017-07-31 04:55:01"
IOP,0.000207,"2017-07-31 05:00:02"
IOP,0.000207,"2017-07-31 05:05:02"
IOP,0.000207,"2017-07-31 05:10:02"
IOP,0.000207,"2017-07-31 05:15:03"
IOP,0.000207,"2017-07-31 05:20:02"
IOP,0.000207,"2017-07-31 05:25:01"
IOP,0.000207,"2017-07-31 05:30:02"
IOP,0.000207,"2017-07-31 05:35:01"
IOP,0.000207,"2017-07-31 05:40:02"
IOP,0.000207,"2017-07-31 05:45:02"
IOP,0.000207,"2017-07-31 05:50:02"
IOP,0.000207,"2017-07-31 05:55:02"
IOP,0.000207,"2017-07-31 06:00:02"
IOP,0.000207,"2017-07-31 06:05:01"
IOP,0.000207,"2017-07-31 06:10:01"
IOP,0.000207,"2017-07-31 06:15:02"
IOP,0.000207,"2017-07-31 06:20:01"
IOP,0.000207,"2017-07-31 06:25:02"
IOP,0.000207,"2017-07-31 06:30:02"
IOP,0.000207,"2017-07-31 06:35:02"
IOP,0.000207,"2017-07-31 06:40:03"
IOP,0.000207,"2017-07-31 06:45:01"
IOP,0.000207,"2017-07-31 06:50:01"
IOP,0.000207,"2017-07-31 06:55:01"
IOP,0.000207,"2017-07-31 07:00:02"
IOP,0.000207,"2017-07-31 07:05:02"
IOP,0.000207,"2017-07-31 07:10:02"
IOP,0.000207,"2017-07-31 07:15:01"
IOP,0.000207,"2017-07-31 07:20:01"
IOP,0.000207,"2017-07-31 07:25:02"
IOP,0.000207,"2017-07-31 07:30:01"
IOP,0.000207,"2017-07-31 07:35:01"
IOP,0.000207,"2017-07-31 07:40:02"
IOP,0.000207,"2017-07-31 07:45:02"
IOP,0.000207,"2017-07-31 07:50:02"
IOP,0.000207,"2017-07-31 07:55:01"
IOP,0.000207,"2017-07-31 08:00:02"
IOP,0.000207,"2017-07-31 08:05:01"
IOP,0.000207,"2017-07-31 08:10:02"
IOP,0.000207,"2017-07-31 08:15:01"
IOP,0.000207,"2017-07-31 08:20:02"
IOP,0.000207,"2017-07-31 08:25:02"
IOP,0.000207,"2017-07-31 08:30:02"
IOP,0.000207,"2017-07-31 08:35:01"
IOP,0.000207,"2017-07-31 08:40:02"
IOP,0.000207,"2017-07-31 08:45:01"
IOP,0.000207,"2017-07-31 08:50:02"
IOP,0.000207,"2017-07-31 08:55:01"
IOP,0.000207,"2017-07-31 09:00:01"
IOP,0.000207,"2017-07-31 09:05:02"
IOP,0.000207,"2017-07-31 09:10:01"
IOP,0.000207,"2017-07-31 09:15:02"
IOP,0.000207,"2017-07-31 09:20:02"
IOP,0.000207,"2017-07-31 09:25:02"
IOP,0.000207,"2017-07-31 09:30:01"
IOP,0.000207,"2017-07-31 09:35:01"
IOP,0.000207,"2017-07-31 09:40:01"
IOP,0.000207,"2017-07-31 09:45:04"
IOP,0.000207,"2017-07-31 09:50:01"
IOP,0.000207,"2017-07-31 09:55:02"
IOP,0.000207,"2017-07-31 10:00:01"
IOP,0.000207,"2017-07-31 10:05:01"
IOP,0.000207,"2017-07-31 10:10:02"
IOP,0.000207,"2017-07-31 10:15:01"
IOP,0.000207,"2017-07-31 10:20:01"
IOP,0.000207,"2017-07-31 10:25:01"
IOP,0.000207,"2017-07-31 10:30:02"
IOP,0.000207,"2017-07-31 10:35:02"
IOP,0.000207,"2017-07-31 10:40:01"
IOP,0.000207,"2017-07-31 10:45:01"
IOP,0.000207,"2017-07-31 10:50:01"
IOP,0.000207,"2017-07-31 10:55:02"
IOP,0.000207,"2017-07-31 11:00:02"
IOP,0.000207,"2017-07-31 11:05:01"
IOP,0.000207,"2017-07-31 11:10:02"
IOP,0.000207,"2017-07-31 11:15:01"
IOP,0.00020501,"2017-07-31 11:20:01"
IOP,0.00020501,"2017-07-31 11:25:02"
IOP,0.00020501,"2017-07-31 11:30:02"
IOP,0.00020501,"2017-07-31 11:35:02"
IOP,0.00020501,"2017-07-31 11:40:02"
IOP,0.0002013,"2017-07-31 11:45:02"
IOP,0.0002013,"2017-07-31 11:50:02"
IOP,0.0002013,"2017-07-31 11:55:01"
IOP,0.0002013,"2017-07-31 12:00:02"
IOP,0.0002013,"2017-07-31 12:05:01"
IOP,0.0002013,"2017-07-31 12:10:02"
IOP,0.0002013,"2017-07-31 12:15:02"
IOP,0.0002013,"2017-07-31 12:20:01"
IOP,0.0002013,"2017-07-31 12:25:01"
IOP,0.0002013,"2017-07-31 12:30:02"
IOP,0.0002013,"2017-07-31 12:35:02"
IOP,0.0002013,"2017-07-31 12:40:01"
IOP,0.0002013,"2017-07-31 12:45:01"
IOP,0.0002013,"2017-07-31 12:50:02"
IOP,0.0002013,"2017-07-31 12:55:03"
IOP,0.0002013,"2017-07-31 13:00:02"
IOP,0.0002013,"2017-07-31 13:05:03"
IOP,0.0002013,"2017-07-31 13:10:01"
IOP,0.000207,"2017-07-31 13:15:01"
IOP,0.000207,"2017-07-31 13:20:01"
IOP,0.000207,"2017-07-31 13:25:01"
IOP,0.000207,"2017-07-31 13:30:02"
IOP,0.000207,"2017-07-31 13:35:02"
IOP,0.000207,"2017-07-31 13:40:01"
IOP,0.000207,"2017-07-31 13:45:02"
IOP,0.000207,"2017-07-31 13:50:02"
IOP,0.000207,"2017-07-31 13:55:01"
IOP,0.000207,"2017-07-31 14:00:02"
IOP,0.00020131,"2017-07-31 14:05:01"
IOP,0.00020131,"2017-07-31 14:10:02"
IOP,0.00020131,"2017-07-31 14:15:03"
IOP,0.00020131,"2017-07-31 14:20:02"
IOP,0.00020131,"2017-07-31 14:25:02"
IOP,0.00020131,"2017-07-31 14:30:02"
IOP,0.00020136,"2017-07-31 14:35:01"
IOP,0.00020136,"2017-07-31 14:40:01"
IOP,0.00020136,"2017-07-31 14:45:02"
IOP,0.00020136,"2017-07-31 14:50:02"
IOP,0.00020136,"2017-07-31 14:55:01"
IOP,0.00020171,"2017-07-31 15:00:01"
IOP,0.00020552,"2017-07-31 15:05:01"
IOP,0.00020153,"2017-07-31 15:10:01"
IOP,0.00020153,"2017-07-31 15:15:02"
IOP,0.00020153,"2017-07-31 15:20:01"
IOP,0.00020153,"2017-07-31 15:25:02"
IOP,0.000207,"2017-07-31 15:30:02"
IOP,0.000207,"2017-07-31 15:35:01"
IOP,0.000207,"2017-07-31 15:40:02"
IOP,0.000207,"2017-07-31 15:45:02"
IOP,0.000207,"2017-07-31 15:50:02"
IOP,0.000207,"2017-07-31 15:55:02"
IOP,0.000207,"2017-07-31 16:00:02"
IOP,0.000207,"2017-07-31 16:05:01"
IOP,0.000207,"2017-07-31 16:10:01"
IOP,0.000207,"2017-07-31 16:15:01"
IOP,0.000207,"2017-07-31 16:20:01"
IOP,0.000207,"2017-07-31 16:25:02"
IOP,0.000207,"2017-07-31 16:30:02"
IOP,0.000207,"2017-07-31 16:35:02"
IOP,0.000207,"2017-07-31 16:40:01"
IOP,0.000207,"2017-07-31 16:45:02"
IOP,0.000207,"2017-07-31 16:50:02"
IOP,0.000207,"2017-07-31 16:55:01"
IOP,0.000207,"2017-07-31 17:00:02"
IOP,0.000207,"2017-07-31 17:05:01"
IOP,0.00020153,"2017-07-31 17:10:01"
IOP,0.00020153,"2017-07-31 17:15:02"
IOP,0.00020153,"2017-07-31 17:20:06"
IOP,0.00020153,"2017-07-31 17:25:01"
IOP,0.00020154,"2017-07-31 17:30:02"
IOP,0.00020154,"2017-07-31 17:35:03"
IOP,0.00020154,"2017-07-31 17:40:02"
IOP,0.00020154,"2017-07-31 17:45:01"
IOP,0.00020154,"2017-07-31 17:50:01"
IOP,0.00020154,"2017-07-31 17:55:02"
IOP,0.00020154,"2017-07-31 18:00:02"
IOP,0.00020154,"2017-07-31 18:05:01"
IOP,0.00020154,"2017-07-31 18:10:12"
IOP,0.00020154,"2017-07-31 18:15:01"
IOP,0.00020154,"2017-07-31 18:20:01"
IOP,0.00020154,"2017-07-31 18:25:01"
IOP,0.00020154,"2017-07-31 18:30:01"
IOP,0.00020154,"2017-07-31 18:35:01"
IOP,0.00020154,"2017-07-31 18:40:02"
IOP,0.00020154,"2017-07-31 18:45:02"
IOP,0.00020154,"2017-07-31 18:50:01"
IOP,0.00020154,"2017-07-31 18:55:01"
IOP,0.00020154,"2017-07-31 19:00:01"
IOP,0.00020154,"2017-07-31 19:05:02"
IOP,0.00020154,"2017-07-31 19:10:02"
IOP,0.00020154,"2017-07-31 19:15:02"
IOP,0.00020154,"2017-07-31 19:20:03"
IOP,0.00020154,"2017-07-31 19:25:02"
IOP,0.00020176,"2017-07-31 19:30:02"
IOP,0.00020176,"2017-07-31 19:35:03"
IOP,0.00020176,"2017-07-31 19:40:01"
IOP,0.00020176,"2017-07-31 19:45:02"
IOP,0.00020176,"2017-07-31 19:50:02"
IOP,0.00020176,"2017-07-31 19:55:02"
IOP,0.00020176,"2017-07-31 20:00:06"
IOP,0.00020176,"2017-07-31 20:05:02"
IOP,0.00020176,"2017-07-31 20:10:02"
IOP,0.00020176,"2017-07-31 20:15:01"
IOP,0.00020176,"2017-07-31 20:20:02"
IOP,0.00020176,"2017-07-31 20:25:02"
IOP,0.00020176,"2017-07-31 20:30:01"
IOP,0.00020176,"2017-07-31 20:35:02"
IOP,0.00020176,"2017-07-31 20:40:01"
IOP,0.00020176,"2017-07-31 20:45:01"
IOP,0.00020176,"2017-07-31 20:50:02"
IOP,0.00020176,"2017-07-31 20:55:01"
IOP,0.00020176,"2017-07-31 21:00:06"
IOP,0.00020176,"2017-07-31 21:05:01"
IOP,0.00020176,"2017-07-31 21:10:01"
IOP,0.00020176,"2017-07-31 21:15:02"
IOP,0.00020176,"2017-07-31 21:20:01"
IOP,0.00020176,"2017-07-31 21:25:02"
IOP,0.00020176,"2017-07-31 21:30:02"
IOP,0.00020176,"2017-07-31 21:35:02"
IOP,0.00020176,"2017-07-31 21:40:01"
IOP,0.00020176,"2017-07-31 21:45:02"
IOP,0.00020176,"2017-07-31 21:50:01"
IOP,0.00020176,"2017-07-31 21:55:01"
IOP,0.00020175,"2017-07-31 22:00:02"
IOP,0.00020175,"2017-07-31 22:05:02"
IOP,0.00020175,"2017-07-31 22:10:01"
IOP,0.00020175,"2017-07-31 22:15:02"
IOP,0.00020175,"2017-07-31 22:20:02"
IOP,0.00020175,"2017-07-31 22:25:01"
IOP,0.00020175,"2017-07-31 22:30:02"
IOP,0.00020175,"2017-07-31 22:35:01"
IOP,0.00020175,"2017-07-31 22:40:02"
IOP,0.00020175,"2017-07-31 22:45:01"
IOP,0.00020175,"2017-07-31 22:50:02"
IOP,0.00020175,"2017-07-31 22:55:01"
IOP,0.00020175,"2017-07-31 23:00:05"
IOP,0.00020176,"2017-07-31 23:05:02"
IOP,0.00020176,"2017-07-31 23:10:02"
IOP,0.00020176,"2017-07-31 23:15:01"
IOP,0.00020176,"2017-07-31 23:20:01"
IOP,0.00020176,"2017-07-31 23:25:01"
IOP,0.00020176,"2017-07-31 23:30:02"
IOP,0.00020176,"2017-07-31 23:35:01"
IOP,0.00020176,"2017-07-31 23:40:02"
IOP,0.00020176,"2017-07-31 23:45:01"
IOP,0.00020176,"2017-07-31 23:50:02"
IOP,0.00020176,"2017-07-31 23:55:01"
IOP,0.00020176,"2017-08-01 00:00:02"
IOP,0.00020176,"2017-08-01 00:05:01"
IOP,0.00020176,"2017-08-01 00:10:01"
IOP,0.00020176,"2017-08-01 00:15:01"
IOP,0.00020176,"2017-08-01 00:20:01"
IOP,0.00020176,"2017-08-01 00:25:02"
IOP,0.00020176,"2017-08-01 00:30:03"
IOP,0.00020176,"2017-08-01 00:35:01"
IOP,0.00020176,"2017-08-01 00:40:01"
IOP,0.00020176,"2017-08-01 00:45:02"
IOP,0.00020176,"2017-08-01 00:50:02"
IOP,0.00020176,"2017-08-01 00:55:03"
IOP,0.00020176,"2017-08-01 01:00:02"
IOP,0.00020176,"2017-08-01 01:05:01"
IOP,0.00020176,"2017-08-01 01:10:02"
IOP,0.00020176,"2017-08-01 01:15:02"
IOP,0.00020176,"2017-08-01 01:20:01"
IOP,0.00020176,"2017-08-01 01:25:01"
IOP,0.00020176,"2017-08-01 01:30:01"
IOP,0.00020176,"2017-08-01 01:35:02"
IOP,0.00020176,"2017-08-01 01:40:02"
IOP,0.00020153,"2017-08-01 01:45:02"
IOP,0.00020153,"2017-08-01 01:50:06"
IOP,0.00020153,"2017-08-01 01:55:02"
IOP,0.00020153,"2017-08-01 02:00:02"
IOP,0.00020153,"2017-08-01 02:05:01"
IOP,0.00020153,"2017-08-01 02:10:01"
IOP,0.00020153,"2017-08-01 02:15:02"
IOP,0.00020153,"2017-08-01 02:20:01"
IOP,0.00020153,"2017-08-01 02:25:01"
IOP,0.00020153,"2017-08-01 02:30:01"
IOP,0.00020153,"2017-08-01 02:35:02"
IOP,0.00020153,"2017-08-01 02:40:01"
IOP,0.00020153,"2017-08-01 02:45:03"
IOP,0.00020153,"2017-08-01 02:50:01"
IOP,0.00020153,"2017-08-01 02:55:01"
IOP,0.00020153,"2017-08-01 03:00:01"
IOP,0.00020153,"2017-08-01 03:05:01"
IOP,0.00020153,"2017-08-01 03:10:01"
IOP,0.00020153,"2017-08-01 03:15:01"
IOP,0.00020153,"2017-08-01 03:20:01"
IOP,0.00020153,"2017-08-01 03:25:01"
IOP,0.00020153,"2017-08-01 03:30:01"
IOP,0.00020153,"2017-08-01 03:35:01"
IOP,0.00020153,"2017-08-01 03:40:02"
IOP,0.00020153,"2017-08-01 03:45:01"
IOP,0.00020153,"2017-08-01 03:50:02"
IOP,0.00020153,"2017-08-01 03:55:01"
IOP,0.00020153,"2017-08-01 04:00:02"
IOP,0.00020153,"2017-08-01 04:05:02"
IOP,0.00020153,"2017-08-01 04:10:02"
IOP,0.00020153,"2017-08-01 04:15:01"
IOP,0.00020153,"2017-08-01 04:20:01"
IOP,0.00020153,"2017-08-01 04:25:02"
IOP,0.00020153,"2017-08-01 04:30:02"
IOP,0.00020153,"2017-08-01 04:35:01"
IOP,0.00020153,"2017-08-01 04:40:02"
IOP,0.00020153,"2017-08-01 04:45:02"
IOP,0.00020153,"2017-08-01 04:50:01"
IOP,0.00020153,"2017-08-01 04:55:01"
IOP,0.00020153,"2017-08-01 05:00:03"
IOP,0.00020153,"2017-08-01 05:05:02"
IOP,0.00020153,"2017-08-01 05:10:01"
IOP,0.00020153,"2017-08-01 05:15:01"
IOP,0.00020153,"2017-08-01 05:20:01"
IOP,0.00020153,"2017-08-01 05:25:01"
IOP,0.00020153,"2017-08-01 05:30:01"
IOP,0.00020153,"2017-08-01 05:35:02"
IOP,0.00020153,"2017-08-01 05:40:01"
IOP,0.00020153,"2017-08-01 05:45:02"
IOP,0.00020153,"2017-08-01 05:50:01"
IOP,0.00020153,"2017-08-01 05:55:01"
IOP,0.00020153,"2017-08-01 06:00:02"
IOP,0.00020153,"2017-08-01 06:05:01"
IOP,0.00020153,"2017-08-01 06:10:02"
IOP,0.00020153,"2017-08-01 06:15:02"
IOP,0.00020153,"2017-08-01 06:20:02"
IOP,0.00020153,"2017-08-01 06:25:02"
IOP,0.00020153,"2017-08-01 06:30:03"
IOP,0.00020153,"2017-08-01 06:35:02"
IOP,0.00020153,"2017-08-01 06:40:02"
IOP,0.00020153,"2017-08-01 06:45:02"
IOP,0.00020153,"2017-08-01 06:50:01"
IOP,0.00020153,"2017-08-01 06:55:02"
IOP,0.00021516,"2017-08-01 07:00:10"
IOP,0.00021965,"2017-08-01 07:05:01"
IOP,0.00021965,"2017-08-01 07:10:02"
IOP,0.00021965,"2017-08-01 07:15:01"
IOP,0.00021965,"2017-08-01 07:20:02"
IOP,0.00021031,"2017-08-01 07:25:02"
IOP,0.00021031,"2017-08-01 07:30:01"
IOP,0.00021031,"2017-08-01 07:35:03"
IOP,0.00021031,"2017-08-01 07:40:01"
IOP,0.00021031,"2017-08-01 07:45:02"
IOP,0.00021031,"2017-08-01 07:50:01"
IOP,0.00021031,"2017-08-01 07:55:02"
IOP,0.00021031,"2017-08-01 08:00:02"
IOP,0.00021031,"2017-08-01 08:05:01"
IOP,0.00021031,"2017-08-01 08:10:02"
IOP,0.00021031,"2017-08-01 08:15:01"
IOP,0.00021031,"2017-08-01 08:20:02"
IOP,0.00021031,"2017-08-01 08:25:02"
IOP,0.00021031,"2017-08-01 08:30:02"
IOP,0.00021031,"2017-08-01 08:35:02"
IOP,0.00021031,"2017-08-01 08:40:02"
IOP,0.00021031,"2017-08-01 08:45:04"
IOP,0.00021031,"2017-08-01 08:50:01"
IOP,0.00021031,"2017-08-01 08:55:02"
IOP,0.00021031,"2017-08-01 09:00:05"
IOP,0.00021031,"2017-08-01 09:05:01"
IOP,0.0002103,"2017-08-01 09:10:02"
IOP,0.0002103,"2017-08-01 09:15:02"
IOP,0.0002103,"2017-08-01 09:20:02"
IOP,0.0002103,"2017-08-01 09:25:01"
IOP,0.0002103,"2017-08-01 09:30:45"
IOP,0.0002103,"2017-08-01 09:35:01"
IOP,0.00021031,"2017-08-01 09:40:04"
IOP,0.00021031,"2017-08-01 09:45:02"
IOP,0.00021031,"2017-08-01 09:50:02"
IOP,0.00021031,"2017-08-01 09:55:02"
IOP,0.00021031,"2017-08-01 10:00:02"
IOP,0.00021031,"2017-08-01 10:05:01"
IOP,0.00021031,"2017-08-01 10:10:01"
IOP,0.00021031,"2017-08-01 10:15:01"
IOP,0.00021031,"2017-08-01 10:20:01"
IOP,0.00021031,"2017-08-01 10:25:01"
IOP,0.00021031,"2017-08-01 10:30:02"
IOP,0.00021031,"2017-08-01 10:35:01"
IOP,0.00023336,"2017-08-01 10:40:02"
IOP,0.00023609,"2017-08-01 10:45:02"
IOP,0.00023609,"2017-08-01 10:50:02"
IOP,0.00023609,"2017-08-01 10:55:01"
IOP,0.00023609,"2017-08-01 11:00:02"
IOP,0.00023571,"2017-08-01 11:05:02"
IOP,0.00022418,"2017-08-01 11:10:02"
IOP,0.00022418,"2017-08-01 11:15:01"
IOP,0.00023484,"2017-08-01 11:20:02"
IOP,0.00023484,"2017-08-01 11:25:02"
IOP,0.00023484,"2017-08-01 11:30:01"
IOP,0.00023484,"2017-08-01 11:35:02"
IOP,0.00022419,"2017-08-01 11:40:01"
IOP,0.00022207,"2017-08-01 11:45:01"
IOP,0.00022207,"2017-08-01 11:50:01"
IOP,0.00022207,"2017-08-01 11:55:01"
IOP,0.00022207,"2017-08-01 12:00:02"
IOP,0.00022207,"2017-08-01 12:05:02"
IOP,0.00022207,"2017-08-01 12:10:02"
IOP,0.00022207,"2017-08-01 12:15:02"
IOP,0.00022207,"2017-08-01 12:20:02"
IOP,0.00022207,"2017-08-01 12:25:01"
IOP,0.00020287,"2017-08-01 12:30:04"
IOP,0.00020287,"2017-08-01 12:35:06"
IOP,0.00020287,"2017-08-01 12:40:01"
IOP,0.00020287,"2017-08-01 12:45:02"
IOP,0.00020287,"2017-08-01 12:50:01"
IOP,0.00020287,"2017-08-01 12:55:01"
IOP,0.00020287,"2017-08-01 13:00:02"
IOP,0.00020287,"2017-08-01 13:05:01"
IOP,0.00020287,"2017-08-01 13:10:02"
IOP,0.00020287,"2017-08-01 13:15:01"
IOP,0.00020287,"2017-08-01 13:20:02"
IOP,0.00020287,"2017-08-01 13:25:02"
IOP,0.00020287,"2017-08-01 13:30:02"
IOP,0.00020287,"2017-08-01 13:35:08"
IOP,0.00020287,"2017-08-01 13:40:01"
IOP,0.00020287,"2017-08-01 13:45:02"
IOP,0.00020287,"2017-08-01 13:50:02"
IOP,0.00020287,"2017-08-01 13:55:02"
IOP,0.00020287,"2017-08-01 14:00:01"
IOP,0.00020287,"2017-08-01 14:05:01"
IOP,0.00020001,"2017-08-01 14:10:01"
IOP,0.00020001,"2017-08-01 14:15:02"
IOP,0.00020001,"2017-08-01 14:20:02"
IOP,0.00020001,"2017-08-01 14:25:02"
IOP,0.00020001,"2017-08-01 14:30:05"
IOP,0.00020001,"2017-08-01 14:35:02"
IOP,0.00020001,"2017-08-01 14:40:02"
IOP,0.00020001,"2017-08-01 14:45:04"
IOP,0.00020001,"2017-08-01 14:50:02"
IOP,0.00020001,"2017-08-01 14:55:04"
IOP,0.00020001,"2017-08-01 15:00:16"
IOP,0.0002212,"2017-08-01 15:05:13"
IOP,0.00021797,"2017-08-01 15:10:02"
IOP,0.00021797,"2017-08-01 15:15:09"
IOP,0.00021797,"2017-08-01 15:20:02"
IOP,0.00021797,"2017-08-01 15:25:03"
IOP,0.00021797,"2017-08-01 15:30:02"
IOP,0.00021797,"2017-08-01 15:35:07"
IOP,0.00021797,"2017-08-01 15:40:02"
IOP,0.00021797,"2017-08-01 15:45:01"
IOP,0.00021797,"2017-08-01 15:50:03"
IOP,0.00021797,"2017-08-01 15:55:02"
IOP,0.00021797,"2017-08-01 16:00:02"
IOP,0.00021797,"2017-08-01 16:05:01"
IOP,0.00021797,"2017-08-01 16:10:01"
IOP,0.00021797,"2017-08-01 16:15:02"
IOP,0.00021797,"2017-08-01 16:20:01"
IOP,0.00021797,"2017-08-01 16:25:04"
IOP,0.00022858,"2017-08-01 16:30:01"
IOP,0.00022858,"2017-08-01 16:35:06"
IOP,0.00022858,"2017-08-01 16:40:02"
IOP,0.00022858,"2017-08-01 16:45:01"
IOP,0.00022858,"2017-08-01 16:50:02"
IOP,0.00022858,"2017-08-01 16:55:01"
IOP,0.00022858,"2017-08-01 17:00:02"
IOP,0.00022858,"2017-08-01 17:05:01"
IOP,0.00022858,"2017-08-01 17:10:02"
IOP,0.00022858,"2017-08-01 17:15:07"
IOP,0.00022858,"2017-08-01 17:20:01"
IOP,0.00022858,"2017-08-01 17:25:02"
IOP,0.00022858,"2017-08-01 17:30:07"
IOP,0.00022858,"2017-08-01 17:35:01"
IOP,0.00022858,"2017-08-01 17:40:02"
IOP,0.00022858,"2017-08-01 17:45:05"
IOP,0.00020001,"2017-08-01 17:50:09"
IOP,0.00020001,"2017-08-01 17:55:05"
IOP,0.00020001,"2017-08-01 18:00:02"
IOP,0.00020001,"2017-08-01 18:05:03"
IOP,0.00020001,"2017-08-01 18:10:02"
IOP,0.00020001,"2017-08-01 18:15:02"
IOP,0.00020001,"2017-08-01 18:20:02"
IOP,0.00020001,"2017-08-01 18:25:01"
IOP,0.00020001,"2017-08-01 18:30:03"
IOP,0.00020001,"2017-08-01 18:35:02"
IOP,0.00020001,"2017-08-01 18:40:02"
IOP,0.00020001,"2017-08-01 18:45:01"
IOP,0.00020001,"2017-08-01 18:50:02"
IOP,0.0002021,"2017-08-01 18:55:02"
IOP,0.0002021,"2017-08-01 19:00:03"
IOP,0.0002021,"2017-08-01 19:05:01"
IOP,0.0002021,"2017-08-01 19:10:01"
IOP,0.0002021,"2017-08-01 19:15:02"
IOP,0.0002021,"2017-08-01 19:20:01"
IOP,0.0002021,"2017-08-01 19:25:02"
IOP,0.0002021,"2017-08-01 19:30:02"
IOP,0.0002021,"2017-08-01 19:35:01"
IOP,0.0002021,"2017-08-01 19:40:04"
IOP,0.0002021,"2017-08-01 19:45:02"
IOP,0.000224,"2017-08-01 19:50:01"
IOP,0.000224,"2017-08-01 19:55:02"
IOP,0.00022438,"2017-08-01 20:00:01"
IOP,0.00022438,"2017-08-01 20:05:01"
IOP,0.00022438,"2017-08-01 20:10:06"
IOP,0.00022438,"2017-08-01 20:15:01"
IOP,0.00022322,"2017-08-01 20:20:01"
IOP,0.00022322,"2017-08-01 20:25:01"
IOP,0.00022322,"2017-08-01 20:30:03"
IOP,0.00022322,"2017-08-01 20:35:02"
IOP,0.00022322,"2017-08-01 20:40:02"
IOP,0.00022322,"2017-08-01 20:45:02"
IOP,0.00022322,"2017-08-01 20:50:01"
IOP,0.00022104,"2017-08-01 20:55:02"
IOP,0.00022105,"2017-08-01 21:00:07"
IOP,0.00022105,"2017-08-01 21:05:02"
IOP,0.00022105,"2017-08-01 21:10:01"
IOP,0.00022105,"2017-08-01 21:15:01"
IOP,0.00022105,"2017-08-01 21:20:02"
IOP,0.00022105,"2017-08-01 21:25:02"
IOP,0.000221,"2017-08-01 21:30:01"
IOP,0.00021889,"2017-08-01 21:35:01"
IOP,0.00021889,"2017-08-01 21:40:02"
IOP,0.00020384,"2017-08-01 21:45:02"
IOP,0.00020424,"2017-08-01 21:50:01"
IOP,0.00020424,"2017-08-01 21:55:02"
IOP,0.00021775,"2017-08-01 22:00:01"
IOP,0.00021775,"2017-08-01 22:05:01"
IOP,0.00021778,"2017-08-01 22:10:02"
IOP,0.00021778,"2017-08-01 22:15:01"
IOP,0.00021778,"2017-08-01 22:20:06"
IOP,0.00020555,"2017-08-01 22:25:05"
IOP,0.00020556,"2017-08-01 22:30:02"
IOP,0.00020556,"2017-08-01 22:35:01"
IOP,0.00020555,"2017-08-01 22:40:05"
IOP,0.00020555,"2017-08-01 22:45:02"
IOP,0.00020555,"2017-08-01 22:50:28"
IOP,0.00020555,"2017-08-01 22:55:02"
IOP,0.00020555,"2017-08-01 23:00:02"
IOP,0.00020556,"2017-08-01 23:05:02"
IOP,0.00020556,"2017-08-01 23:10:01"
IOP,0.00020556,"2017-08-01 23:15:02"
IOP,0.00020556,"2017-08-01 23:20:01"
IOP,0.00020556,"2017-08-01 23:25:01"
IOP,0.00020556,"2017-08-01 23:30:01"
IOP,0.00020556,"2017-08-01 23:35:02"
IOP,0.0002024,"2017-08-01 23:40:01"
IOP,0.0002024,"2017-08-01 23:45:03"
IOP,0.0002024,"2017-08-01 23:50:01"
IOP,0.0002024,"2017-08-01 23:55:01"
IOP,0.0002024,"2017-08-02 00:00:02"
IOP,0.0002024,"2017-08-02 00:05:02"
IOP,0.00021389,"2017-08-02 00:10:01"
IOP,0.00021389,"2017-08-02 00:15:02"
IOP,0.00021389,"2017-08-02 00:20:01"
IOP,0.00021389,"2017-08-02 00:25:02"
IOP,0.00021389,"2017-08-02 00:30:02"
IOP,0.00021389,"2017-08-02 00:35:01"
IOP,0.00020251,"2017-08-02 00:40:01"
IOP,0.00020251,"2017-08-02 00:45:04"
IOP,0.00020251,"2017-08-02 00:50:01"
IOP,0.00020251,"2017-08-02 00:55:01"
IOP,0.00020251,"2017-08-02 01:00:02"
IOP,0.00020251,"2017-08-02 01:05:01"
IOP,0.00020251,"2017-08-02 01:10:07"
IOP,0.00020524,"2017-08-02 01:15:02"
IOP,0.00020524,"2017-08-02 01:20:04"
IOP,0.00020524,"2017-08-02 01:25:01"
IOP,0.00020524,"2017-08-02 01:30:01"
IOP,0.00020524,"2017-08-02 01:35:02"
IOP,0.00020524,"2017-08-02 01:40:01"
IOP,0.00020524,"2017-08-02 01:45:02"
IOP,0.00020524,"2017-08-02 01:50:01"
IOP,0.00018543,"2017-08-02 01:55:01"
IOP,0.00018543,"2017-08-02 02:00:01"
IOP,0.0002129,"2017-08-02 02:05:01"
IOP,0.0002129,"2017-08-02 02:10:01"
IOP,0.0002129,"2017-08-02 02:15:01"
IOP,0.0002129,"2017-08-02 02:20:01"
IOP,0.0002129,"2017-08-02 02:25:01"
IOP,0.00020524,"2017-08-02 02:30:01"
IOP,0.00020524,"2017-08-02 02:35:01"
IOP,0.00020524,"2017-08-02 02:40:06"
IOP,0.00020524,"2017-08-02 02:45:02"
IOP,0.00019286,"2017-08-02 02:50:02"
IOP,0.00019286,"2017-08-02 02:55:01"
IOP,0.00019315,"2017-08-02 03:00:02"
IOP,0.00019315,"2017-08-02 03:05:02"
IOP,0.00019315,"2017-08-02 03:10:01"
IOP,0.00019315,"2017-08-02 03:15:01"
IOP,0.00019315,"2017-08-02 03:20:02"
IOP,0.00020794,"2017-08-02 03:25:02"
IOP,0.00020794,"2017-08-02 03:30:01"
IOP,0.00020794,"2017-08-02 03:35:01"
IOP,0.00020794,"2017-08-02 03:40:01"
IOP,0.00020794,"2017-08-02 03:45:02"
IOP,0.00020794,"2017-08-02 03:50:02"
IOP,0.00020794,"2017-08-02 03:55:01"
IOP,0.00020794,"2017-08-02 04:00:02"
IOP,0.00020794,"2017-08-02 04:05:01"
IOP,0.00020794,"2017-08-02 04:10:01"
IOP,0.00020794,"2017-08-02 04:15:02"
IOP,0.00020794,"2017-08-02 04:20:01"
IOP,0.00019533,"2017-08-02 04:25:01"
IOP,0.00019533,"2017-08-02 04:30:01"
IOP,0.00019533,"2017-08-02 04:35:03"
IOP,0.00019533,"2017-08-02 04:40:01"
IOP,0.00019533,"2017-08-02 04:45:01"
IOP,0.00020338,"2017-08-02 04:50:01"
IOP,0.00020377,"2017-08-02 04:55:01"
IOP,0.00020377,"2017-08-02 05:00:02"
IOP,0.00020377,"2017-08-02 05:05:02"
IOP,0.00020377,"2017-08-02 05:10:02"
IOP,0.00020377,"2017-08-02 05:15:02"
IOP,0.00020377,"2017-08-02 05:20:01"
IOP,0.00020377,"2017-08-02 05:25:08"
IOP,0.00020748,"2017-08-02 05:30:02"
IOP,0.00020748,"2017-08-02 05:35:02"
IOP,0.00020338,"2017-08-02 05:40:02"
IOP,0.00020338,"2017-08-02 05:45:02"
IOP,0.00020338,"2017-08-02 05:50:01"
IOP,0.00020338,"2017-08-02 05:55:01"
IOP,0.00020338,"2017-08-02 06:00:02"
IOP,0.00020338,"2017-08-02 06:05:01"
IOP,0.00020338,"2017-08-02 06:10:01"
IOP,0.00020338,"2017-08-02 06:15:02"
IOP,0.00020338,"2017-08-02 06:20:02"
IOP,0.00020338,"2017-08-02 06:25:02"
IOP,0.00020338,"2017-08-02 06:30:09"
IOP,0.00020338,"2017-08-02 06:35:01"
IOP,0.00020338,"2017-08-02 06:40:02"
IOP,0.00020338,"2017-08-02 06:45:01"
IOP,0.00020338,"2017-08-02 06:50:01"
IOP,0.00020338,"2017-08-02 06:55:02"
IOP,0.00020338,"2017-08-02 07:00:02"
IOP,0.00020338,"2017-08-02 07:05:01"
IOP,0.00020338,"2017-08-02 07:10:02"
IOP,0.00020338,"2017-08-02 07:15:02"
IOP,0.00020338,"2017-08-02 07:20:02"
IOP,0.00020338,"2017-08-02 07:25:01"
IOP,0.00020338,"2017-08-02 07:30:04"
IOP,0.00020338,"2017-08-02 07:35:02"
IOP,0.00020338,"2017-08-02 07:40:02"
IOP,0.00020338,"2017-08-02 07:45:02"
IOP,0.00020338,"2017-08-02 07:50:03"
IOP,0.00020338,"2017-08-02 07:55:02"
IOP,0.00020338,"2017-08-02 08:00:02"
IOP,0.00020338,"2017-08-02 08:05:01"
IOP,0.00020338,"2017-08-02 08:10:01"
IOP,0.00020338,"2017-08-02 08:15:01"
IOP,0.00020338,"2017-08-02 08:20:01"
IOP,0.00020338,"2017-08-02 08:25:02"
IOP,0.00020338,"2017-08-02 08:30:02"
IOP,0.00020338,"2017-08-02 08:35:01"
IOP,0.00020338,"2017-08-02 08:40:01"
IOP,0.00020338,"2017-08-02 08:45:01"
IOP,0.000204,"2017-08-02 08:50:01"
IOP,0.000204,"2017-08-02 08:55:01"
IOP,0.00020746,"2017-08-02 09:00:01"
IOP,0.00020746,"2017-08-02 09:05:02"
IOP,0.00020746,"2017-08-02 09:10:02"
IOP,0.00020748,"2017-08-02 09:15:02"
IOP,0.00020748,"2017-08-02 09:20:01"
IOP,0.00020748,"2017-08-02 09:25:01"
IOP,0.00020748,"2017-08-02 09:30:02"
IOP,0.00020748,"2017-08-02 09:35:02"
IOP,0.00020748,"2017-08-02 09:40:01"
IOP,0.00020748,"2017-08-02 09:45:02"
IOP,0.00020748,"2017-08-02 09:50:02"
IOP,0.00020748,"2017-08-02 09:55:01"
IOP,0.00020748,"2017-08-02 10:00:02"
IOP,0.00020748,"2017-08-02 10:05:02"
IOP,0.00020748,"2017-08-02 10:10:01"
IOP,0.00020748,"2017-08-02 10:15:01"
IOP,0.00020748,"2017-08-02 10:20:02"
IOP,0.00020748,"2017-08-02 10:25:02"
IOP,0.00020748,"2017-08-02 10:30:01"
IOP,0.00020748,"2017-08-02 10:35:02"
IOP,0.000204,"2017-08-02 10:40:01"
IOP,0.000204,"2017-08-02 10:45:01"
IOP,0.00021099,"2017-08-02 10:50:02"
IOP,0.00021099,"2017-08-02 10:55:02"
IOP,0.00021099,"2017-08-02 11:00:02"
IOP,0.00021099,"2017-08-02 11:05:02"
IOP,0.00021311,"2017-08-02 11:10:01"
IOP,0.00021311,"2017-08-02 11:15:01"
IOP,0.00021312,"2017-08-02 11:20:01"
IOP,0.00021312,"2017-08-02 11:25:02"
IOP,0.00021312,"2017-08-02 11:30:02"
IOP,0.00022,"2017-08-02 11:35:01"
IOP,0.00021442,"2017-08-02 11:40:02"
IOP,0.00022,"2017-08-02 11:45:02"
IOP,0.00022103,"2017-08-02 11:50:01"
IOP,0.00022103,"2017-08-02 11:55:07"
IOP,0.00022103,"2017-08-02 12:00:02"
IOP,0.000222,"2017-08-02 12:05:02"
IOP,0.00022208,"2017-08-02 12:10:01"
IOP,0.00023,"2017-08-02 12:15:02"
IOP,0.00023495,"2017-08-02 12:20:02"
IOP,0.00023495,"2017-08-02 12:25:01"
IOP,0.00022901,"2017-08-02 12:30:01"
IOP,0.00022901,"2017-08-02 12:35:02"
IOP,0.00022901,"2017-08-02 12:40:04"
IOP,0.00022901,"2017-08-02 12:45:01"
IOP,0.00022901,"2017-08-02 12:50:02"
IOP,0.00022901,"2017-08-02 12:55:01"
IOP,0.00022901,"2017-08-02 13:00:01"
IOP,0.00022901,"2017-08-02 13:05:04"
IOP,0.00022901,"2017-08-02 13:10:01"
IOP,0.00021855,"2017-08-02 13:15:01"
IOP,0.00021793,"2017-08-02 13:20:01"
IOP,0.00021793,"2017-08-02 13:25:01"
IOP,0.00021656,"2017-08-02 13:30:02"
IOP,0.0002049,"2017-08-02 13:35:01"
IOP,0.0002049,"2017-08-02 13:40:02"
IOP,0.0002049,"2017-08-02 13:45:01"
IOP,0.0002049,"2017-08-02 13:50:02"
IOP,0.00020989,"2017-08-02 13:55:01"
IOP,0.00020505,"2017-08-02 14:00:01"
IOP,0.00020861,"2017-08-02 14:05:01"
IOP,0.00020861,"2017-08-02 14:10:01"
IOP,0.00020861,"2017-08-02 14:15:02"
IOP,0.00020491,"2017-08-02 14:20:01"
IOP,0.00020491,"2017-08-02 14:25:01"
IOP,0.00020491,"2017-08-02 14:30:01"
IOP,0.00020861,"2017-08-02 14:35:02"
IOP,0.00020861,"2017-08-02 14:40:01"
IOP,0.00020861,"2017-08-02 14:45:05"
IOP,0.00020861,"2017-08-02 14:50:01"
IOP,0.00021822,"2017-08-02 14:55:02"
IOP,0.00021,"2017-08-02 15:00:01"
IOP,0.00021011,"2017-08-02 15:05:01"
IOP,0.00021011,"2017-08-02 15:10:01"
IOP,0.00019538,"2017-08-02 15:15:02"
IOP,0.00019538,"2017-08-02 15:20:02"
IOP,0.00019538,"2017-08-02 15:25:02"
IOP,0.00019538,"2017-08-02 15:30:02"
IOP,0.00019538,"2017-08-02 15:35:01"
IOP,0.00019538,"2017-08-02 15:40:01"
IOP,0.00019538,"2017-08-02 15:45:01"
IOP,0.00019538,"2017-08-02 15:50:02"
IOP,0.00019538,"2017-08-02 15:55:02"
IOP,0.00019538,"2017-08-02 16:00:02"
IOP,0.00019538,"2017-08-02 16:05:05"
IOP,0.00019538,"2017-08-02 16:10:02"
IOP,0.00019538,"2017-08-02 16:15:02"
IOP,0.00019538,"2017-08-02 16:20:02"
IOP,0.0002135,"2017-08-02 16:25:02"
IOP,0.00019538,"2017-08-02 16:30:02"
IOP,0.00019538,"2017-08-02 16:35:02"
IOP,0.00019538,"2017-08-02 16:40:02"
IOP,0.00019538,"2017-08-02 16:45:02"
IOP,0.00019538,"2017-08-02 16:50:01"
IOP,0.00019538,"2017-08-02 16:55:01"
IOP,0.00019538,"2017-08-02 17:00:01"
IOP,0.00019538,"2017-08-02 17:05:01"
IOP,0.00019538,"2017-08-02 17:10:02"
IOP,0.00019734,"2017-08-02 17:15:02"
IOP,0.00019538,"2017-08-02 17:20:01"
IOP,0.00019538,"2017-08-02 17:25:05"
IOP,0.00019538,"2017-08-02 17:30:02"
IOP,0.00019538,"2017-08-02 17:35:01"
IOP,0.00019538,"2017-08-02 17:40:02"
IOP,0.00019538,"2017-08-02 17:45:06"
IOP,0.00019538,"2017-08-02 17:50:02"
IOP,0.00019538,"2017-08-02 17:55:02"
IOP,0.00019538,"2017-08-02 18:00:02"
IOP,0.00019548,"2017-08-02 18:05:02"
IOP,0.00019548,"2017-08-02 18:10:02"
IOP,0.00019548,"2017-08-02 18:15:02"
IOP,0.00019548,"2017-08-02 18:20:01"
IOP,0.00019548,"2017-08-02 18:25:01"
IOP,0.00019865,"2017-08-02 18:30:01"
IOP,0.00019865,"2017-08-02 18:35:01"
IOP,0.00019865,"2017-08-02 18:40:01"
IOP,0.00019865,"2017-08-02 18:45:01"
IOP,0.00019865,"2017-08-02 18:50:02"
IOP,0.00019538,"2017-08-02 18:55:02"
IOP,0.00019865,"2017-08-02 19:00:02"
IOP,0.00019865,"2017-08-02 19:05:02"
IOP,0.00019865,"2017-08-02 19:10:01"
IOP,0.00019865,"2017-08-02 19:15:01"
IOP,0.00019865,"2017-08-02 19:20:01"
IOP,0.00019865,"2017-08-02 19:25:02"
IOP,0.00019865,"2017-08-02 19:30:03"
IOP,0.00019865,"2017-08-02 19:35:01"
IOP,0.00019865,"2017-08-02 19:40:02"
IOP,0.00019865,"2017-08-02 19:45:07"
IOP,0.00019865,"2017-08-02 19:50:08"
IOP,0.00019865,"2017-08-02 19:55:02"
IOP,0.00020346,"2017-08-02 20:00:02"
IOP,0.00020346,"2017-08-02 20:05:06"
IOP,0.00020346,"2017-08-02 20:10:01"
IOP,0.00020346,"2017-08-02 20:15:01"
IOP,0.00020346,"2017-08-02 20:20:02"
IOP,0.00020346,"2017-08-02 20:25:02"
IOP,0.00020346,"2017-08-02 20:30:01"
IOP,0.00020856,"2017-08-02 20:35:01"
IOP,0.00020856,"2017-08-02 20:40:02"
IOP,0.00020856,"2017-08-02 20:45:01"
IOP,0.00020856,"2017-08-02 20:50:01"
IOP,0.0001984,"2017-08-02 20:55:01"
IOP,0.0001984,"2017-08-02 21:00:07"
IOP,0.0001984,"2017-08-02 21:05:01"
IOP,0.0001984,"2017-08-02 21:10:02"
IOP,0.0001984,"2017-08-02 21:15:02"
IOP,0.0001984,"2017-08-02 21:20:01"
IOP,0.0001984,"2017-08-02 21:25:02"
IOP,0.0001984,"2017-08-02 21:30:02"
IOP,0.0001984,"2017-08-02 21:35:02"
IOP,0.0001984,"2017-08-02 21:40:02"
IOP,0.0001984,"2017-08-02 21:45:02"
IOP,0.0001984,"2017-08-02 21:50:01"
IOP,0.0001984,"2017-08-02 21:55:02"
IOP,0.0001984,"2017-08-02 22:00:02"
IOP,0.0001984,"2017-08-02 22:05:02"
IOP,0.0001984,"2017-08-02 22:10:02"
IOP,0.0001984,"2017-08-02 22:15:02"
IOP,0.0001984,"2017-08-02 22:20:01"
IOP,0.00019998,"2017-08-02 22:25:01"
IOP,0.00019998,"2017-08-02 22:30:01"
IOP,0.00019998,"2017-08-02 22:35:02"
IOP,0.00019996,"2017-08-02 22:40:02"
IOP,0.00019996,"2017-08-02 22:45:02"
IOP,0.00019996,"2017-08-02 22:50:01"
IOP,0.00019997,"2017-08-02 22:55:02"
IOP,0.00019997,"2017-08-02 23:00:02"
IOP,0.00019997,"2017-08-02 23:05:01"
IOP,0.00019997,"2017-08-02 23:10:01"
IOP,0.00019997,"2017-08-02 23:15:01"
IOP,0.00019997,"2017-08-02 23:20:02"
IOP,0.00019997,"2017-08-02 23:25:01"
IOP,0.00019997,"2017-08-02 23:30:02"
IOP,0.00020602,"2017-08-02 23:35:01"
IOP,0.00020602,"2017-08-02 23:40:01"
IOP,0.00020602,"2017-08-02 23:45:01"
IOP,0.00020602,"2017-08-02 23:50:01"
IOP,0.00020602,"2017-08-02 23:55:01"
IOP,0.00020602,"2017-08-03 00:00:03"
IOP,0.0002042,"2017-08-03 00:05:02"
IOP,0.0002042,"2017-08-03 00:10:02"
IOP,0.0002042,"2017-08-03 00:15:01"
IOP,0.0002042,"2017-08-03 00:20:02"
IOP,0.0002042,"2017-08-03 00:25:01"
IOP,0.0002042,"2017-08-03 00:30:02"
IOP,0.0002042,"2017-08-03 00:35:01"
IOP,0.0002042,"2017-08-03 00:40:01"
IOP,0.0002042,"2017-08-03 00:45:03"
IOP,0.0002042,"2017-08-03 00:50:02"
IOP,0.0002042,"2017-08-03 00:55:02"
IOP,0.0002042,"2017-08-03 01:00:01"
IOP,0.0002042,"2017-08-03 01:05:01"
IOP,0.0002042,"2017-08-03 01:10:02"
IOP,0.0002042,"2017-08-03 01:15:02"
IOP,0.0002042,"2017-08-03 01:20:01"
IOP,0.00020439,"2017-08-03 01:25:01"
IOP,0.00020439,"2017-08-03 01:30:02"
IOP,0.00020439,"2017-08-03 01:35:01"
IOP,0.00019538,"2017-08-03 01:40:01"
IOP,0.00019538,"2017-08-03 01:45:01"
IOP,0.00019538,"2017-08-03 01:50:02"
IOP,0.00019538,"2017-08-03 01:55:01"
IOP,0.00019538,"2017-08-03 02:00:02"
IOP,0.000194,"2017-08-03 02:05:02"
IOP,0.00019538,"2017-08-03 02:10:01"
IOP,0.00019538,"2017-08-03 02:15:01"
IOP,0.00019538,"2017-08-03 02:20:02"
IOP,0.00019538,"2017-08-03 02:25:02"
IOP,0.000201,"2017-08-03 02:30:02"
IOP,0.000201,"2017-08-03 02:35:01"
IOP,0.000201,"2017-08-03 02:40:01"
IOP,0.000201,"2017-08-03 02:45:01"
IOP,0.000201,"2017-08-03 02:50:01"
IOP,0.000201,"2017-08-03 02:55:02"
IOP,0.000201,"2017-08-03 03:00:01"
IOP,0.000201,"2017-08-03 03:05:02"
IOP,0.000201,"2017-08-03 03:10:02"
IOP,0.000201,"2017-08-03 03:15:02"
IOP,0.000201,"2017-08-03 03:20:02"
IOP,0.000201,"2017-08-03 03:25:01"
IOP,0.000201,"2017-08-03 03:30:02"
IOP,0.000201,"2017-08-03 03:35:01"
IOP,0.000201,"2017-08-03 03:40:01"
IOP,0.000201,"2017-08-03 03:45:01"
IOP,0.000201,"2017-08-03 03:50:04"
IOP,0.000201,"2017-08-03 03:55:03"
IOP,0.000201,"2017-08-03 04:00:02"
IOP,0.000201,"2017-08-03 04:05:01"
IOP,0.000201,"2017-08-03 04:10:01"
IOP,0.000201,"2017-08-03 04:15:01"
IOP,0.000201,"2017-08-03 04:20:01"
IOP,0.000201,"2017-08-03 04:25:02"
IOP,0.00020026,"2017-08-03 04:30:02"
IOP,0.00020026,"2017-08-03 04:35:09"
IOP,0.00020026,"2017-08-03 04:40:02"
IOP,0.00020026,"2017-08-03 04:45:01"
IOP,0.00020026,"2017-08-03 04:50:02"
IOP,0.00020026,"2017-08-03 04:55:03"
IOP,0.00020026,"2017-08-03 05:00:02"
IOP,0.00020026,"2017-08-03 05:05:01"
IOP,0.00020026,"2017-08-03 05:10:01"
IOP,0.00020026,"2017-08-03 05:15:02"
IOP,0.00020026,"2017-08-03 05:20:01"
IOP,0.00020026,"2017-08-03 05:25:02"
IOP,0.00020026,"2017-08-03 05:30:02"
IOP,0.00020026,"2017-08-03 05:35:02"
IOP,0.00020026,"2017-08-03 05:40:02"
IOP,0.00020026,"2017-08-03 05:45:01"
IOP,0.00020026,"2017-08-03 05:50:01"
IOP,0.00020026,"2017-08-03 05:55:01"
IOP,0.00020026,"2017-08-03 06:00:02"
IOP,0.00019999,"2017-08-03 06:05:03"
IOP,0.000194,"2017-08-03 06:10:01"
IOP,0.000194,"2017-08-03 06:15:01"
IOP,0.00019993,"2017-08-03 06:20:02"
IOP,0.00019993,"2017-08-03 06:25:02"
IOP,0.00019993,"2017-08-03 06:30:03"
IOP,0.00019993,"2017-08-03 06:35:02"
IOP,0.00019993,"2017-08-03 06:40:02"
IOP,0.00019993,"2017-08-03 06:45:02"
IOP,0.00019993,"2017-08-03 06:50:02"
IOP,0.00019993,"2017-08-03 06:55:01"
IOP,0.00019993,"2017-08-03 07:00:01"
IOP,0.00019969,"2017-08-03 07:05:01"
IOP,0.00019969,"2017-08-03 07:10:04"
IOP,0.00019969,"2017-08-03 07:15:01"
IOP,0.00019969,"2017-08-03 07:20:02"
IOP,0.00019969,"2017-08-03 07:25:02"
IOP,0.00019969,"2017-08-03 07:30:02"
IOP,0.00019969,"2017-08-03 07:35:02"
IOP,0.00019969,"2017-08-03 07:40:01"
IOP,0.00020026,"2017-08-03 07:45:01"
IOP,0.00020049,"2017-08-03 07:50:01"
IOP,0.00020049,"2017-08-03 07:55:02"
IOP,0.00020049,"2017-08-03 08:00:01"
IOP,0.00020049,"2017-08-03 08:05:02"
IOP,0.00020049,"2017-08-03 08:10:01"
IOP,0.00020049,"2017-08-03 08:15:02"
IOP,0.00019981,"2017-08-03 08:20:02"
IOP,0.00019981,"2017-08-03 08:25:02"
IOP,0.00019981,"2017-08-03 08:30:01"
IOP,0.00019981,"2017-08-03 08:35:02"
IOP,0.00019981,"2017-08-03 08:40:02"
IOP,0.00019981,"2017-08-03 08:45:01"
IOP,0.00019981,"2017-08-03 08:50:02"
IOP,0.00019981,"2017-08-03 08:55:02"
IOP,0.00019981,"2017-08-03 09:00:02"
IOP,0.00019999,"2017-08-03 09:05:01"
IOP,0.00019999,"2017-08-03 09:10:01"
IOP,0.00019999,"2017-08-03 09:15:01"
IOP,0.00019999,"2017-08-03 09:20:05"
IOP,0.00019999,"2017-08-03 09:25:01"
IOP,0.00019999,"2017-08-03 09:30:01"
IOP,0.00019999,"2017-08-03 09:35:02"
IOP,0.00019999,"2017-08-03 09:40:01"
IOP,0.00019999,"2017-08-03 09:45:01"
IOP,0.00019997,"2017-08-03 09:50:01"
IOP,0.00019997,"2017-08-03 09:55:02"
IOP,0.00019997,"2017-08-03 10:00:01"
IOP,0.00019997,"2017-08-03 10:05:02"
IOP,0.00019997,"2017-08-03 10:10:02"
IOP,0.00019997,"2017-08-03 10:15:01"
IOP,0.00019997,"2017-08-03 10:20:01"
IOP,0.00019981,"2017-08-03 10:25:01"
IOP,0.00019981,"2017-08-03 10:30:01"
IOP,0.00019981,"2017-08-03 10:35:01"
IOP,0.00019981,"2017-08-03 10:40:01"
IOP,0.00019981,"2017-08-03 10:45:01"
IOP,0.00019981,"2017-08-03 10:50:02"
IOP,0.00019999,"2017-08-03 10:55:02"
IOP,0.00019999,"2017-08-03 11:00:04"
IOP,0.00019999,"2017-08-03 11:05:05"
IOP,0.00019999,"2017-08-03 11:10:02"
IOP,0.00019981,"2017-08-03 11:15:02"
IOP,0.00019981,"2017-08-03 11:20:01"
IOP,0.00019981,"2017-08-03 11:25:02"
IOP,0.00019981,"2017-08-03 11:30:02"
IOP,0.00019981,"2017-08-03 11:35:04"
IOP,0.00019981,"2017-08-03 11:40:01"
IOP,0.00019981,"2017-08-03 11:45:01"
IOP,0.00019999,"2017-08-03 11:50:01"
IOP,0.00019999,"2017-08-03 11:55:01"
IOP,0.00019999,"2017-08-03 12:00:02"
IOP,0.00019999,"2017-08-03 12:05:01"
IOP,0.00019981,"2017-08-03 12:10:01"
IOP,0.00019981,"2017-08-03 12:15:02"
IOP,0.00019999,"2017-08-03 12:20:01"
IOP,0.00019999,"2017-08-03 12:25:01"
IOP,0.00019999,"2017-08-03 12:30:02"
IOP,0.00020049,"2017-08-03 12:35:02"
IOP,0.00020049,"2017-08-03 12:40:02"
IOP,0.00020049,"2017-08-03 12:45:01"
IOP,0.0002005,"2017-08-03 12:50:02"
IOP,0.00020049,"2017-08-03 12:55:01"
IOP,0.00020049,"2017-08-03 13:00:03"
IOP,0.0002005,"2017-08-03 13:05:01"
IOP,0.0002005,"2017-08-03 13:10:02"
IOP,0.0002005,"2017-08-03 13:15:04"
IOP,0.0002005,"2017-08-03 13:20:01"
IOP,0.0002005,"2017-08-03 13:25:01"
IOP,0.0002005,"2017-08-03 13:30:01"
IOP,0.0002005,"2017-08-03 13:35:02"
IOP,0.0002005,"2017-08-03 13:40:02"
IOP,0.0002005,"2017-08-03 13:45:01"
IOP,0.0002005,"2017-08-03 13:50:02"
IOP,0.0002005,"2017-08-03 13:55:01"
IOP,0.0002005,"2017-08-03 14:00:01"
IOP,0.0002005,"2017-08-03 14:05:02"
IOP,0.0002005,"2017-08-03 14:10:01"
IOP,0.0002005,"2017-08-03 14:15:01"
IOP,0.0002005,"2017-08-03 14:20:02"
IOP,0.0002005,"2017-08-03 14:25:02"
IOP,0.0002005,"2017-08-03 14:30:08"
IOP,0.00020137,"2017-08-03 14:35:01"
IOP,0.00020137,"2017-08-03 14:40:01"
IOP,0.00020137,"2017-08-03 14:45:01"
IOP,0.00020137,"2017-08-03 14:50:01"
IOP,0.00020137,"2017-08-03 14:55:01"
IOP,0.00020137,"2017-08-03 15:00:01"
IOP,0.0002005,"2017-08-03 15:05:01"
IOP,0.0002005,"2017-08-03 15:10:02"
IOP,0.0002005,"2017-08-03 15:15:02"
IOP,0.00020137,"2017-08-03 15:20:01"
IOP,0.00020128,"2017-08-03 15:25:01"
IOP,0.00020128,"2017-08-03 15:30:02"
IOP,0.00020128,"2017-08-03 15:35:01"
IOP,0.00020128,"2017-08-03 15:40:01"
IOP,0.00020128,"2017-08-03 15:45:01"
IOP,0.00020128,"2017-08-03 15:50:01"
IOP,0.00020128,"2017-08-03 15:55:02"
IOP,0.00020128,"2017-08-03 16:00:02"
IOP,0.0002005,"2017-08-03 16:05:01"
IOP,0.00020449,"2017-08-03 16:10:01"
IOP,0.00020449,"2017-08-03 16:15:06"
IOP,0.00022,"2017-08-03 16:20:01"
IOP,0.00020575,"2017-08-03 16:25:01"
IOP,0.00020731,"2017-08-03 16:30:01"
IOP,0.00020731,"2017-08-03 16:35:02"
IOP,0.00020731,"2017-08-03 16:40:02"
IOP,0.00021135,"2017-08-03 16:45:02"
IOP,0.00021135,"2017-08-03 16:50:01"
IOP,0.00021135,"2017-08-03 16:55:01"
IOP,0.00021135,"2017-08-03 17:00:06"
IOP,0.00021135,"2017-08-03 17:05:01"
IOP,0.00021135,"2017-08-03 17:10:01"
IOP,0.00021135,"2017-08-03 17:15:02"
IOP,0.00020688,"2017-08-03 17:20:01"
IOP,0.00020688,"2017-08-03 17:25:01"
IOP,0.00020688,"2017-08-03 17:30:01"
IOP,0.00020688,"2017-08-03 17:35:05"
IOP,0.00020688,"2017-08-03 17:40:02"
IOP,0.00020688,"2017-08-03 17:45:08"
IOP,0.00020688,"2017-08-03 17:50:01"
IOP,0.00020688,"2017-08-03 17:55:02"
IOP,0.00020688,"2017-08-03 18:00:02"
IOP,0.00020657,"2017-08-03 18:05:01"
IOP,0.00020657,"2017-08-03 18:10:01"
IOP,0.00020657,"2017-08-03 18:15:02"
IOP,0.00020657,"2017-08-03 18:20:01"
IOP,0.00020657,"2017-08-03 18:25:01"
IOP,0.00020657,"2017-08-03 18:30:01"
IOP,0.00021359,"2017-08-03 18:35:01"
IOP,0.00021359,"2017-08-03 18:40:01"
IOP,0.00020662,"2017-08-03 18:45:01"
IOP,0.00020662,"2017-08-03 18:50:02"
IOP,0.00020662,"2017-08-03 18:55:03"
IOP,0.00020662,"2017-08-03 19:00:01"
IOP,0.00020662,"2017-08-03 19:05:01"
IOP,0.00020658,"2017-08-03 19:10:01"
IOP,0.00020057,"2017-08-03 19:15:07"
IOP,0.00020057,"2017-08-03 19:20:02"
IOP,0.00020888,"2017-08-03 19:25:01"
IOP,0.00020888,"2017-08-03 19:30:05"
IOP,0.00020888,"2017-08-03 19:35:02"
IOP,0.00020888,"2017-08-03 19:40:02"
IOP,0.00020051,"2017-08-03 19:45:02"
IOP,0.00020051,"2017-08-03 19:50:01"
IOP,0.00020051,"2017-08-03 19:55:01"
IOP,0.00020051,"2017-08-03 20:00:01"
IOP,0.00020051,"2017-08-03 20:05:02"
IOP,0.00020051,"2017-08-03 20:10:03"
IOP,0.00020051,"2017-08-03 20:15:01"
IOP,0.00020051,"2017-08-03 20:20:01"
IOP,0.00020051,"2017-08-03 20:25:01"
IOP,0.00020051,"2017-08-03 20:30:01"
IOP,0.00022015,"2017-08-03 20:35:02"
IOP,0.00022015,"2017-08-03 20:40:02"
IOP,0.00022015,"2017-08-03 20:45:01"
IOP,0.00022015,"2017-08-03 20:50:02"
IOP,0.00022015,"2017-08-03 20:55:02"
IOP,0.00022015,"2017-08-03 21:00:02"
IOP,0.00022015,"2017-08-03 21:05:01"
IOP,0.00022015,"2017-08-03 21:10:04"
IOP,0.00022015,"2017-08-03 21:15:02"
IOP,0.00022015,"2017-08-03 21:20:02"
IOP,0.00022015,"2017-08-03 21:25:02"
IOP,0.00021454,"2017-08-03 21:30:02"
IOP,0.00021454,"2017-08-03 21:35:01"
IOP,0.00021552,"2017-08-03 21:40:01"
IOP,0.00021552,"2017-08-03 21:45:01"
IOP,0.00021552,"2017-08-03 21:50:01"
IOP,0.00021552,"2017-08-03 21:55:02"
IOP,0.00021552,"2017-08-03 22:00:02"
IOP,0.00021552,"2017-08-03 22:05:01"
IOP,0.00020783,"2017-08-03 22:10:01"
IOP,0.00020783,"2017-08-03 22:15:01"
IOP,0.00020783,"2017-08-03 22:20:01"
IOP,0.00020783,"2017-08-03 22:25:01"
IOP,0.00020783,"2017-08-03 22:30:02"
IOP,0.00020516,"2017-08-03 22:35:01"
IOP,0.00020516,"2017-08-03 22:40:01"
IOP,0.00020516,"2017-08-03 22:45:01"
IOP,0.00020516,"2017-08-03 22:50:01"
IOP,0.00020928,"2017-08-03 22:55:01"
IOP,0.0002027,"2017-08-03 23:00:01"
IOP,0.0002027,"2017-08-03 23:05:02"
IOP,0.0002027,"2017-08-03 23:10:04"
IOP,0.0002027,"2017-08-03 23:15:02"
IOP,0.0002027,"2017-08-03 23:20:02"
IOP,0.0002027,"2017-08-03 23:25:02"
IOP,0.0002027,"2017-08-03 23:30:02"
IOP,0.0002027,"2017-08-03 23:35:03"
IOP,0.0002027,"2017-08-03 23:40:02"
IOP,0.0002027,"2017-08-03 23:45:01"
IOP,0.0002027,"2017-08-03 23:50:01"
IOP,0.0002027,"2017-08-03 23:55:02"
IOP,0.0002015,"2017-08-04 00:00:02"
IOP,0.0002005,"2017-08-04 00:05:02"
IOP,0.0002005,"2017-08-04 00:10:02"
IOP,0.0002005,"2017-08-04 00:15:02"
IOP,0.0002005,"2017-08-04 00:20:02"
IOP,0.00020148,"2017-08-04 00:25:01"
IOP,0.00020149,"2017-08-04 00:30:02"
IOP,0.00020149,"2017-08-04 00:35:02"
IOP,0.00020149,"2017-08-04 00:40:02"
IOP,0.00020149,"2017-08-04 00:45:02"
IOP,0.00020149,"2017-08-04 00:50:01"
IOP,0.00020149,"2017-08-04 00:55:01"
IOP,0.00020149,"2017-08-04 01:00:01"
IOP,0.00020149,"2017-08-04 01:05:01"
IOP,0.00020149,"2017-08-04 01:10:02"
IOP,0.00020149,"2017-08-04 01:15:02"
IOP,0.00021898,"2017-08-04 01:20:02"
IOP,0.00021898,"2017-08-04 01:25:02"
IOP,0.00021898,"2017-08-04 01:30:02"
IOP,0.00021898,"2017-08-04 01:35:04"
IOP,0.00021898,"2017-08-04 01:40:02"
IOP,0.00021898,"2017-08-04 01:45:01"
IOP,0.00021898,"2017-08-04 01:50:01"
IOP,0.00021898,"2017-08-04 01:55:01"
IOP,0.00021898,"2017-08-04 02:00:03"
IOP,0.00021898,"2017-08-04 02:05:02"
IOP,0.00021554,"2017-08-04 02:10:01"
IOP,0.00021554,"2017-08-04 02:15:02"
IOP,0.00021554,"2017-08-04 02:20:02"
IOP,0.00021554,"2017-08-04 02:25:01"
IOP,0.00020078,"2017-08-04 02:30:01"
IOP,0.00020078,"2017-08-04 02:35:01"
IOP,0.00020078,"2017-08-04 02:40:01"
IOP,0.00020078,"2017-08-04 02:45:02"
IOP,0.00020078,"2017-08-04 02:50:01"
IOP,0.00020078,"2017-08-04 02:55:01"
IOP,0.00020078,"2017-08-04 03:00:02"
IOP,0.00020078,"2017-08-04 03:05:02"
IOP,0.00020078,"2017-08-04 03:10:01"
IOP,0.00020078,"2017-08-04 03:15:01"
IOP,0.00020078,"2017-08-04 03:20:01"
IOP,0.00020317,"2017-08-04 03:25:01"
IOP,0.00020317,"2017-08-04 03:30:01"
IOP,0.00020317,"2017-08-04 03:35:01"
IOP,0.00020317,"2017-08-04 03:40:01"
IOP,0.00020317,"2017-08-04 03:45:01"
IOP,0.00020317,"2017-08-04 03:50:03"
IOP,0.00020317,"2017-08-04 03:55:01"
IOP,0.00020317,"2017-08-04 04:00:01"
IOP,0.00020317,"2017-08-04 04:05:01"
IOP,0.00020317,"2017-08-04 04:10:02"
IOP,0.00020317,"2017-08-04 04:15:01"
IOP,0.00020317,"2017-08-04 04:20:02"
IOP,0.00020317,"2017-08-04 04:25:01"
IOP,0.00020317,"2017-08-04 04:30:01"
IOP,0.00020317,"2017-08-04 04:35:02"
IOP,0.00020317,"2017-08-04 04:40:01"
IOP,0.00020317,"2017-08-04 04:45:10"
IOP,0.00020317,"2017-08-04 04:50:01"
IOP,0.00020317,"2017-08-04 04:55:02"
IOP,0.00019981,"2017-08-04 05:00:10"
IOP,0.00019981,"2017-08-04 05:05:01"
IOP,0.00019981,"2017-08-04 05:10:01"
IOP,0.00019981,"2017-08-04 05:15:02"
IOP,0.00019981,"2017-08-04 05:20:01"
IOP,0.00019981,"2017-08-04 05:25:01"
IOP,0.00019981,"2017-08-04 05:30:01"
IOP,0.00019981,"2017-08-04 05:35:02"
IOP,0.00019981,"2017-08-04 05:40:01"
IOP,0.00019981,"2017-08-04 05:45:01"
IOP,0.00019981,"2017-08-04 05:50:01"
IOP,0.00019981,"2017-08-04 05:55:01"
IOP,0.00019981,"2017-08-04 06:00:02"
IOP,0.00019981,"2017-08-04 06:05:02"
IOP,0.00019981,"2017-08-04 06:10:01"
IOP,0.00019981,"2017-08-04 06:15:03"
IOP,0.00019981,"2017-08-04 06:20:02"
IOP,0.00019981,"2017-08-04 06:25:02"
IOP,0.00019981,"2017-08-04 06:30:02"
IOP,0.00019981,"2017-08-04 06:35:01"
IOP,0.00021094,"2017-08-04 06:40:01"
IOP,0.00021094,"2017-08-04 06:45:02"
IOP,0.00021094,"2017-08-04 06:50:02"
IOP,0.00021094,"2017-08-04 06:55:01"
IOP,0.00021094,"2017-08-04 07:00:02"
IOP,0.00021094,"2017-08-04 07:05:01"
IOP,0.00021094,"2017-08-04 07:10:01"
IOP,0.00021094,"2017-08-04 07:15:01"
IOP,0.00021094,"2017-08-04 07:20:01"
IOP,0.00021094,"2017-08-04 07:25:01"
IOP,0.00021094,"2017-08-04 07:30:01"
IOP,0.00021094,"2017-08-04 07:35:01"
IOP,0.00021094,"2017-08-04 07:40:02"
IOP,0.00021094,"2017-08-04 07:45:02"
IOP,0.00021094,"2017-08-04 07:50:01"
IOP,0.00021094,"2017-08-04 07:55:01"
IOP,0.00021094,"2017-08-04 08:00:02"
IOP,0.00021094,"2017-08-04 08:05:01"
IOP,0.00021094,"2017-08-04 08:10:01"
IOP,0.00021094,"2017-08-04 08:15:04"
IOP,0.00021094,"2017-08-04 08:20:01"
IOP,0.00021094,"2017-08-04 08:25:04"
IOP,0.0002005,"2017-08-04 08:30:02"
IOP,0.00020051,"2017-08-04 08:35:02"
IOP,0.00020051,"2017-08-04 08:40:02"
IOP,0.00020051,"2017-08-04 08:45:02"
IOP,0.00020051,"2017-08-04 08:50:02"
IOP,0.00020051,"2017-08-04 08:55:06"
IOP,0.00020051,"2017-08-04 09:00:02"
IOP,0.00020051,"2017-08-04 09:05:02"
IOP,0.00020051,"2017-08-04 09:10:01"
IOP,0.00020051,"2017-08-04 09:15:02"
IOP,0.00020051,"2017-08-04 09:20:02"
IOP,0.00020051,"2017-08-04 09:25:01"
IOP,0.00020051,"2017-08-04 09:30:02"
IOP,0.00020051,"2017-08-04 09:35:01"
IOP,0.00020051,"2017-08-04 09:40:01"
IOP,0.00020051,"2017-08-04 09:45:02"
IOP,0.00020051,"2017-08-04 09:50:02"
IOP,0.00020051,"2017-08-04 09:55:02"
IOP,0.00020051,"2017-08-04 10:00:02"
IOP,0.00020051,"2017-08-04 10:05:01"
IOP,0.00020051,"2017-08-04 10:10:02"
IOP,0.00020051,"2017-08-04 10:15:04"
IOP,0.00020055,"2017-08-04 10:20:03"
IOP,0.00020055,"2017-08-04 10:25:02"
IOP,0.0002005,"2017-08-04 10:30:01"
IOP,0.0002005,"2017-08-04 10:35:02"
IOP,0.0002005,"2017-08-04 10:40:01"
IOP,0.00020456,"2017-08-04 10:45:01"
IOP,0.00020456,"2017-08-04 10:50:01"
IOP,0.00020456,"2017-08-04 10:55:02"
IOP,0.00020456,"2017-08-04 11:00:01"
IOP,0.00019521,"2017-08-04 11:05:07"
IOP,0.00019521,"2017-08-04 11:10:01"
IOP,0.00019521,"2017-08-04 11:15:02"
IOP,0.00019521,"2017-08-04 11:20:02"
IOP,0.00019521,"2017-08-04 11:25:01"
IOP,0.00019601,"2017-08-04 11:30:01"
IOP,0.00020456,"2017-08-04 11:35:01"
IOP,0.00020689,"2017-08-04 11:40:02"
IOP,0.0002069,"2017-08-04 11:45:02"
IOP,0.0002069,"2017-08-04 11:50:01"
IOP,0.0002069,"2017-08-04 11:55:04"
IOP,0.0002069,"2017-08-04 12:00:12"
IOP,0.0002069,"2017-08-04 12:05:01"
IOP,0.00020507,"2017-08-04 12:10:02"
IOP,0.00020507,"2017-08-04 12:15:02"
IOP,0.00020507,"2017-08-04 12:20:01"
IOP,0.00020507,"2017-08-04 12:25:02"
IOP,0.00020507,"2017-08-04 12:30:02"
IOP,0.00020507,"2017-08-04 12:35:01"
IOP,0.00020507,"2017-08-04 12:40:01"
IOP,0.00020507,"2017-08-04 12:45:02"
IOP,0.00020507,"2017-08-04 12:50:02"
IOP,0.00020507,"2017-08-04 12:55:02"
IOP,0.00020507,"2017-08-04 13:00:03"
IOP,0.00020507,"2017-08-04 13:05:01"
IOP,0.00020507,"2017-08-04 13:10:02"
IOP,0.00020507,"2017-08-04 13:15:02"
IOP,0.00020507,"2017-08-04 13:20:02"
IOP,0.00020507,"2017-08-04 13:25:02"
IOP,0.00020507,"2017-08-04 13:30:02"
IOP,0.00020507,"2017-08-04 13:35:01"
IOP,0.00020507,"2017-08-04 13:40:01"
IOP,0.000194,"2017-08-04 13:45:05"
IOP,0.000194,"2017-08-04 13:50:01"
IOP,0.000194,"2017-08-04 13:55:01"
IOP,0.000194,"2017-08-04 14:00:01"
IOP,0.000194,"2017-08-04 14:05:02"
IOP,0.000194,"2017-08-04 14:10:09"
IOP,0.000194,"2017-08-04 14:15:01"
IOP,0.000194,"2017-08-04 14:20:01"
IOP,0.000194,"2017-08-04 14:25:02"
IOP,0.000194,"2017-08-04 14:30:02"
IOP,0.00019505,"2017-08-04 14:35:01"
IOP,0.00019505,"2017-08-04 14:40:02"
IOP,0.00019505,"2017-08-04 14:45:02"
IOP,0.00019329,"2017-08-04 14:50:02"
IOP,0.00019329,"2017-08-04 14:55:04"
IOP,0.00019329,"2017-08-04 15:00:01"
IOP,0.00019329,"2017-08-04 15:05:02"
IOP,0.00019329,"2017-08-04 15:10:01"
IOP,0.00019329,"2017-08-04 15:15:01"
IOP,0.00019329,"2017-08-04 15:20:01"
IOP,0.00019328,"2017-08-04 15:25:01"
IOP,0.00019328,"2017-08-04 15:30:05"
IOP,0.00019328,"2017-08-04 15:35:01"
IOP,0.00019328,"2017-08-04 15:40:01"
IOP,0.00019328,"2017-08-04 15:45:02"
IOP,0.00019328,"2017-08-04 15:50:04"
IOP,0.00019328,"2017-08-04 15:55:02"
IOP,0.00019328,"2017-08-04 16:00:02"
IOP,0.00019328,"2017-08-04 16:05:02"
IOP,0.00019328,"2017-08-04 16:10:02"
IOP,0.00019147,"2017-08-04 16:15:03"
IOP,0.00019147,"2017-08-04 16:20:02"
IOP,0.00019147,"2017-08-04 16:25:02"
IOP,0.00019147,"2017-08-04 16:30:01"
IOP,0.00019147,"2017-08-04 16:35:01"
IOP,0.00019147,"2017-08-04 16:40:01"
IOP,0.00019147,"2017-08-04 16:45:03"
IOP,0.00019147,"2017-08-04 16:50:02"
IOP,0.00019147,"2017-08-04 16:55:02"
IOP,0.00019147,"2017-08-04 17:00:02"
IOP,0.00019147,"2017-08-04 17:05:01"
IOP,0.00019147,"2017-08-04 17:10:01"
IOP,0.00019147,"2017-08-04 17:15:02"
IOP,0.00019147,"2017-08-04 17:20:01"
IOP,0.00019147,"2017-08-04 17:25:01"
IOP,0.00019147,"2017-08-04 17:30:03"
IOP,0.00019147,"2017-08-04 17:35:01"
IOP,0.00019147,"2017-08-04 17:40:01"
IOP,0.00019147,"2017-08-04 17:45:01"
IOP,0.00019147,"2017-08-04 17:50:01"
IOP,0.00019147,"2017-08-04 17:55:02"
IOP,0.00019147,"2017-08-04 18:00:02"
IOP,0.00019147,"2017-08-04 18:05:02"
IOP,0.00019147,"2017-08-04 18:10:02"
IOP,0.00019147,"2017-08-04 18:15:02"
IOP,0.00020142,"2017-08-04 18:20:02"
IOP,0.00020142,"2017-08-04 18:25:02"
IOP,0.00019149,"2017-08-04 18:30:01"
IOP,0.00019149,"2017-08-04 18:35:01"
IOP,0.00019149,"2017-08-04 18:40:02"
IOP,0.00019149,"2017-08-04 18:45:01"
IOP,0.00019149,"2017-08-04 18:50:01"
IOP,0.00019149,"2017-08-04 18:55:02"
IOP,0.00020175,"2017-08-04 19:00:02"
IOP,0.00020175,"2017-08-04 19:05:01"
IOP,0.00020175,"2017-08-04 19:10:02"
IOP,0.00020175,"2017-08-04 19:15:02"
IOP,0.00020175,"2017-08-04 19:20:01"
IOP,0.00020175,"2017-08-04 19:25:01"
IOP,0.00020175,"2017-08-04 19:30:01"
IOP,0.00019003,"2017-08-04 19:35:02"
IOP,0.00019003,"2017-08-04 19:40:01"
IOP,0.00019003,"2017-08-04 19:45:01"
IOP,0.00019003,"2017-08-04 19:50:01"
IOP,0.00019003,"2017-08-04 19:55:02"
IOP,0.00019003,"2017-08-04 20:00:02"
IOP,0.00019003,"2017-08-04 20:05:01"
IOP,0.00019003,"2017-08-04 20:10:06"
IOP,0.00019003,"2017-08-04 20:15:01"
IOP,0.00019003,"2017-08-04 20:20:01"
IOP,0.00019003,"2017-08-04 20:25:01"
IOP,0.00019003,"2017-08-04 20:30:01"
IOP,0.00019003,"2017-08-04 20:35:01"
IOP,0.00019003,"2017-08-04 20:40:01"
IOP,0.00019003,"2017-08-04 20:45:01"
IOP,0.00019003,"2017-08-04 20:50:01"
IOP,0.00019003,"2017-08-04 20:55:01"
IOP,0.00019007,"2017-08-04 21:00:01"
IOP,0.00019007,"2017-08-04 21:05:02"
IOP,0.00019007,"2017-08-04 21:10:01"
IOP,0.00019985,"2017-08-04 21:15:02"
IOP,0.00019967,"2017-08-04 21:20:05"
IOP,0.00019967,"2017-08-04 21:25:01"
IOP,0.00019967,"2017-08-04 21:30:02"
IOP,0.00019967,"2017-08-04 21:35:02"
IOP,0.00019967,"2017-08-04 21:40:02"
IOP,0.0001918,"2017-08-04 21:45:01"
IOP,0.0001918,"2017-08-04 21:50:06"
IOP,0.0001918,"2017-08-04 21:55:01"
IOP,0.0001918,"2017-08-04 22:00:01"
IOP,0.0001918,"2017-08-04 22:05:02"
IOP,0.0001923,"2017-08-04 22:10:02"
IOP,0.00019984,"2017-08-04 22:15:02"
IOP,0.00019963,"2017-08-04 22:20:01"
IOP,0.00019963,"2017-08-04 22:25:01"
IOP,0.00019963,"2017-08-04 22:30:01"
IOP,0.00019963,"2017-08-04 22:35:01"
IOP,0.00019963,"2017-08-04 22:40:02"
IOP,0.00019963,"2017-08-04 22:45:02"
IOP,0.00019963,"2017-08-04 22:50:02"
IOP,0.00019963,"2017-08-04 22:55:01"
IOP,0.00019963,"2017-08-04 23:00:01"
IOP,0.00019963,"2017-08-04 23:05:03"
IOP,0.00019963,"2017-08-04 23:10:01"
IOP,0.00019963,"2017-08-04 23:15:01"
IOP,0.00019963,"2017-08-04 23:20:02"
IOP,0.00019963,"2017-08-04 23:25:02"
IOP,0.00019963,"2017-08-04 23:30:03"
IOP,0.00020249,"2017-08-04 23:35:02"
IOP,0.00020249,"2017-08-04 23:40:02"
IOP,0.00020249,"2017-08-04 23:45:02"
IOP,0.00020249,"2017-08-04 23:50:02"
IOP,0.00020249,"2017-08-04 23:55:01"
IOP,0.00020249,"2017-08-05 00:00:02"
IOP,0.00020249,"2017-08-05 00:05:01"
IOP,0.00020249,"2017-08-05 00:10:01"
IOP,0.00020249,"2017-08-05 00:15:01"
IOP,0.00020249,"2017-08-05 00:20:01"
IOP,0.00020249,"2017-08-05 00:25:01"
IOP,0.00020249,"2017-08-05 00:30:03"
IOP,0.000204,"2017-08-05 00:35:02"
IOP,0.000204,"2017-08-05 00:40:01"
IOP,0.000204,"2017-08-05 00:45:01"
IOP,0.00020208,"2017-08-05 00:50:01"
IOP,0.00020208,"2017-08-05 00:55:01"
IOP,0.00020208,"2017-08-05 01:00:02"
IOP,0.00020208,"2017-08-05 01:05:02"
IOP,0.00020208,"2017-08-05 01:10:02"
IOP,0.00020208,"2017-08-05 01:15:02"
IOP,0.00020208,"2017-08-05 01:20:02"
IOP,0.00020208,"2017-08-05 01:25:02"
IOP,0.00020208,"2017-08-05 01:30:02"
IOP,0.00020208,"2017-08-05 01:35:01"
IOP,0.00020208,"2017-08-05 01:40:01"
IOP,0.000202,"2017-08-05 01:45:02"
IOP,0.000202,"2017-08-05 01:50:02"
IOP,0.000202,"2017-08-05 01:55:02"
IOP,0.000202,"2017-08-05 02:00:02"
IOP,0.000202,"2017-08-05 02:05:01"
IOP,0.000202,"2017-08-05 02:10:01"
IOP,0.000202,"2017-08-05 02:15:01"
IOP,0.000202,"2017-08-05 02:20:01"
IOP,0.000202,"2017-08-05 02:25:02"
IOP,0.000202,"2017-08-05 02:30:01"
IOP,0.000202,"2017-08-05 02:35:02"
IOP,0.000202,"2017-08-05 02:40:02"
IOP,0.000202,"2017-08-05 02:45:01"
IOP,0.000202,"2017-08-05 02:50:02"
IOP,0.000202,"2017-08-05 02:55:07"
IOP,0.000202,"2017-08-05 03:00:05"
IOP,0.000202,"2017-08-05 03:05:02"
IOP,0.000202,"2017-08-05 03:10:01"
IOP,0.000202,"2017-08-05 03:15:04"
IOP,0.000202,"2017-08-05 03:20:01"
IOP,0.000202,"2017-08-05 03:25:01"
IOP,0.00019969,"2017-08-05 03:30:02"
IOP,0.00019969,"2017-08-05 03:35:02"
IOP,0.00019969,"2017-08-05 03:40:02"
IOP,0.00019969,"2017-08-05 03:45:02"
IOP,0.00019969,"2017-08-05 03:50:02"
IOP,0.00019969,"2017-08-05 03:55:02"
IOP,0.00019969,"2017-08-05 04:00:01"
IOP,0.00019969,"2017-08-05 04:05:01"
IOP,0.00019969,"2017-08-05 04:10:01"
IOP,0.00019969,"2017-08-05 04:15:02"
IOP,0.00019969,"2017-08-05 04:20:02"
IOP,0.00019969,"2017-08-05 04:25:01"
IOP,0.00019962,"2017-08-05 04:30:04"
IOP,0.000204,"2017-08-05 04:35:02"
IOP,0.000204,"2017-08-05 04:40:01"
IOP,0.00019203,"2017-08-05 04:45:01"
IOP,0.00019202,"2017-08-05 04:50:02"
IOP,0.00019202,"2017-08-05 04:55:01"
IOP,0.00019202,"2017-08-05 05:00:02"
IOP,0.00019202,"2017-08-05 05:05:01"
IOP,0.00019202,"2017-08-05 05:10:02"
IOP,0.00019202,"2017-08-05 05:15:01"
IOP,0.00019202,"2017-08-05 05:20:01"
IOP,0.00019202,"2017-08-05 05:25:02"
IOP,0.00019202,"2017-08-05 05:30:02"
IOP,0.00019202,"2017-08-05 05:35:01"
IOP,0.00019202,"2017-08-05 05:40:01"
IOP,0.00019202,"2017-08-05 05:45:02"
IOP,0.00019202,"2017-08-05 05:50:01"
IOP,0.00019202,"2017-08-05 05:55:01"
IOP,0.00019,"2017-08-05 06:00:03"
IOP,0.00019689,"2017-08-05 06:05:02"
IOP,0.00019689,"2017-08-05 06:10:01"
IOP,0.00019689,"2017-08-05 06:15:04"
IOP,0.00019689,"2017-08-05 06:20:03"
IOP,0.00019689,"2017-08-05 06:25:01"
IOP,0.00019689,"2017-08-05 06:30:02"
IOP,0.00019689,"2017-08-05 06:35:01"
IOP,0.00019684,"2017-08-05 06:40:01"
IOP,0.00019684,"2017-08-05 06:45:01"
IOP,0.00019684,"2017-08-05 06:50:01"
IOP,0.00019684,"2017-08-05 06:55:01"
IOP,0.00019684,"2017-08-05 07:00:05"
IOP,0.00019684,"2017-08-05 07:05:02"
IOP,0.00019684,"2017-08-05 07:10:02"
IOP,0.00019684,"2017-08-05 07:15:02"
IOP,0.00019684,"2017-08-05 07:20:02"
IOP,0.00019,"2017-08-05 07:25:01"
IOP,0.00019,"2017-08-05 07:30:01"
IOP,0.00019,"2017-08-05 07:35:01"
IOP,0.00019,"2017-08-05 07:40:01"
IOP,0.00019,"2017-08-05 07:45:01"
IOP,0.00019,"2017-08-05 07:50:08"
IOP,0.00019,"2017-08-05 07:55:01"
IOP,0.00019,"2017-08-05 08:00:01"
IOP,0.00019,"2017-08-05 08:05:01"
IOP,0.00019,"2017-08-05 08:10:01"
IOP,0.00019889,"2017-08-05 08:15:02"
IOP,0.00019889,"2017-08-05 08:20:02"
IOP,0.00019889,"2017-08-05 08:25:01"
IOP,0.00019889,"2017-08-05 08:30:03"
IOP,0.00019889,"2017-08-05 08:35:01"
IOP,0.00019889,"2017-08-05 08:40:01"
IOP,0.00019889,"2017-08-05 08:45:01"
IOP,0.00019889,"2017-08-05 08:50:02"
IOP,0.00019889,"2017-08-05 08:55:01"
IOP,0.00019889,"2017-08-05 09:00:02"
IOP,0.00019889,"2017-08-05 09:05:01"
IOP,0.00019889,"2017-08-05 09:10:01"
IOP,0.00019889,"2017-08-05 09:15:02"
IOP,0.00019889,"2017-08-05 09:20:02"
IOP,0.00019889,"2017-08-05 09:25:02"
IOP,0.00019889,"2017-08-05 09:30:02"
IOP,0.00019,"2017-08-05 09:35:01"
IOP,0.00019,"2017-08-05 09:40:01"
IOP,0.00019,"2017-08-05 09:45:02"
IOP,0.00019,"2017-08-05 09:50:01"
IOP,0.00019,"2017-08-05 09:55:01"
IOP,0.00019,"2017-08-05 10:00:01"
IOP,0.00019,"2017-08-05 10:05:02"
IOP,0.00019,"2017-08-05 10:10:02"
IOP,0.00019,"2017-08-05 10:15:01"
IOP,0.00019,"2017-08-05 10:20:01"
IOP,0.00019,"2017-08-05 10:25:02"
IOP,0.00019,"2017-08-05 10:30:07"
IOP,0.00019,"2017-08-05 10:35:02"
IOP,0.00019,"2017-08-05 10:40:02"
IOP,0.00019,"2017-08-05 10:45:02"
IOP,0.00019,"2017-08-05 10:50:02"
IOP,0.00019,"2017-08-05 10:55:01"
IOP,0.00019,"2017-08-05 11:00:02"
IOP,0.00019,"2017-08-05 11:05:02"
IOP,0.00019,"2017-08-05 11:10:01"
IOP,0.00019,"2017-08-05 11:15:01"
IOP,0.00019,"2017-08-05 11:20:02"
IOP,0.00019,"2017-08-05 11:25:02"
IOP,0.00019,"2017-08-05 11:30:02"
IOP,0.00019,"2017-08-05 11:35:01"
IOP,0.00019,"2017-08-05 11:40:07"
IOP,0.00019,"2017-08-05 11:45:02"
IOP,0.00019,"2017-08-05 11:50:02"
IOP,0.00019,"2017-08-05 11:55:02"
IOP,0.000189,"2017-08-05 12:00:01"
IOP,0.000189,"2017-08-05 12:05:01"
IOP,0.000189,"2017-08-05 12:10:02"
IOP,0.000189,"2017-08-05 12:15:02"
IOP,0.000189,"2017-08-05 12:20:01"
IOP,0.000189,"2017-08-05 12:25:02"
IOP,0.000189,"2017-08-05 12:30:02"
IOP,0.000189,"2017-08-05 12:35:02"
IOP,0.000189,"2017-08-05 12:40:03"
IOP,0.000189,"2017-08-05 12:45:02"
IOP,0.000189,"2017-08-05 12:50:02"
IOP,0.000189,"2017-08-05 12:55:02"
IOP,0.000189,"2017-08-05 13:00:01"
IOP,0.00018856,"2017-08-05 13:05:01"
IOP,0.00018856,"2017-08-05 13:10:01"
IOP,0.00018856,"2017-08-05 13:15:02"
IOP,0.00018856,"2017-08-05 13:20:01"
IOP,0.00018856,"2017-08-05 13:25:02"
IOP,0.00018856,"2017-08-05 13:30:02"
IOP,0.000186,"2017-08-05 13:35:02"
IOP,0.00017831,"2017-08-05 13:40:01"
IOP,0.00017831,"2017-08-05 13:45:02"
IOP,0.00017831,"2017-08-05 13:50:01"
IOP,0.00017831,"2017-08-05 13:55:01"
IOP,0.00017831,"2017-08-05 14:00:06"
IOP,0.00018231,"2017-08-05 14:05:01"
IOP,0.00018824,"2017-08-05 14:10:02"
IOP,0.00018824,"2017-08-05 14:15:02"
IOP,0.00018824,"2017-08-05 14:20:02"
IOP,0.00018824,"2017-08-05 14:25:02"
IOP,0.00018824,"2017-08-05 14:30:01"
IOP,0.00018824,"2017-08-05 14:35:02"
IOP,0.00018824,"2017-08-05 14:40:02"
IOP,0.00019302,"2017-08-05 14:45:01"
IOP,0.00019302,"2017-08-05 14:50:01"
IOP,0.00019302,"2017-08-05 14:55:01"
IOP,0.00019302,"2017-08-05 15:00:02"
IOP,0.00019302,"2017-08-05 15:05:01"
IOP,0.00019302,"2017-08-05 15:10:01"
IOP,0.00019302,"2017-08-05 15:15:01"
IOP,0.00019302,"2017-08-05 15:20:01"
IOP,0.00019302,"2017-08-05 15:25:01"
IOP,0.00019302,"2017-08-05 15:30:01"
IOP,0.00019302,"2017-08-05 15:35:04"
IOP,0.00019302,"2017-08-05 15:40:02"
IOP,0.00019302,"2017-08-05 15:45:02"
IOP,0.00019302,"2017-08-05 15:50:02"
IOP,0.00019302,"2017-08-05 15:55:02"
IOP,0.00018873,"2017-08-05 16:00:02"
IOP,0.00018873,"2017-08-05 16:05:02"
IOP,0.00018873,"2017-08-05 16:10:02"
IOP,0.00018873,"2017-08-05 16:15:02"
IOP,0.00018873,"2017-08-05 16:20:01"
IOP,0.00018873,"2017-08-05 16:25:02"
IOP,0.00018873,"2017-08-05 16:30:01"
IOP,0.00018058,"2017-08-05 16:35:01"
IOP,0.00018058,"2017-08-05 16:40:02"
IOP,0.00018058,"2017-08-05 16:45:08"
IOP,0.00018058,"2017-08-05 16:50:02"
IOP,0.00017272,"2017-08-05 16:55:02"
IOP,0.00020399,"2017-08-05 17:00:02"
IOP,0.00023388,"2017-08-05 17:05:02"
IOP,0.00020799,"2017-08-05 17:10:02"
IOP,0.000208,"2017-08-05 17:15:04"
IOP,0.000187,"2017-08-05 17:20:03"
IOP,0.00020598,"2017-08-05 17:25:02"
IOP,0.00020002,"2017-08-05 17:30:02"
IOP,0.00020439,"2017-08-05 17:35:02"
IOP,0.00019005,"2017-08-05 17:40:01"
IOP,0.00019005,"2017-08-05 17:45:02"
IOP,0.00019673,"2017-08-05 17:50:02"
IOP,0.00019673,"2017-08-05 17:55:02"
IOP,0.00019673,"2017-08-05 18:00:04"
IOP,0.00019048,"2017-08-05 18:05:02"
IOP,0.00020262,"2017-08-05 18:10:02"
IOP,0.00020262,"2017-08-05 18:15:01"
IOP,0.00020255,"2017-08-05 18:20:01"
IOP,0.00020255,"2017-08-05 18:25:02"
IOP,0.00018449,"2017-08-05 18:30:01"
IOP,0.00018449,"2017-08-05 18:35:01"
IOP,0.00018449,"2017-08-05 18:40:02"
IOP,0.00018449,"2017-08-05 18:45:02"
IOP,0.00018449,"2017-08-05 18:50:01"
IOP,0.00018449,"2017-08-05 18:55:01"
IOP,0.00017408,"2017-08-05 19:00:02"
IOP,0.00017401,"2017-08-05 19:05:02"
IOP,0.00017401,"2017-08-05 19:10:02"
IOP,0.00017401,"2017-08-05 19:15:01"
IOP,0.00017401,"2017-08-05 19:20:01"
IOP,0.00017401,"2017-08-05 19:25:02"
IOP,0.00017406,"2017-08-05 19:30:01"
IOP,0.000174,"2017-08-05 19:35:01"
IOP,0.00017693,"2017-08-05 19:40:01"
IOP,0.00017693,"2017-08-05 19:45:01"
IOP,0.00018307,"2017-08-05 19:50:01"
IOP,0.00018131,"2017-08-05 19:55:01"
IOP,0.00017699,"2017-08-05 20:00:02"
IOP,0.00017699,"2017-08-05 20:05:02"
IOP,0.00017699,"2017-08-05 20:10:02"
IOP,0.00017699,"2017-08-05 20:15:02"
IOP,0.00017699,"2017-08-05 20:20:01"
IOP,0.00017699,"2017-08-05 20:25:01"
IOP,0.00017693,"2017-08-05 20:30:02"
IOP,0.00017693,"2017-08-05 20:35:02"
IOP,0.0001728,"2017-08-05 20:40:01"
IOP,0.0001728,"2017-08-05 20:45:01"
IOP,0.00017283,"2017-08-05 20:50:02"
IOP,0.00017259,"2017-08-05 20:55:01"
IOP,0.00016337,"2017-08-05 21:00:01"
IOP,0.00016307,"2017-08-05 21:05:02"
IOP,0.00016419,"2017-08-05 21:10:01"
IOP,0.00016453,"2017-08-05 21:15:02"
IOP,0.00017907,"2017-08-05 21:20:02"
IOP,0.00017907,"2017-08-05 21:25:01"
IOP,0.000175,"2017-08-05 21:30:04"
IOP,0.000175,"2017-08-05 21:35:02"
IOP,0.000175,"2017-08-05 21:40:02"
IOP,0.00017726,"2017-08-05 21:45:02"
IOP,0.00017726,"2017-08-05 21:50:02"
IOP,0.00017726,"2017-08-05 21:55:02"
IOP,0.00017726,"2017-08-05 22:00:04"
IOP,0.00017726,"2017-08-05 22:05:02"
IOP,0.00017726,"2017-08-05 22:10:01"
IOP,0.00016951,"2017-08-05 22:15:02"
IOP,0.00016526,"2017-08-05 22:20:04"
IOP,0.00016526,"2017-08-05 22:25:02"
IOP,0.00016525,"2017-08-05 22:30:01"
IOP,0.00016525,"2017-08-05 22:35:01"
IOP,0.00016526,"2017-08-05 22:40:02"
IOP,0.00016526,"2017-08-05 22:45:02"
IOP,0.00016526,"2017-08-05 22:50:03"
IOP,0.00016749,"2017-08-05 22:55:02"
IOP,0.00016708,"2017-08-05 23:00:02"
IOP,0.00016708,"2017-08-05 23:05:12"
IOP,0.00016708,"2017-08-05 23:10:02"
IOP,0.00016708,"2017-08-05 23:15:02"
IOP,0.00016916,"2017-08-05 23:20:01"
IOP,0.00016984,"2017-08-05 23:25:02"
IOP,0.00016984,"2017-08-05 23:30:04"
IOP,0.00016984,"2017-08-05 23:35:02"
IOP,0.00016984,"2017-08-05 23:40:02"
IOP,0.00017558,"2017-08-05 23:45:02"
IOP,0.00017961,"2017-08-05 23:50:03"
IOP,0.00017032,"2017-08-05 23:55:02"
IOP,0.00017956,"2017-08-06 00:00:02"
IOP,0.00016708,"2017-08-06 00:05:01"
IOP,0.00016522,"2017-08-06 00:10:01"
IOP,0.00018011,"2017-08-06 00:15:02"
IOP,0.00018011,"2017-08-06 00:20:01"
IOP,0.00018011,"2017-08-06 00:25:01"
IOP,0.00016318,"2017-08-06 00:30:01"
IOP,0.00016318,"2017-08-06 00:35:02"
IOP,0.00016498,"2017-08-06 00:40:02"
IOP,0.00017925,"2017-08-06 00:45:02"
IOP,0.00017925,"2017-08-06 00:50:01"
IOP,0.00016786,"2017-08-06 00:55:01"
IOP,0.00017684,"2017-08-06 01:00:08"
IOP,0.00017684,"2017-08-06 01:05:01"
IOP,0.00017684,"2017-08-06 01:10:01"
IOP,0.00017567,"2017-08-06 01:15:02"
IOP,0.00017567,"2017-08-06 01:20:01"
IOP,0.00017567,"2017-08-06 01:25:02"
IOP,0.00017567,"2017-08-06 01:30:02"
IOP,0.00017567,"2017-08-06 01:35:02"
IOP,0.00017567,"2017-08-06 01:40:02"
IOP,0.0001723,"2017-08-06 01:45:01"
IOP,0.0001723,"2017-08-06 01:50:02"
IOP,0.00017119,"2017-08-06 01:55:02"
IOP,0.00017119,"2017-08-06 02:00:02"
IOP,0.00017119,"2017-08-06 02:05:02"
IOP,0.00017119,"2017-08-06 02:10:01"
IOP,0.00017119,"2017-08-06 02:15:01"
IOP,0.00017119,"2017-08-06 02:20:01"
IOP,0.00017119,"2017-08-06 02:25:01"
IOP,0.00017119,"2017-08-06 02:30:01"
IOP,0.00017119,"2017-08-06 02:35:02"
IOP,0.0001725,"2017-08-06 02:40:02"
IOP,0.0001725,"2017-08-06 02:45:02"
IOP,0.0001725,"2017-08-06 02:50:05"
IOP,0.0001725,"2017-08-06 02:55:02"
IOP,0.0001725,"2017-08-06 03:00:02"
IOP,0.0001697,"2017-08-06 03:05:01"
IOP,0.0001697,"2017-08-06 03:10:01"
IOP,0.00017174,"2017-08-06 03:15:01"
IOP,0.00017174,"2017-08-06 03:20:02"
IOP,0.00017174,"2017-08-06 03:25:01"
IOP,0.00016685,"2017-08-06 03:30:01"
IOP,0.00016685,"2017-08-06 03:35:01"
IOP,0.0001668,"2017-08-06 03:40:01"
IOP,0.00016301,"2017-08-06 03:45:01"
IOP,0.00016301,"2017-08-06 03:50:01"
IOP,0.00016301,"2017-08-06 03:55:02"
IOP,0.00016301,"2017-08-06 04:00:02"
IOP,0.00016301,"2017-08-06 04:05:02"
IOP,0.00016301,"2017-08-06 04:10:02"
IOP,0.00016301,"2017-08-06 04:15:01"
IOP,0.00016301,"2017-08-06 04:20:03"
IOP,0.00016301,"2017-08-06 04:25:01"
IOP,0.00016658,"2017-08-06 04:30:03"
IOP,0.00016658,"2017-08-06 04:35:02"
IOP,0.00016658,"2017-08-06 04:40:01"
IOP,0.00016658,"2017-08-06 04:45:01"
IOP,0.00016658,"2017-08-06 04:50:04"
IOP,0.00016658,"2017-08-06 04:55:02"
IOP,0.00016658,"2017-08-06 05:00:02"
IOP,0.00016658,"2017-08-06 05:05:02"
IOP,0.00016658,"2017-08-06 05:10:01"
IOP,0.00016558,"2017-08-06 05:15:01"
IOP,0.0001658,"2017-08-06 05:20:01"
IOP,0.00016588,"2017-08-06 05:25:02"
IOP,0.00016588,"2017-08-06 05:30:02"
IOP,0.00017007,"2017-08-06 05:35:01"
IOP,0.00017007,"2017-08-06 05:40:01"
IOP,0.00017007,"2017-08-06 05:45:01"
IOP,0.00017007,"2017-08-06 05:50:01"
IOP,0.00017007,"2017-08-06 05:55:01"
IOP,0.00017007,"2017-08-06 06:00:01"
IOP,0.00017057,"2017-08-06 06:05:02"
IOP,0.00017057,"2017-08-06 06:10:02"
IOP,0.00017057,"2017-08-06 06:15:02"
IOP,0.00017057,"2017-08-06 06:20:04"
IOP,0.00017057,"2017-08-06 06:25:02"
IOP,0.00017057,"2017-08-06 06:30:02"
IOP,0.00017057,"2017-08-06 06:35:01"
IOP,0.00017057,"2017-08-06 06:40:01"
IOP,0.00017057,"2017-08-06 06:45:01"
IOP,0.00017057,"2017-08-06 06:50:01"
IOP,0.00017057,"2017-08-06 06:55:01"
IOP,0.00017057,"2017-08-06 07:00:01"
IOP,0.00017057,"2017-08-06 07:05:02"
IOP,0.00017057,"2017-08-06 07:10:02"
IOP,0.00017057,"2017-08-06 07:15:01"
IOP,0.00017057,"2017-08-06 07:20:01"
IOP,0.00017057,"2017-08-06 07:25:02"
IOP,0.00017087,"2017-08-06 07:30:02"
IOP,0.00017087,"2017-08-06 07:35:01"
IOP,0.00017087,"2017-08-06 07:40:03"
IOP,0.00017087,"2017-08-06 07:45:01"
IOP,0.00017087,"2017-08-06 07:50:01"
IOP,0.00017087,"2017-08-06 07:55:01"
IOP,0.00016594,"2017-08-06 08:00:01"
IOP,0.00016594,"2017-08-06 08:05:01"
IOP,0.00016594,"2017-08-06 08:10:01"
IOP,0.00016594,"2017-08-06 08:15:03"
IOP,0.00016594,"2017-08-06 08:20:02"
IOP,0.00016593,"2017-08-06 08:25:01"
IOP,0.00016593,"2017-08-06 08:30:01"
IOP,0.00017158,"2017-08-06 08:35:01"
IOP,0.00017158,"2017-08-06 08:40:03"
IOP,0.00017042,"2017-08-06 08:45:03"
IOP,0.0001713,"2017-08-06 08:50:02"
IOP,0.00016603,"2017-08-06 08:55:02"
IOP,0.00016603,"2017-08-06 09:00:02"
IOP,0.00016603,"2017-08-06 09:05:01"
IOP,0.00017144,"2017-08-06 09:10:01"
IOP,0.00016607,"2017-08-06 09:15:04"
IOP,0.00016607,"2017-08-06 09:20:02"
IOP,0.00017038,"2017-08-06 09:25:01"
IOP,0.00017038,"2017-08-06 09:30:02"
IOP,0.00017148,"2017-08-06 09:35:02"
IOP,0.00016602,"2017-08-06 09:40:02"
IOP,0.00017069,"2017-08-06 09:45:01"
IOP,0.000167,"2017-08-06 09:50:02"
IOP,0.000167,"2017-08-06 09:55:02"
IOP,0.000167,"2017-08-06 10:00:02"
IOP,0.000167,"2017-08-06 10:05:01"
IOP,0.000167,"2017-08-06 10:10:01"
IOP,0.00017067,"2017-08-06 10:15:02"
IOP,0.00017067,"2017-08-06 10:20:05"
IOP,0.0001662,"2017-08-06 10:25:01"
IOP,0.00016626,"2017-08-06 10:30:02"
IOP,0.00016626,"2017-08-06 10:35:01"
IOP,0.0001706,"2017-08-06 10:40:02"
IOP,0.00017056,"2017-08-06 10:45:02"
IOP,0.00017056,"2017-08-06 10:50:01"
IOP,0.00017056,"2017-08-06 10:55:01"
IOP,0.00017056,"2017-08-06 11:00:02"
IOP,0.00017056,"2017-08-06 11:05:01"
IOP,0.00016621,"2017-08-06 11:10:02"
IOP,0.00016621,"2017-08-06 11:15:01"
IOP,0.00016621,"2017-08-06 11:20:02"
IOP,0.00016621,"2017-08-06 11:25:03"
IOP,0.00016621,"2017-08-06 11:30:02"
IOP,0.00016621,"2017-08-06 11:35:02"
IOP,0.00016621,"2017-08-06 11:40:02"
IOP,0.00016621,"2017-08-06 11:45:01"
IOP,0.00016621,"2017-08-06 11:50:02"
IOP,0.00016621,"2017-08-06 11:55:04"
IOP,0.00017413,"2017-08-06 12:00:01"
IOP,0.00017413,"2017-08-06 12:05:01"
IOP,0.00017448,"2017-08-06 12:10:02"
IOP,0.00017413,"2017-08-06 12:15:03"
IOP,0.00017413,"2017-08-06 12:20:02"
IOP,0.00017413,"2017-08-06 12:25:01"
IOP,0.00017538,"2017-08-06 12:30:09"
IOP,0.00017538,"2017-08-06 12:35:02"
IOP,0.00017605,"2017-08-06 12:40:02"
IOP,0.00017601,"2017-08-06 12:45:02"
IOP,0.00017601,"2017-08-06 12:50:02"
IOP,0.00017601,"2017-08-06 12:55:01"
IOP,0.00017601,"2017-08-06 13:00:01"
IOP,0.00017601,"2017-08-06 13:05:02"
IOP,0.00017601,"2017-08-06 13:10:02"
IOP,0.00017601,"2017-08-06 13:15:04"
IOP,0.00017601,"2017-08-06 13:20:01"
IOP,0.00017603,"2017-08-06 13:25:02"
IOP,0.00017603,"2017-08-06 13:30:02"
IOP,0.00017603,"2017-08-06 13:35:02"
IOP,0.00017603,"2017-08-06 13:40:02"
IOP,0.00017867,"2017-08-06 13:45:02"
IOP,0.00017879,"2017-08-06 13:50:03"
IOP,0.00018084,"2017-08-06 13:55:01"
IOP,0.0001807,"2017-08-06 14:00:02"
IOP,0.00018475,"2017-08-06 14:05:01"
IOP,0.00018087,"2017-08-06 14:10:01"
IOP,0.00018087,"2017-08-06 14:15:01"
IOP,0.00018087,"2017-08-06 14:20:01"
IOP,0.00018087,"2017-08-06 14:25:01"
IOP,0.00018087,"2017-08-06 14:30:01"
IOP,0.00017958,"2017-08-06 14:35:03"
IOP,0.00018475,"2017-08-06 14:40:02"
IOP,0.00018475,"2017-08-06 14:45:02"
IOP,0.00018464,"2017-08-06 14:50:02"
IOP,0.00018464,"2017-08-06 14:55:01"
IOP,0.00018464,"2017-08-06 15:00:02"
IOP,0.00018464,"2017-08-06 15:05:02"
IOP,0.00018464,"2017-08-06 15:10:02"
IOP,0.00018464,"2017-08-06 15:15:02"
IOP,0.00018464,"2017-08-06 15:20:02"
IOP,0.00018464,"2017-08-06 15:25:01"
IOP,0.00017564,"2017-08-06 15:30:02"
IOP,0.00018474,"2017-08-06 15:35:02"
IOP,0.00018475,"2017-08-06 15:40:03"
IOP,0.0001825,"2017-08-06 15:45:02"
IOP,0.0001825,"2017-08-06 15:50:02"
IOP,0.0001825,"2017-08-06 15:55:01"
IOP,0.0001825,"2017-08-06 16:00:02"
IOP,0.00018475,"2017-08-06 16:05:01"
IOP,0.00018474,"2017-08-06 16:10:01"
IOP,0.00018474,"2017-08-06 16:15:01"
IOP,0.00018474,"2017-08-06 16:20:01"
IOP,0.00018474,"2017-08-06 16:25:01"
IOP,0.00018474,"2017-08-06 16:30:01"
IOP,0.00018452,"2017-08-06 16:35:01"
IOP,0.00018452,"2017-08-06 16:40:02"
IOP,0.00018452,"2017-08-06 16:45:02"
IOP,0.00018252,"2017-08-06 16:50:02"
IOP,0.00018252,"2017-08-06 16:55:02"
IOP,0.00017646,"2017-08-06 17:00:01"
IOP,0.00017646,"2017-08-06 17:05:02"
IOP,0.00017646,"2017-08-06 17:10:02"
IOP,0.00017646,"2017-08-06 17:15:02"
IOP,0.00017646,"2017-08-06 17:20:02"
IOP,0.00017646,"2017-08-06 17:25:07"
IOP,0.00017646,"2017-08-06 17:30:02"
IOP,0.00018451,"2017-08-06 17:35:01"
IOP,0.00017564,"2017-08-06 17:40:02"
IOP,0.00017564,"2017-08-06 17:45:02"
IOP,0.00017564,"2017-08-06 17:50:02"
IOP,0.00017564,"2017-08-06 17:55:01"
IOP,0.00017792,"2017-08-06 18:00:02"
IOP,0.00017792,"2017-08-06 18:05:02"
IOP,0.00017792,"2017-08-06 18:10:11"
IOP,0.00017792,"2017-08-06 18:15:02"
IOP,0.00017792,"2017-08-06 18:20:02"
IOP,0.00017792,"2017-08-06 18:25:02"
IOP,0.00018386,"2017-08-06 18:30:08"
IOP,0.00018386,"2017-08-06 18:35:01"
IOP,0.00018386,"2017-08-06 18:40:03"
IOP,0.00018386,"2017-08-06 18:45:01"
IOP,0.00018386,"2017-08-06 18:50:01"
IOP,0.00018386,"2017-08-06 18:55:04"
IOP,0.00018386,"2017-08-06 19:00:01"
IOP,0.00018386,"2017-08-06 19:05:02"
IOP,0.00018386,"2017-08-06 19:10:08"
IOP,0.00018386,"2017-08-06 19:15:02"
IOP,0.00018386,"2017-08-06 19:20:01"
IOP,0.00018386,"2017-08-06 19:25:01"
IOP,0.00017723,"2017-08-06 19:30:01"
IOP,0.00018474,"2017-08-06 19:35:02"
IOP,0.00018473,"2017-08-06 19:40:02"
IOP,0.00018471,"2017-08-06 19:45:01"
IOP,0.00018471,"2017-08-06 19:50:02"
IOP,0.00018471,"2017-08-06 19:55:01"
IOP,0.00018471,"2017-08-06 20:00:02"
IOP,0.00017589,"2017-08-06 20:05:01"
IOP,0.00017589,"2017-08-06 20:10:01"
IOP,0.00018472,"2017-08-06 20:15:02"
IOP,0.00018472,"2017-08-06 20:20:01"
IOP,0.00018472,"2017-08-06 20:25:02"
IOP,0.00018472,"2017-08-06 20:30:02"
IOP,0.00018472,"2017-08-06 20:35:03"
IOP,0.00018472,"2017-08-06 20:40:01"
IOP,0.0001847,"2017-08-06 20:45:01"
IOP,0.0001847,"2017-08-06 20:50:01"
IOP,0.00017604,"2017-08-06 20:55:01"
IOP,0.00017604,"2017-08-06 21:00:02"
IOP,0.00017604,"2017-08-06 21:05:01"
IOP,0.00017604,"2017-08-06 21:10:01"
IOP,0.00017604,"2017-08-06 21:15:02"
IOP,0.00017604,"2017-08-06 21:20:02"
IOP,0.00017604,"2017-08-06 21:25:08"
IOP,0.00017564,"2017-08-06 21:30:02"
IOP,0.00017563,"2017-08-06 21:35:02"
IOP,0.00017563,"2017-08-06 21:40:01"
IOP,0.00017563,"2017-08-06 21:45:01"
IOP,0.00017563,"2017-08-06 21:50:02"
IOP,0.00017563,"2017-08-06 22:00:02"
IOP,0.00017563,"2017-08-06 22:05:02"
IOP,0.00017563,"2017-08-06 22:10:02"
IOP,0.00017563,"2017-08-06 22:15:02"
IOP,0.00017563,"2017-08-06 22:20:02"
IOP,0.00017563,"2017-08-06 22:25:01"
IOP,0.00017563,"2017-08-06 22:30:02"
IOP,0.00017563,"2017-08-06 22:35:02"
IOP,0.00017563,"2017-08-06 22:40:02"
IOP,0.00017563,"2017-08-06 22:45:02"
IOP,0.00017563,"2017-08-06 22:50:02"
IOP,0.00017563,"2017-08-06 22:55:02"
IOP,0.00017563,"2017-08-06 23:00:02"
IOP,0.00017563,"2017-08-06 23:05:02"
IOP,0.00017563,"2017-08-06 23:10:05"
IOP,0.00017563,"2017-08-06 23:15:02"
IOP,0.00017563,"2017-08-06 23:20:02"
IOP,0.00017563,"2017-08-06 23:25:02"
IOP,0.00017563,"2017-08-06 23:30:02"
IOP,0.00017563,"2017-08-06 23:35:01"
IOP,0.00017563,"2017-08-06 23:40:02"
IOP,0.00017563,"2017-08-06 23:45:02"
IOP,0.00017563,"2017-08-06 23:50:02"
IOP,0.00017563,"2017-08-06 23:55:02"
IOP,0.0001758,"2017-08-07 00:00:02"
IOP,0.0001758,"2017-08-07 00:05:02"
IOP,0.0001758,"2017-08-07 00:10:02"
IOP,0.0001758,"2017-08-07 00:15:01"
IOP,0.0001758,"2017-08-07 00:20:01"
IOP,0.0001758,"2017-08-07 00:25:01"
IOP,0.0001758,"2017-08-07 00:30:02"
IOP,0.0001758,"2017-08-07 00:35:02"
IOP,0.0001758,"2017-08-07 00:40:01"
IOP,0.0001758,"2017-08-07 00:45:01"
IOP,0.0001758,"2017-08-07 00:50:02"
IOP,0.0001758,"2017-08-07 00:55:01"
IOP,0.0001758,"2017-08-07 01:00:01"
IOP,0.0001758,"2017-08-07 01:05:01"
IOP,0.0001758,"2017-08-07 01:10:01"
IOP,0.0001758,"2017-08-07 01:15:01"
IOP,0.0001758,"2017-08-07 01:20:02"
IOP,0.0001758,"2017-08-07 01:25:01"
IOP,0.0001758,"2017-08-07 01:30:04"
IOP,0.0001758,"2017-08-07 01:35:01"
IOP,0.0001758,"2017-08-07 01:40:11"
IOP,0.0001758,"2017-08-07 01:45:02"
IOP,0.0001758,"2017-08-07 01:50:01"
IOP,0.0001758,"2017-08-07 01:55:01"
IOP,0.0001758,"2017-08-07 02:00:02"
IOP,0.0001758,"2017-08-07 02:05:01"
IOP,0.0001758,"2017-08-07 02:10:02"
IOP,0.0001758,"2017-08-07 02:15:01"
IOP,0.0001758,"2017-08-07 02:20:01"
IOP,0.0001758,"2017-08-07 02:25:02"
IOP,0.00017566,"2017-08-07 02:30:02"
IOP,0.00017413,"2017-08-07 02:35:02"
IOP,0.00017413,"2017-08-07 02:40:02"
IOP,0.00017413,"2017-08-07 02:45:01"
IOP,0.00017413,"2017-08-07 02:50:02"
IOP,0.00017413,"2017-08-07 02:55:04"
IOP,0.00017413,"2017-08-07 03:00:03"
IOP,0.00017413,"2017-08-07 03:05:02"
IOP,0.00017413,"2017-08-07 03:10:02"
IOP,0.00017413,"2017-08-07 03:15:02"
IOP,0.00017413,"2017-08-07 03:20:02"
IOP,0.00017413,"2017-08-07 03:25:01"
IOP,0.00017413,"2017-08-07 03:30:01"
IOP,0.00017413,"2017-08-07 03:35:02"
IOP,0.00017413,"2017-08-07 03:40:02"
IOP,0.00017413,"2017-08-07 03:45:02"
IOP,0.00017413,"2017-08-07 03:50:01"
IOP,0.00017413,"2017-08-07 03:55:01"
IOP,0.00017413,"2017-08-07 04:00:01"
IOP,0.00017413,"2017-08-07 04:05:01"
IOP,0.00017413,"2017-08-07 04:10:01"
IOP,0.00017413,"2017-08-07 04:15:01"
IOP,0.00017413,"2017-08-07 04:20:02"
IOP,0.00017413,"2017-08-07 04:25:01"
IOP,0.00017413,"2017-08-07 04:30:01"
IOP,0.00017413,"2017-08-07 04:35:02"
IOP,0.00017413,"2017-08-07 04:40:01"
IOP,0.00017413,"2017-08-07 04:45:01"
IOP,0.00017413,"2017-08-07 04:50:01"
IOP,0.00017413,"2017-08-07 04:55:02"
IOP,0.00017413,"2017-08-07 05:00:02"
IOP,0.00017413,"2017-08-07 05:05:03"
IOP,0.00017413,"2017-08-07 05:10:01"
IOP,0.00017413,"2017-08-07 05:15:03"
IOP,0.00017413,"2017-08-07 05:20:01"
IOP,0.00017413,"2017-08-07 05:25:01"
IOP,0.00017413,"2017-08-07 05:30:02"
IOP,0.00017413,"2017-08-07 05:35:02"
IOP,0.00017413,"2017-08-07 05:40:01"
IOP,0.00017413,"2017-08-07 05:45:01"
IOP,0.00017413,"2017-08-07 05:50:02"
IOP,0.00017413,"2017-08-07 05:55:02"
IOP,0.00017413,"2017-08-07 06:00:02"
IOP,0.00017413,"2017-08-07 06:05:05"
IOP,0.00017413,"2017-08-07 06:10:01"
IOP,0.00017413,"2017-08-07 06:15:07"
IOP,0.00017413,"2017-08-07 06:20:01"
IOP,0.00017715,"2017-08-07 06:25:01"
IOP,0.00017715,"2017-08-07 06:30:02"
IOP,0.00017715,"2017-08-07 06:35:01"
IOP,0.00017715,"2017-08-07 06:40:02"
IOP,0.00017712,"2017-08-07 06:45:02"
IOP,0.00017712,"2017-08-07 06:50:01"
IOP,0.00017712,"2017-08-07 06:55:01"
IOP,0.00017712,"2017-08-07 07:00:02"
IOP,0.00017712,"2017-08-07 07:05:01"
IOP,0.00017712,"2017-08-07 07:10:01"
IOP,0.00017712,"2017-08-07 07:15:02"
IOP,0.00017712,"2017-08-07 07:20:02"
IOP,0.00017712,"2017-08-07 07:25:01"
IOP,0.00017712,"2017-08-07 07:30:02"
IOP,0.00017413,"2017-08-07 07:35:01"
IOP,0.00017413,"2017-08-07 07:40:01"
IOP,0.00017413,"2017-08-07 07:45:02"
IOP,0.00017413,"2017-08-07 07:50:02"
IOP,0.00017413,"2017-08-07 07:55:01"
IOP,0.00017413,"2017-08-07 08:00:02"
IOP,0.00017113,"2017-08-07 08:05:02"
IOP,0.00017113,"2017-08-07 08:10:01"
IOP,0.00017113,"2017-08-07 08:15:01"
IOP,0.00017113,"2017-08-07 08:20:01"
IOP,0.00017113,"2017-08-07 08:25:01"
IOP,0.00017113,"2017-08-07 08:30:02"
IOP,0.00017113,"2017-08-07 08:35:02"
IOP,0.00017113,"2017-08-07 08:40:01"
IOP,0.00017113,"2017-08-07 08:45:01"
IOP,0.00017113,"2017-08-07 08:50:01"
IOP,0.00017113,"2017-08-07 08:55:01"
IOP,0.00017113,"2017-08-07 09:00:01"
IOP,0.00017113,"2017-08-07 09:05:01"
IOP,0.00017113,"2017-08-07 09:10:01"
IOP,0.00017113,"2017-08-07 09:15:01"
IOP,0.00017113,"2017-08-07 09:20:02"
IOP,0.00017113,"2017-08-07 09:25:01"
IOP,0.00017144,"2017-08-07 09:30:01"
IOP,0.00017144,"2017-08-07 09:35:02"
IOP,0.00017112,"2017-08-07 09:40:01"
IOP,0.00017112,"2017-08-07 09:45:01"
IOP,0.00017387,"2017-08-07 09:50:02"
IOP,0.00017387,"2017-08-07 09:55:02"
IOP,0.00017387,"2017-08-07 10:00:02"
IOP,0.00017653,"2017-08-07 10:05:04"
IOP,0.00017653,"2017-08-07 10:10:02"
IOP,0.00017653,"2017-08-07 10:15:01"
IOP,0.00017653,"2017-08-07 10:20:01"
IOP,0.00017653,"2017-08-07 10:25:01"
IOP,0.00017237,"2017-08-07 10:30:02"
IOP,0.00017237,"2017-08-07 10:35:01"
IOP,0.00017237,"2017-08-07 10:40:01"
IOP,0.00017237,"2017-08-07 10:45:01"
IOP,0.00017237,"2017-08-07 10:50:02"
IOP,0.00017237,"2017-08-07 10:55:02"
IOP,0.00017237,"2017-08-07 11:00:01"
IOP,0.000172,"2017-08-07 11:05:01"
IOP,0.00016883,"2017-08-07 11:10:04"
IOP,0.00017219,"2017-08-07 11:15:02"
IOP,0.000167,"2017-08-07 11:20:02"
IOP,0.000165,"2017-08-07 11:25:02"
IOP,0.000165,"2017-08-07 11:30:05"
IOP,0.000165,"2017-08-07 11:35:01"
IOP,0.000165,"2017-08-07 11:40:02"
IOP,0.000165,"2017-08-07 11:45:02"
IOP,0.00017666,"2017-08-07 11:50:01"
IOP,0.00017666,"2017-08-07 11:55:01"
IOP,0.00017666,"2017-08-07 12:00:02"
IOP,0.00017666,"2017-08-07 12:05:01"
IOP,0.00017658,"2017-08-07 12:10:02"
IOP,0.00017658,"2017-08-07 12:15:02"
IOP,0.00017658,"2017-08-07 12:20:01"
IOP,0.00017658,"2017-08-07 12:25:03"
IOP,0.00017658,"2017-08-07 12:30:02"
IOP,0.00017123,"2017-08-07 12:35:02"
IOP,0.00017123,"2017-08-07 12:40:02"
IOP,0.00017123,"2017-08-07 12:45:01"
IOP,0.00017123,"2017-08-07 12:50:01"
IOP,0.00017123,"2017-08-07 12:55:01"
IOP,0.00017123,"2017-08-07 13:00:02"
IOP,0.00017123,"2017-08-07 13:05:01"
IOP,0.00017123,"2017-08-07 13:10:02"
IOP,0.00017123,"2017-08-07 13:15:02"
IOP,0.00017123,"2017-08-07 13:20:01"
IOP,0.00017123,"2017-08-07 13:25:01"
IOP,0.00016505,"2017-08-07 13:30:01"
IOP,0.00016505,"2017-08-07 13:35:02"
IOP,0.00016505,"2017-08-07 13:40:02"
IOP,0.00016505,"2017-08-07 13:45:01"
IOP,0.00016505,"2017-08-07 13:50:02"
IOP,0.00016505,"2017-08-07 13:55:01"
IOP,0.00016505,"2017-08-07 14:00:02"
IOP,0.00016505,"2017-08-07 14:05:02"
IOP,0.00016506,"2017-08-07 14:10:01"
IOP,0.00016506,"2017-08-07 14:15:01"
IOP,0.00016506,"2017-08-07 14:20:02"
IOP,0.00016506,"2017-08-07 14:25:01"
IOP,0.00016506,"2017-08-07 14:30:02"
IOP,0.00016506,"2017-08-07 14:35:01"
IOP,0.00016506,"2017-08-07 14:40:01"
IOP,0.00016506,"2017-08-07 14:45:01"
IOP,0.00016506,"2017-08-07 14:50:02"
IOP,0.00016506,"2017-08-07 14:55:02"
IOP,0.00016506,"2017-08-07 15:00:02"
IOP,0.00016506,"2017-08-07 15:05:01"
IOP,0.000165,"2017-08-07 15:10:02"
IOP,0.000165,"2017-08-07 15:15:04"
IOP,0.000165,"2017-08-07 15:20:02"
IOP,0.000165,"2017-08-07 15:25:01"
IOP,0.000165,"2017-08-07 15:30:02"
IOP,0.000165,"2017-08-07 15:35:01"
IOP,0.000165,"2017-08-07 15:40:06"
IOP,0.000165,"2017-08-07 15:45:03"
IOP,0.000165,"2017-08-07 15:50:01"
IOP,0.000165,"2017-08-07 15:55:01"
IOP,0.000165,"2017-08-07 16:00:02"
IOP,0.000173,"2017-08-07 16:05:02"
IOP,0.000173,"2017-08-07 16:10:02"
IOP,0.000173,"2017-08-07 16:15:01"
IOP,0.000173,"2017-08-07 16:20:02"
IOP,0.000173,"2017-08-07 16:25:02"
IOP,0.00016948,"2017-08-07 16:30:07"
IOP,0.00016501,"2017-08-07 16:35:03"
IOP,0.00016501,"2017-08-07 16:40:02"
IOP,0.000165,"2017-08-07 16:45:04"
IOP,0.0001651,"2017-08-07 16:50:03"
IOP,0.0001651,"2017-08-07 16:55:02"
IOP,0.0001651,"2017-08-07 17:00:02"
IOP,0.0001651,"2017-08-07 17:05:02"
IOP,0.0001651,"2017-08-07 17:10:01"
IOP,0.0001651,"2017-08-07 17:15:01"
IOP,0.0001651,"2017-08-07 17:20:03"
IOP,0.0001651,"2017-08-07 17:25:15"
IOP,0.00016913,"2017-08-07 17:30:02"
IOP,0.00016913,"2017-08-07 17:35:01"
IOP,0.00016913,"2017-08-07 17:40:03"
IOP,0.00016913,"2017-08-07 17:45:02"
IOP,0.00016913,"2017-08-07 17:50:01"
IOP,0.00016913,"2017-08-07 17:55:01"
IOP,0.00016913,"2017-08-07 18:00:02"
IOP,0.00016913,"2017-08-07 18:05:02"
IOP,0.00016913,"2017-08-07 18:10:03"
IOP,0.00016913,"2017-08-07 18:15:01"
IOP,0.00016913,"2017-08-07 18:20:02"
IOP,0.00016913,"2017-08-07 18:25:02"
IOP,0.00016913,"2017-08-07 18:30:01"
IOP,0.00016913,"2017-08-07 18:35:02"
IOP,0.00016913,"2017-08-07 18:40:01"
IOP,0.00016913,"2017-08-07 18:45:01"
IOP,0.00016913,"2017-08-07 18:50:01"
IOP,0.00016913,"2017-08-07 18:55:01"
IOP,0.00016913,"2017-08-07 19:00:02"
IOP,0.00016913,"2017-08-07 19:05:01"
IOP,0.00016913,"2017-08-07 19:10:02"
IOP,0.00016913,"2017-08-07 19:15:01"
IOP,0.00016913,"2017-08-07 19:20:02"
IOP,0.00016913,"2017-08-07 19:25:02"
IOP,0.00016519,"2017-08-07 19:30:01"
IOP,0.00016519,"2017-08-07 19:35:06"
IOP,0.00016519,"2017-08-07 19:40:03"
IOP,0.00016519,"2017-08-07 19:45:12"
IOP,0.00016519,"2017-08-07 19:50:02"
IOP,0.00016519,"2017-08-07 19:55:01"
IOP,0.00016577,"2017-08-07 20:00:04"
IOP,0.00016577,"2017-08-07 20:05:01"
IOP,0.00016577,"2017-08-07 20:10:06"
IOP,0.00016577,"2017-08-07 20:15:01"
IOP,0.00016577,"2017-08-07 20:20:02"
IOP,0.00016578,"2017-08-07 20:25:01"
IOP,0.00016578,"2017-08-07 20:30:02"
IOP,0.00016578,"2017-08-07 20:35:01"
IOP,0.00016578,"2017-08-07 20:40:06"
IOP,0.00016659,"2017-08-07 20:45:01"
IOP,0.00016659,"2017-08-07 20:50:04"
IOP,0.00016659,"2017-08-07 20:55:01"
IOP,0.00016659,"2017-08-07 21:00:06"
IOP,0.00016659,"2017-08-07 21:05:02"
IOP,0.00016659,"2017-08-07 21:10:02"
IOP,0.00016659,"2017-08-07 21:15:01"
IOP,0.00016659,"2017-08-07 21:20:01"
IOP,0.00017395,"2017-08-07 21:25:01"
IOP,0.00017395,"2017-08-07 21:30:02"
IOP,0.00017395,"2017-08-07 21:35:01"
IOP,0.00017395,"2017-08-07 21:40:02"
IOP,0.00016659,"2017-08-07 21:45:08"
IOP,0.00016659,"2017-08-07 21:50:01"
IOP,0.00016659,"2017-08-07 21:55:01"
IOP,0.00016659,"2017-08-07 22:00:02"
IOP,0.00016659,"2017-08-07 22:05:02"
IOP,0.00016659,"2017-08-07 22:10:01"
IOP,0.00016659,"2017-08-07 22:15:01"
IOP,0.0001651,"2017-08-07 22:20:01"
IOP,0.0001651,"2017-08-07 22:25:01"
IOP,0.0001651,"2017-08-07 22:30:03"
IOP,0.0001651,"2017-08-07 22:35:01"
IOP,0.0001651,"2017-08-07 22:40:02"
IOP,0.0001651,"2017-08-07 22:45:01"
IOP,0.0001651,"2017-08-07 22:50:01"
IOP,0.0001651,"2017-08-07 22:55:01"
IOP,0.0001651,"2017-08-07 23:00:01"
IOP,0.0001651,"2017-08-07 23:05:01"
IOP,0.0001651,"2017-08-07 23:10:01"
IOP,0.0001651,"2017-08-07 23:15:02"
IOP,0.0001651,"2017-08-07 23:20:01"
IOP,0.0001651,"2017-08-07 23:25:02"
IOP,0.0001651,"2017-08-07 23:30:02"
IOP,0.0001651,"2017-08-07 23:35:02"
IOP,0.0001651,"2017-08-07 23:40:01"
IOP,0.000165,"2017-08-07 23:45:07"
IOP,0.000165,"2017-08-07 23:50:02"
IOP,0.000165,"2017-08-07 23:55:02"
IOP,0.000165,"2017-08-08 00:00:02"
IOP,0.000165,"2017-08-08 00:05:02"
IOP,0.000165,"2017-08-08 00:10:01"
IOP,0.000165,"2017-08-08 00:15:01"
IOP,0.000165,"2017-08-08 00:20:01"
IOP,0.000165,"2017-08-08 00:25:02"
IOP,0.000165,"2017-08-08 00:30:01"
IOP,0.000165,"2017-08-08 00:35:02"
IOP,0.000165,"2017-08-08 00:40:02"
IOP,0.000165,"2017-08-08 00:45:02"
IOP,0.000165,"2017-08-08 00:50:02"
IOP,0.000165,"2017-08-08 00:55:02"
IOP,0.000165,"2017-08-08 01:00:02"
IOP,0.000165,"2017-08-08 01:05:01"
IOP,0.000165,"2017-08-08 01:10:01"
IOP,0.000165,"2017-08-08 01:15:01"
IOP,0.000165,"2017-08-08 01:20:09"
IOP,0.000165,"2017-08-08 01:25:01"
IOP,0.000165,"2017-08-08 01:30:01"
IOP,0.000165,"2017-08-08 01:35:02"
IOP,0.000165,"2017-08-08 01:40:01"
IOP,0.000165,"2017-08-08 01:45:02"
IOP,0.000165,"2017-08-08 01:50:02"
IOP,0.000165,"2017-08-08 01:55:02"
IOP,0.000165,"2017-08-08 02:00:01"
IOP,0.000165,"2017-08-08 02:05:02"
IOP,0.00016699,"2017-08-08 02:10:02"
IOP,0.00016699,"2017-08-08 02:15:02"
IOP,0.00016699,"2017-08-08 02:20:02"
IOP,0.00016699,"2017-08-08 02:25:01"
IOP,0.00016699,"2017-08-08 02:30:01"
IOP,0.00016699,"2017-08-08 02:35:02"
IOP,0.00016699,"2017-08-08 02:40:01"
IOP,0.00016699,"2017-08-08 02:45:01"
IOP,0.00016699,"2017-08-08 02:50:01"
IOP,0.00016699,"2017-08-08 02:55:02"
IOP,0.00016699,"2017-08-08 03:00:02"
IOP,0.00016699,"2017-08-08 03:05:01"
IOP,0.00016699,"2017-08-08 03:10:01"
IOP,0.00016699,"2017-08-08 03:15:01"
IOP,0.00016699,"2017-08-08 03:20:01"
IOP,0.00016699,"2017-08-08 03:25:01"
IOP,0.00016699,"2017-08-08 03:30:02"
IOP,0.00016699,"2017-08-08 03:35:01"
IOP,0.00016699,"2017-08-08 03:40:02"
IOP,0.00016699,"2017-08-08 03:45:01"
IOP,0.00016699,"2017-08-08 03:50:02"
IOP,0.00016803,"2017-08-08 03:55:02"
IOP,0.00016803,"2017-08-08 04:00:02"
IOP,0.00016803,"2017-08-08 04:05:01"
IOP,0.00016803,"2017-08-08 04:10:01"
IOP,0.00016803,"2017-08-08 04:15:01"
IOP,0.00016803,"2017-08-08 04:20:01"
IOP,0.00016803,"2017-08-08 04:25:01"
IOP,0.00016803,"2017-08-08 04:30:02"
IOP,0.00016803,"2017-08-08 04:35:04"
IOP,0.00016803,"2017-08-08 04:40:03"
IOP,0.00016803,"2017-08-08 04:45:03"
IOP,0.00016803,"2017-08-08 04:50:02"
IOP,0.00016803,"2017-08-08 04:55:03"
IOP,0.00016803,"2017-08-08 05:00:02"
IOP,0.00016803,"2017-08-08 05:05:02"
IOP,0.00016803,"2017-08-08 05:10:02"
IOP,0.00016803,"2017-08-08 05:15:02"
IOP,0.00016803,"2017-08-08 05:20:02"
IOP,0.00016803,"2017-08-08 05:25:01"
IOP,0.00016803,"2017-08-08 05:30:02"
IOP,0.00016803,"2017-08-08 05:35:02"
IOP,0.00016803,"2017-08-08 05:40:01"
IOP,0.00016803,"2017-08-08 05:45:01"
IOP,0.00016803,"2017-08-08 05:50:01"
IOP,0.00016803,"2017-08-08 05:55:02"
IOP,0.00016803,"2017-08-08 06:00:01"
IOP,0.00016803,"2017-08-08 06:05:02"
IOP,0.00016803,"2017-08-08 06:10:01"
IOP,0.00016803,"2017-08-08 06:15:01"
IOP,0.00016803,"2017-08-08 06:20:05"
IOP,0.00016803,"2017-08-08 06:25:02"
IOP,0.00016803,"2017-08-08 06:30:03"
IOP,0.00016803,"2017-08-08 06:35:01"
IOP,0.00016803,"2017-08-08 06:40:02"
IOP,0.00016509,"2017-08-08 06:45:04"
IOP,0.00016509,"2017-08-08 06:50:02"
IOP,0.00016509,"2017-08-08 06:55:02"
IOP,0.00016509,"2017-08-08 07:00:01"
IOP,0.00016509,"2017-08-08 07:05:01"
IOP,0.00016509,"2017-08-08 07:10:01"
IOP,0.00016509,"2017-08-08 07:15:03"
IOP,0.00016509,"2017-08-08 07:20:01"
IOP,0.00016509,"2017-08-08 07:25:01"
IOP,0.00016666,"2017-08-08 07:30:01"
IOP,0.00016666,"2017-08-08 07:35:07"
IOP,0.00016666,"2017-08-08 07:40:04"
IOP,0.00016666,"2017-08-08 07:45:01"
IOP,0.00016666,"2017-08-08 07:50:01"
IOP,0.00016666,"2017-08-08 07:55:02"
IOP,0.00016666,"2017-08-08 08:00:02"
IOP,0.00016666,"2017-08-08 08:05:01"
IOP,0.00016666,"2017-08-08 08:10:01"
IOP,0.00016666,"2017-08-08 08:15:02"
IOP,0.00016666,"2017-08-08 08:20:02"
IOP,0.00016666,"2017-08-08 08:25:01"
IOP,0.00016666,"2017-08-08 08:30:01"
IOP,0.00016666,"2017-08-08 08:35:01"
IOP,0.00016666,"2017-08-08 08:40:01"
IOP,0.00016666,"2017-08-08 08:45:01"
IOP,0.00016666,"2017-08-08 08:50:02"
IOP,0.00016666,"2017-08-08 08:55:02"
IOP,0.00016508,"2017-08-08 09:00:01"
IOP,0.00016508,"2017-08-08 09:05:01"
IOP,0.00016508,"2017-08-08 09:10:02"
IOP,0.00016508,"2017-08-08 09:15:02"
IOP,0.00016508,"2017-08-08 09:20:03"
IOP,0.00016508,"2017-08-08 09:25:02"
IOP,0.00016508,"2017-08-08 09:30:03"
IOP,0.00016508,"2017-08-08 09:35:01"
IOP,0.00016508,"2017-08-08 09:40:02"
IOP,0.00016508,"2017-08-08 09:45:04"
IOP,0.00016508,"2017-08-08 09:50:02"
IOP,0.00016508,"2017-08-08 09:55:02"
IOP,0.00016508,"2017-08-08 10:00:02"
IOP,0.00016508,"2017-08-08 10:05:01"
IOP,0.00016508,"2017-08-08 10:10:02"
IOP,0.00016508,"2017-08-08 10:15:02"
IOP,0.00016508,"2017-08-08 10:20:01"
IOP,0.00016508,"2017-08-08 10:25:02"
IOP,0.00016847,"2017-08-08 10:30:02"
IOP,0.00016847,"2017-08-08 10:35:02"
IOP,0.00016504,"2017-08-08 10:40:01"
IOP,0.00016504,"2017-08-08 10:45:02"
IOP,0.00016504,"2017-08-08 10:50:05"
IOP,0.00016504,"2017-08-08 10:55:02"
IOP,0.00016504,"2017-08-08 11:00:02"
IOP,0.00016504,"2017-08-08 11:05:01"
IOP,0.00016504,"2017-08-08 11:10:13"
IOP,0.00016504,"2017-08-08 11:15:07"
IOP,0.00016504,"2017-08-08 11:20:03"
IOP,0.00016504,"2017-08-08 11:25:01"
IOP,0.00016504,"2017-08-08 11:30:02"
IOP,0.00016504,"2017-08-08 11:35:01"
IOP,0.00016504,"2017-08-08 11:40:08"
IOP,0.00016504,"2017-08-08 11:45:01"
IOP,0.00016504,"2017-08-08 11:50:02"
IOP,0.00016504,"2017-08-08 11:55:02"
IOP,0.00016504,"2017-08-08 12:00:01"
IOP,0.00016504,"2017-08-08 12:05:02"
IOP,0.00016504,"2017-08-08 12:10:01"
IOP,0.00016504,"2017-08-08 12:15:02"
IOP,0.00016504,"2017-08-08 12:20:02"
IOP,0.00016504,"2017-08-08 12:25:02"
IOP,0.00016504,"2017-08-08 12:30:01"
IOP,0.00016504,"2017-08-08 12:35:01"
IOP,0.00016504,"2017-08-08 12:40:01"
IOP,0.00016504,"2017-08-08 12:45:02"
IOP,0.00016504,"2017-08-08 12:50:01"
IOP,0.00016504,"2017-08-08 12:55:01"
IOP,0.00016504,"2017-08-08 13:00:02"
IOP,0.00016504,"2017-08-08 13:05:06"
IOP,0.00016504,"2017-08-08 13:10:02"
IOP,0.00016504,"2017-08-08 13:15:01"
IOP,0.00016505,"2017-08-08 13:20:05"
IOP,0.00016505,"2017-08-08 13:25:03"
IOP,0.00016505,"2017-08-08 13:30:02"
IOP,0.00016505,"2017-08-08 13:35:02"
IOP,0.00016505,"2017-08-08 13:40:01"
IOP,0.00016505,"2017-08-08 13:45:01"
IOP,0.00016501,"2017-08-08 13:50:01"
IOP,0.00016501,"2017-08-08 13:55:01"
IOP,0.00016501,"2017-08-08 14:00:02"
IOP,0.00016501,"2017-08-08 14:05:01"
IOP,0.00016501,"2017-08-08 14:10:01"
IOP,0.00016501,"2017-08-08 14:15:01"
IOP,0.00016501,"2017-08-08 14:20:02"
IOP,0.00016501,"2017-08-08 14:25:02"
IOP,0.00016501,"2017-08-08 14:30:02"
IOP,0.00016501,"2017-08-08 14:35:02"
IOP,0.00016501,"2017-08-08 14:40:01"
IOP,0.00016501,"2017-08-08 14:45:01"
IOP,0.00016501,"2017-08-08 14:50:02"
IOP,0.00016501,"2017-08-08 14:55:06"
IOP,0.00016501,"2017-08-08 15:00:02"
IOP,0.00016501,"2017-08-08 15:05:02"
IOP,0.00016503,"2017-08-08 15:10:10"
IOP,0.00016503,"2017-08-08 15:15:03"
IOP,0.00016503,"2017-08-08 15:20:02"
IOP,0.00016503,"2017-08-08 15:25:02"
IOP,0.00016503,"2017-08-08 15:30:02"
IOP,0.00016503,"2017-08-08 15:35:01"
IOP,0.00016502,"2017-08-08 15:40:01"
IOP,0.00016502,"2017-08-08 15:45:02"
IOP,0.00016502,"2017-08-08 15:50:02"
IOP,0.00016824,"2017-08-08 15:55:01"
IOP,0.00016824,"2017-08-08 16:00:06"
IOP,0.00016824,"2017-08-08 16:05:01"
IOP,0.00016824,"2017-08-08 16:10:01"
IOP,0.00016824,"2017-08-08 16:15:02"
IOP,0.00016824,"2017-08-08 16:20:01"
IOP,0.00016824,"2017-08-08 16:25:01"
IOP,0.00016824,"2017-08-08 16:30:01"
IOP,0.00016806,"2017-08-08 16:35:01"
IOP,0.00016832,"2017-08-08 16:40:01"
IOP,0.00016832,"2017-08-08 16:45:01"
IOP,0.00016835,"2017-08-08 16:50:01"
IOP,0.00016835,"2017-08-08 16:55:12"
IOP,0.00016882,"2017-08-08 17:00:02"
IOP,0.00016882,"2017-08-08 17:05:02"
IOP,0.00016882,"2017-08-08 17:10:01"
IOP,0.00016882,"2017-08-08 17:15:02"
IOP,0.00016502,"2017-08-08 17:20:02"
IOP,0.00016502,"2017-08-08 17:25:01"
IOP,0.00016502,"2017-08-08 17:30:01"
IOP,0.00016502,"2017-08-08 17:35:02"
IOP,0.00016502,"2017-08-08 17:40:02"
IOP,0.00016502,"2017-08-08 17:45:02"
IOP,0.00016502,"2017-08-08 17:50:01"
IOP,0.0001688,"2017-08-08 17:55:01"
IOP,0.0001688,"2017-08-08 18:00:02"
IOP,0.0001688,"2017-08-08 18:05:01"
IOP,0.0001688,"2017-08-08 18:10:02"
IOP,0.0001688,"2017-08-08 18:15:02"
IOP,0.0001688,"2017-08-08 18:20:01"
IOP,0.0001688,"2017-08-08 18:25:01"
IOP,0.00016882,"2017-08-08 18:30:02"
IOP,0.00016882,"2017-08-08 18:35:01"
IOP,0.00016882,"2017-08-08 18:40:01"
IOP,0.0001688,"2017-08-08 18:45:01"
IOP,0.0001688,"2017-08-08 18:50:02"
IOP,0.0001688,"2017-08-08 18:55:01"
IOP,0.0001688,"2017-08-08 19:00:02"
IOP,0.0001688,"2017-08-08 19:05:02"
IOP,0.0001688,"2017-08-08 19:10:01"
IOP,0.0001688,"2017-08-08 19:15:01"
IOP,0.0001688,"2017-08-08 19:20:02"
IOP,0.0001688,"2017-08-08 19:25:04"
IOP,0.0001688,"2017-08-08 19:30:02"
IOP,0.00016501,"2017-08-08 19:35:01"
IOP,0.000165,"2017-08-08 19:40:07"
IOP,0.000165,"2017-08-08 19:45:01"
IOP,0.000165,"2017-08-08 19:50:01"
IOP,0.000165,"2017-08-08 19:55:02"
IOP,0.000165,"2017-08-08 20:00:01"
IOP,0.000165,"2017-08-08 20:05:02"
IOP,0.000165,"2017-08-08 20:10:01"
IOP,0.000165,"2017-08-08 20:15:01"
IOP,0.000165,"2017-08-08 20:20:01"
IOP,0.000165,"2017-08-08 20:25:02"
IOP,0.000165,"2017-08-08 20:30:02"
IOP,0.000165,"2017-08-08 20:35:01"
IOP,0.000165,"2017-08-08 20:40:02"
IOP,0.000165,"2017-08-08 20:45:02"
IOP,0.000165,"2017-08-08 20:50:01"
IOP,0.00016878,"2017-08-08 20:55:02"
IOP,0.00016878,"2017-08-08 21:00:01"
IOP,0.00016327,"2017-08-08 21:05:02"
IOP,0.00016878,"2017-08-08 21:10:01"
IOP,0.00016878,"2017-08-08 21:15:02"
IOP,0.00016878,"2017-08-08 21:20:01"
IOP,0.00016878,"2017-08-08 21:25:03"
IOP,0.00016878,"2017-08-08 21:30:01"
IOP,0.00016878,"2017-08-08 21:35:02"
IOP,0.00016878,"2017-08-08 21:40:02"
IOP,0.00016328,"2017-08-08 21:45:02"
IOP,0.00016304,"2017-08-08 21:50:01"
IOP,0.00016304,"2017-08-08 21:55:01"
IOP,0.00016304,"2017-08-08 22:00:02"
IOP,0.00016326,"2017-08-08 22:05:01"
IOP,0.000169,"2017-08-08 22:10:02"
IOP,0.000169,"2017-08-08 22:15:02"
IOP,0.000169,"2017-08-08 22:20:02"
IOP,0.000169,"2017-08-08 22:25:01"
IOP,0.000169,"2017-08-08 22:30:01"
IOP,0.000169,"2017-08-08 22:35:03"
IOP,0.000169,"2017-08-08 22:40:02"
IOP,0.000169,"2017-08-08 22:45:02"
IOP,0.000169,"2017-08-08 22:50:02"
IOP,0.00016402,"2017-08-08 22:55:04"
IOP,0.00016661,"2017-08-08 23:00:03"
IOP,0.00016661,"2017-08-08 23:05:01"
IOP,0.00016661,"2017-08-08 23:10:02"
IOP,0.00016661,"2017-08-08 23:15:01"
IOP,0.00016661,"2017-08-08 23:20:02"
IOP,0.00016661,"2017-08-08 23:25:05"
IOP,0.00017426,"2017-08-08 23:30:02"
IOP,0.00017426,"2017-08-08 23:35:01"
IOP,0.00017426,"2017-08-08 23:40:02"
IOP,0.00017426,"2017-08-08 23:45:02"
IOP,0.00017426,"2017-08-08 23:50:01"
IOP,0.00017426,"2017-08-08 23:55:11"
IOP,0.00017426,"2017-08-09 00:00:01"
IOP,0.00017426,"2017-08-09 00:05:02"
IOP,0.00017426,"2017-08-09 00:10:02"
IOP,0.00017426,"2017-08-09 00:15:01"
IOP,0.00017426,"2017-08-09 00:20:01"
IOP,0.00017426,"2017-08-09 00:25:02"
IOP,0.00017426,"2017-08-09 00:30:02"
IOP,0.00017426,"2017-08-09 00:35:02"
IOP,0.00017494,"2017-08-09 00:40:01"
IOP,0.00017494,"2017-08-09 00:45:02"
IOP,0.00017494,"2017-08-09 00:50:02"
IOP,0.00017494,"2017-08-09 00:55:02"
IOP,0.00017494,"2017-08-09 01:00:01"
IOP,0.00017494,"2017-08-09 01:05:01"
IOP,0.00017494,"2017-08-09 01:10:02"
IOP,0.00017494,"2017-08-09 01:15:02"
IOP,0.00017496,"2017-08-09 01:20:02"
IOP,0.00017496,"2017-08-09 01:25:01"
IOP,0.00017495,"2017-08-09 01:30:02"
IOP,0.00017495,"2017-08-09 01:35:01"
IOP,0.00017495,"2017-08-09 01:40:01"
IOP,0.00017495,"2017-08-09 01:45:01"
IOP,0.00017495,"2017-08-09 01:50:02"
IOP,0.00017495,"2017-08-09 01:55:01"
IOP,0.00017495,"2017-08-09 02:00:02"
IOP,0.00017495,"2017-08-09 02:05:01"
IOP,0.00017495,"2017-08-09 02:10:01"
IOP,0.00017495,"2017-08-09 02:15:01"
IOP,0.00017495,"2017-08-09 02:20:01"
IOP,0.00017495,"2017-08-09 02:25:01"
IOP,0.00017495,"2017-08-09 02:30:01"
IOP,0.00017495,"2017-08-09 02:35:02"
IOP,0.00017495,"2017-08-09 02:40:01"
IOP,0.00017495,"2017-08-09 02:45:01"
IOP,0.00017495,"2017-08-09 02:50:01"
IOP,0.00017495,"2017-08-09 02:55:02"
IOP,0.00017495,"2017-08-09 03:00:02"
IOP,0.00017495,"2017-08-09 03:05:01"
IOP,0.00017495,"2017-08-09 03:10:01"
IOP,0.00017495,"2017-08-09 03:15:01"
IOP,0.00017495,"2017-08-09 03:20:02"
IOP,0.00017495,"2017-08-09 03:25:02"
IOP,0.00017495,"2017-08-09 03:30:02"
IOP,0.00017495,"2017-08-09 03:35:01"
IOP,0.00017495,"2017-08-09 03:40:02"
IOP,0.00017495,"2017-08-09 03:45:02"
IOP,0.00017495,"2017-08-09 03:50:02"
IOP,0.00017495,"2017-08-09 03:55:02"
IOP,0.00017495,"2017-08-09 04:00:02"
IOP,0.00017495,"2017-08-09 04:05:02"
IOP,0.00017495,"2017-08-09 04:10:01"
IOP,0.00017495,"2017-08-09 04:15:01"
IOP,0.00017495,"2017-08-09 04:20:01"
IOP,0.00017495,"2017-08-09 04:25:01"
IOP,0.00017495,"2017-08-09 04:30:01"
IOP,0.00017495,"2017-08-09 04:35:03"
IOP,0.00017495,"2017-08-09 04:40:02"
IOP,0.00017495,"2017-08-09 04:45:02"
IOP,0.00017495,"2017-08-09 04:50:02"
IOP,0.00017495,"2017-08-09 04:55:02"
IOP,0.00017495,"2017-08-09 05:00:02"
IOP,0.00017495,"2017-08-09 05:05:01"
IOP,0.00017495,"2017-08-09 05:10:02"
IOP,0.00017495,"2017-08-09 05:15:01"
IOP,0.00017495,"2017-08-09 05:20:01"
IOP,0.00017495,"2017-08-09 05:25:01"
IOP,0.00017495,"2017-08-09 05:30:02"
IOP,0.00017495,"2017-08-09 05:35:01"
IOP,0.00017495,"2017-08-09 05:40:01"
IOP,0.00017495,"2017-08-09 05:45:02"
IOP,0.00017495,"2017-08-09 05:50:02"
IOP,0.00017495,"2017-08-09 05:55:02"
IOP,0.00017495,"2017-08-09 06:00:01"
IOP,0.00017495,"2017-08-09 06:05:01"
IOP,0.00017495,"2017-08-09 06:10:02"
IOP,0.00017495,"2017-08-09 06:15:02"
IOP,0.00017495,"2017-08-09 06:20:02"
IOP,0.00017495,"2017-08-09 06:25:01"
IOP,0.00017495,"2017-08-09 06:30:02"
IOP,0.00017495,"2017-08-09 06:35:02"
IOP,0.00017495,"2017-08-09 06:40:01"
IOP,0.00017495,"2017-08-09 06:45:02"
IOP,0.00016704,"2017-08-09 06:50:02"
IOP,0.00016704,"2017-08-09 06:55:01"
IOP,0.00016704,"2017-08-09 07:00:02"
IOP,0.00016704,"2017-08-09 07:05:01"
IOP,0.00016704,"2017-08-09 07:10:01"
IOP,0.00016704,"2017-08-09 07:15:01"
IOP,0.00016704,"2017-08-09 07:20:01"
IOP,0.00016704,"2017-08-09 07:25:01"
IOP,0.00016704,"2017-08-09 07:30:02"
IOP,0.00016704,"2017-08-09 07:35:02"
IOP,0.00016704,"2017-08-09 07:40:02"
IOP,0.00016704,"2017-08-09 07:45:02"
IOP,0.00016704,"2017-08-09 07:50:01"
IOP,0.00017038,"2017-08-09 07:55:01"
IOP,0.00017038,"2017-08-09 08:00:01"
IOP,0.00017038,"2017-08-09 08:05:01"
IOP,0.00017038,"2017-08-09 08:10:01"
IOP,0.00017038,"2017-08-09 08:15:02"
IOP,0.00017038,"2017-08-09 08:20:02"
IOP,0.00017038,"2017-08-09 08:25:02"
IOP,0.0001704,"2017-08-09 08:30:02"
IOP,0.0001704,"2017-08-09 08:35:01"
IOP,0.0001704,"2017-08-09 08:40:01"
IOP,0.00017179,"2017-08-09 08:45:01"
IOP,0.00017479,"2017-08-09 08:50:02"
IOP,0.00017479,"2017-08-09 08:55:07"
IOP,0.00017479,"2017-08-09 09:00:02"
IOP,0.00017302,"2017-08-09 09:05:01"
IOP,0.00017479,"2017-08-09 09:10:01"
IOP,0.00017479,"2017-08-09 09:15:02"
IOP,0.00017479,"2017-08-09 09:20:02"
IOP,0.00017479,"2017-08-09 09:25:03"
IOP,0.00017479,"2017-08-09 09:30:02"
IOP,0.00017479,"2017-08-09 09:35:01"
IOP,0.00017479,"2017-08-09 09:40:01"
IOP,0.00017479,"2017-08-09 09:45:01"
IOP,0.00017497,"2017-08-09 09:50:01"
IOP,0.000183,"2017-08-09 09:55:01"
IOP,0.00018362,"2017-08-09 10:00:01"
IOP,0.0001842,"2017-08-09 10:05:01"
IOP,0.0001842,"2017-08-09 10:10:01"
IOP,0.00018419,"2017-08-09 10:15:02"
IOP,0.00018419,"2017-08-09 10:20:02"
IOP,0.00018474,"2017-08-09 10:25:02"
IOP,0.000185,"2017-08-09 10:30:02"
IOP,0.000185,"2017-08-09 10:35:01"
IOP,0.00018559,"2017-08-09 10:40:01"
IOP,0.00018559,"2017-08-09 10:45:01"
IOP,0.00018789,"2017-08-09 10:50:02"
IOP,0.00019645,"2017-08-09 10:55:02"
IOP,0.00019645,"2017-08-09 11:00:01"
IOP,0.00019645,"2017-08-09 11:05:01"
IOP,0.00019645,"2017-08-09 11:10:01"
IOP,0.00019645,"2017-08-09 11:15:01"
IOP,0.00019696,"2017-08-09 11:20:02"
IOP,0.00019837,"2017-08-09 11:25:02"
IOP,0.0002,"2017-08-09 11:30:01"
IOP,0.0002245,"2017-08-09 11:35:01"
IOP,0.00026069,"2017-08-09 11:40:02"
IOP,0.00021791,"2017-08-09 11:45:01"
IOP,0.00022,"2017-08-09 11:50:02"
IOP,0.0002,"2017-08-09 11:55:02"
IOP,0.00020197,"2017-08-09 12:00:02"
IOP,0.00020185,"2017-08-09 12:05:02"
IOP,0.000191,"2017-08-09 12:10:02"
IOP,0.00020197,"2017-08-09 12:15:02"
IOP,0.000233,"2017-08-09 12:20:02"
IOP,0.00023603,"2017-08-09 12:25:01"
IOP,0.000245,"2017-08-09 12:30:02"
IOP,0.00020529,"2017-08-09 12:35:01"
IOP,0.000215,"2017-08-09 12:40:02"
IOP,0.00022091,"2017-08-09 12:45:01"
IOP,0.00022,"2017-08-09 12:50:02"
IOP,0.00021998,"2017-08-09 12:55:02"
IOP,0.00021998,"2017-08-09 13:00:09"
IOP,0.00020869,"2017-08-09 13:05:04"
IOP,0.00021,"2017-08-09 13:10:01"
IOP,0.00023032,"2017-08-09 13:15:01"
IOP,0.00024999,"2017-08-09 13:20:01"
IOP,0.000222,"2017-08-09 13:25:02"
IOP,0.000231,"2017-08-09 13:30:02"
IOP,0.00022604,"2017-08-09 13:35:01"
IOP,0.00022997,"2017-08-09 13:40:01"
IOP,0.000218,"2017-08-09 13:45:01"
IOP,0.00022972,"2017-08-09 13:50:01"
IOP,0.00022113,"2017-08-09 13:55:01"
IOP,0.00022205,"2017-08-09 14:00:06"
IOP,0.0002216,"2017-08-09 14:05:01"
IOP,0.00022114,"2017-08-09 14:10:06"
IOP,0.00022119,"2017-08-09 14:15:02"
IOP,0.00022503,"2017-08-09 14:20:02"
IOP,0.00023539,"2017-08-09 14:25:01"
IOP,0.00023509,"2017-08-09 14:30:02"
IOP,0.00022515,"2017-08-09 14:35:02"
IOP,0.00022528,"2017-08-09 14:40:01"
IOP,0.00022532,"2017-08-09 14:45:01"
IOP,0.00024496,"2017-08-09 14:50:02"
IOP,0.0002498,"2017-08-09 14:55:01"
IOP,0.0002498,"2017-08-09 15:00:02"
IOP,0.00024042,"2017-08-09 15:05:01"
IOP,0.00022918,"2017-08-09 15:10:01"
IOP,0.000226,"2017-08-09 15:15:01"
IOP,0.00024944,"2017-08-09 15:20:01"
IOP,0.00024447,"2017-08-09 15:25:04"
IOP,0.00023578,"2017-08-09 15:30:02"
IOP,0.00024731,"2017-08-09 15:35:02"
IOP,0.0002498,"2017-08-09 15:40:01"
IOP,0.00022186,"2017-08-09 15:45:01"
IOP,0.00022345,"2017-08-09 15:50:01"
IOP,0.00022325,"2017-08-09 15:55:04"
IOP,0.000232,"2017-08-09 16:00:02"
IOP,0.00023425,"2017-08-09 16:05:01"
IOP,0.00023425,"2017-08-09 16:10:02"
IOP,0.00022338,"2017-08-09 16:15:04"
IOP,0.00022379,"2017-08-09 16:20:01"
IOP,0.00023193,"2017-08-09 16:25:02"
IOP,0.00022382,"2017-08-09 16:30:02"
IOP,0.00022499,"2017-08-09 16:35:01"
IOP,0.000225,"2017-08-09 16:40:02"
IOP,0.00022336,"2017-08-09 16:45:02"
IOP,0.000225,"2017-08-09 16:50:02"
IOP,0.00022336,"2017-08-09 16:55:02"
IOP,0.00022337,"2017-08-09 17:00:03"
IOP,0.00022337,"2017-08-09 17:05:02"
IOP,0.00022337,"2017-08-09 17:10:01"
IOP,0.00022337,"2017-08-09 17:15:02"
IOP,0.00022336,"2017-08-09 17:20:01"
IOP,0.00021089,"2017-08-09 17:25:01"
IOP,0.00021195,"2017-08-09 17:30:01"
IOP,0.00021212,"2017-08-09 17:35:01"
IOP,0.00022045,"2017-08-09 17:40:02"
IOP,0.00022045,"2017-08-09 17:45:02"
IOP,0.00022035,"2017-08-09 17:50:02"
IOP,0.00022035,"2017-08-09 17:55:08"
IOP,0.00022035,"2017-08-09 18:00:06"
IOP,0.00022042,"2017-08-09 18:05:01"
IOP,0.00022042,"2017-08-09 18:10:01"
IOP,0.00021974,"2017-08-09 18:15:01"
IOP,0.00021974,"2017-08-09 18:20:01"
IOP,0.00021974,"2017-08-09 18:25:02"
IOP,0.00021804,"2017-08-09 18:30:03"
IOP,0.00021291,"2017-08-09 18:35:02"
IOP,0.00021002,"2017-08-09 18:40:01"
IOP,0.00021002,"2017-08-09 18:45:01"
IOP,0.00021002,"2017-08-09 18:50:01"
IOP,0.00021001,"2017-08-09 18:55:02"
IOP,0.00021004,"2017-08-09 19:00:02"
IOP,0.00021004,"2017-08-09 19:05:02"
IOP,0.00021004,"2017-08-09 19:10:01"
IOP,0.00021003,"2017-08-09 19:15:02"
IOP,0.00021004,"2017-08-09 19:20:02"
IOP,0.00021004,"2017-08-09 19:25:11"
IOP,0.00021004,"2017-08-09 19:30:02"
IOP,0.00021001,"2017-08-09 19:35:01"
IOP,0.00021001,"2017-08-09 19:40:03"
IOP,0.0002087,"2017-08-09 19:45:02"
IOP,0.00019039,"2017-08-09 19:50:01"
IOP,0.00019039,"2017-08-09 19:55:04"
IOP,0.00019039,"2017-08-09 20:00:02"
IOP,0.00019039,"2017-08-09 20:05:02"
IOP,0.00019039,"2017-08-09 20:10:02"
IOP,0.00019954,"2017-08-09 20:15:02"
IOP,0.00019977,"2017-08-09 20:20:01"
IOP,0.00019977,"2017-08-09 20:25:01"
IOP,0.0002011,"2017-08-09 20:30:01"
IOP,0.00020845,"2017-08-09 20:35:01"
IOP,0.00020837,"2017-08-09 20:40:03"
IOP,0.00020115,"2017-08-09 20:45:01"
IOP,0.00020115,"2017-08-09 20:50:02"
IOP,0.00019181,"2017-08-09 20:55:02"
IOP,0.00019407,"2017-08-09 21:00:02"
IOP,0.00019407,"2017-08-09 21:05:02"
IOP,0.00019407,"2017-08-09 21:10:01"
IOP,0.00019407,"2017-08-09 21:15:01"
IOP,0.00019407,"2017-08-09 21:20:01"
IOP,0.00019407,"2017-08-09 21:25:02"
IOP,0.00019377,"2017-08-09 21:30:02"
IOP,0.00019419,"2017-08-09 21:35:02"
IOP,0.00019896,"2017-08-09 21:40:02"
IOP,0.00019397,"2017-08-09 21:45:01"
IOP,0.00019002,"2017-08-09 21:50:02"
IOP,0.00019419,"2017-08-09 21:55:01"
IOP,0.00019364,"2017-08-09 22:00:01"
IOP,0.00019364,"2017-08-09 22:05:03"
IOP,0.00019364,"2017-08-09 22:10:02"
IOP,0.00020585,"2017-08-09 22:15:06"
IOP,0.00020749,"2017-08-09 22:20:02"
IOP,0.00020201,"2017-08-09 22:25:31"
IOP,0.00020201,"2017-08-09 22:30:02"
IOP,0.00020201,"2017-08-09 22:35:02"
IOP,0.00020201,"2017-08-09 22:40:03"
IOP,0.00020375,"2017-08-09 22:45:02"
IOP,0.00020374,"2017-08-09 22:50:02"
IOP,0.00020708,"2017-08-09 22:55:02"
IOP,0.00020708,"2017-08-09 23:00:02"
IOP,0.00020708,"2017-08-09 23:05:02"
IOP,0.00020708,"2017-08-09 23:10:01"
IOP,0.00020708,"2017-08-09 23:15:08"
IOP,0.00020715,"2017-08-09 23:20:02"
IOP,0.00021814,"2017-08-09 23:25:01"
IOP,0.00021794,"2017-08-09 23:30:02"
IOP,0.00021794,"2017-08-09 23:35:01"
IOP,0.00021794,"2017-08-09 23:40:01"
IOP,0.00022,"2017-08-09 23:45:01"
IOP,0.00021794,"2017-08-09 23:50:01"
IOP,0.00021814,"2017-08-09 23:55:02"
IOP,0.00021814,"2017-08-10 00:00:03"
IOP,0.0002216,"2017-08-10 00:05:01"
IOP,0.0002216,"2017-08-10 00:10:01"
IOP,0.00022167,"2017-08-10 00:15:02"
IOP,0.00022596,"2017-08-10 00:20:02"
IOP,0.00022696,"2017-08-10 00:25:02"
IOP,0.00022696,"2017-08-10 00:30:02"
IOP,0.00023083,"2017-08-10 00:35:01"
IOP,0.000236,"2017-08-10 00:40:02"
IOP,0.0002439,"2017-08-10 00:45:01"
IOP,0.00024782,"2017-08-10 00:50:01"
IOP,0.0002479,"2017-08-10 00:55:02"
IOP,0.00024978,"2017-08-10 01:00:03"
IOP,0.000248,"2017-08-10 01:05:02"
IOP,0.00023899,"2017-08-10 01:10:02"
IOP,0.00023899,"2017-08-10 01:15:02"
IOP,0.00023899,"2017-08-10 01:20:01"
IOP,0.00023775,"2017-08-10 01:25:02"
IOP,0.00024724,"2017-08-10 01:30:01"
IOP,0.00024769,"2017-08-10 01:35:04"
IOP,0.00024769,"2017-08-10 01:40:01"
IOP,0.00024978,"2017-08-10 01:45:01"
IOP,0.00023026,"2017-08-10 01:50:01"
IOP,0.00023175,"2017-08-10 01:55:01"
IOP,0.00024976,"2017-08-10 02:00:07"
IOP,0.00024561,"2017-08-10 02:05:01"
IOP,0.0002373,"2017-08-10 02:10:02"
IOP,0.00023826,"2017-08-10 02:15:01"
IOP,0.00023826,"2017-08-10 02:20:06"
IOP,0.00023826,"2017-08-10 02:25:01"
IOP,0.00023826,"2017-08-10 02:30:05"
IOP,0.00023993,"2017-08-10 02:35:02"
IOP,0.00022164,"2017-08-10 02:40:01"
IOP,0.00022164,"2017-08-10 02:45:02"
IOP,0.00022546,"2017-08-10 02:50:02"
IOP,0.00024202,"2017-08-10 02:55:01"
IOP,0.00024083,"2017-08-10 03:00:01"
IOP,0.0002403,"2017-08-10 03:05:01"
IOP,0.00023964,"2017-08-10 03:10:04"
IOP,0.00023863,"2017-08-10 03:15:01"
IOP,0.00025,"2017-08-10 03:20:02"
IOP,0.00024968,"2017-08-10 03:25:02"
IOP,0.000251,"2017-08-10 03:30:02"
IOP,0.0002687,"2017-08-10 03:35:01"
IOP,0.00028505,"2017-08-10 03:40:01"
IOP,0.0002998,"2017-08-10 03:45:02"
IOP,0.00036007,"2017-08-10 03:50:01"
IOP,0.00036359,"2017-08-10 03:55:01"
IOP,0.00037195,"2017-08-10 04:00:02"
IOP,0.00035433,"2017-08-10 04:05:01"
IOP,0.00036348,"2017-08-10 04:10:01"
IOP,0.00033163,"2017-08-10 04:15:01"
IOP,0.00031906,"2017-08-10 04:20:02"
IOP,0.00033199,"2017-08-10 04:25:01"
IOP,0.00036281,"2017-08-10 04:30:02"
IOP,0.00034068,"2017-08-10 04:35:02"
IOP,0.00032737,"2017-08-10 04:40:02"
IOP,0.00033049,"2017-08-10 04:45:02"
IOP,0.00032767,"2017-08-10 04:50:01"
IOP,0.00033997,"2017-08-10 04:55:01"
IOP,0.00033995,"2017-08-10 05:00:02"
IOP,0.00032033,"2017-08-10 05:05:02"
IOP,0.00032044,"2017-08-10 05:10:01"
IOP,0.00032944,"2017-08-10 05:15:02"
IOP,0.00031,"2017-08-10 05:20:01"
IOP,0.0002972,"2017-08-10 05:25:01"
IOP,0.00031,"2017-08-10 05:30:02"
IOP,0.00031438,"2017-08-10 05:35:01"
IOP,0.00032061,"2017-08-10 05:40:01"
IOP,0.00033993,"2017-08-10 05:45:02"
IOP,0.0003298,"2017-08-10 05:50:01"
IOP,0.0003188,"2017-08-10 05:55:02"
IOP,0.00030157,"2017-08-10 06:00:01"
IOP,0.00030222,"2017-08-10 06:05:04"
IOP,0.00029189,"2017-08-10 06:10:01"
IOP,0.00029999,"2017-08-10 06:15:01"
IOP,0.00030371,"2017-08-10 06:20:01"
IOP,0.000294,"2017-08-10 06:25:01"
IOP,0.00029338,"2017-08-10 06:30:01"
IOP,0.00030384,"2017-08-10 06:35:01"
IOP,0.000301,"2017-08-10 06:40:02"
IOP,0.00029777,"2017-08-10 06:45:01"
IOP,0.00030994,"2017-08-10 06:50:01"
IOP,0.00032685,"2017-08-10 06:55:02"
IOP,0.0003533,"2017-08-10 07:00:01"
IOP,0.00033989,"2017-08-10 07:05:01"
IOP,0.00033814,"2017-08-10 07:10:02"
IOP,0.00031819,"2017-08-10 07:15:01"
IOP,0.00033184,"2017-08-10 07:20:02"
IOP,0.00034181,"2017-08-10 07:25:02"
IOP,0.00032603,"2017-08-10 07:30:01"
IOP,0.00033673,"2017-08-10 07:35:01"
IOP,0.0003261,"2017-08-10 07:40:02"
IOP,0.00033835,"2017-08-10 07:45:02"
IOP,0.00033999,"2017-08-10 07:50:02"
IOP,0.00033995,"2017-08-10 07:55:02"
IOP,0.0003396,"2017-08-10 08:00:01"
IOP,0.00035778,"2017-08-10 08:05:01"
IOP,0.00035086,"2017-08-10 08:10:01"
IOP,0.00035093,"2017-08-10 08:15:03"
IOP,0.00032788,"2017-08-10 08:20:01"
IOP,0.00033035,"2017-08-10 08:25:02"
IOP,0.00033235,"2017-08-10 08:30:02"
IOP,0.000348,"2017-08-10 08:35:02"
IOP,0.00034595,"2017-08-10 08:40:01"
IOP,0.00034029,"2017-08-10 08:45:01"
IOP,0.0003304,"2017-08-10 08:50:07"
IOP,0.00033036,"2017-08-10 08:55:02"
IOP,0.00032689,"2017-08-10 09:00:02"
IOP,0.00031517,"2017-08-10 09:05:01"
IOP,0.0003062,"2017-08-10 09:10:01"
IOP,0.00030826,"2017-08-10 09:15:02"
IOP,0.00029902,"2017-08-10 09:20:02"
IOP,0.0003022,"2017-08-10 09:25:02"
IOP,0.00029509,"2017-08-10 09:30:02"
IOP,0.00030249,"2017-08-10 09:35:02"
IOP,0.00031993,"2017-08-10 09:40:02"
IOP,0.00031493,"2017-08-10 09:45:01"
IOP,0.00031003,"2017-08-10 09:50:02"
IOP,0.00030949,"2017-08-10 09:55:01"
IOP,0.00030028,"2017-08-10 10:00:01"
IOP,0.0002903,"2017-08-10 10:05:01"
IOP,0.0002903,"2017-08-10 10:10:01"
IOP,0.00028222,"2017-08-10 10:15:01"
IOP,0.00028,"2017-08-10 10:20:01"
IOP,0.00030001,"2017-08-10 10:25:01"
IOP,0.00031012,"2017-08-10 10:30:02"
IOP,0.0003206,"2017-08-10 10:35:02"
IOP,0.00032015,"2017-08-10 10:40:02"
IOP,0.00032026,"2017-08-10 10:45:02"
IOP,0.00032026,"2017-08-10 10:50:01"
IOP,0.000321,"2017-08-10 10:55:01"
IOP,0.00030624,"2017-08-10 11:00:02"
IOP,0.00031865,"2017-08-10 11:05:02"
IOP,0.00032026,"2017-08-10 11:10:01"
IOP,0.00031015,"2017-08-10 11:15:01"
IOP,0.00030422,"2017-08-10 11:20:01"
IOP,0.0003,"2017-08-10 11:25:02"
IOP,0.0003,"2017-08-10 11:30:03"
IOP,0.000295,"2017-08-10 11:35:01"
IOP,0.00029,"2017-08-10 11:40:01"
IOP,0.00029254,"2017-08-10 11:45:01"
IOP,0.00028451,"2017-08-10 11:50:01"
IOP,0.00028451,"2017-08-10 11:55:02"
IOP,0.00027903,"2017-08-10 12:00:02"
IOP,0.00028453,"2017-08-10 12:05:02"
IOP,0.000291,"2017-08-10 12:10:01"
IOP,0.0002922,"2017-08-10 12:15:02"
IOP,0.00029222,"2017-08-10 12:20:02"
IOP,0.0003009,"2017-08-10 12:25:05"
IOP,0.00030285,"2017-08-10 12:30:02"
IOP,0.0003009,"2017-08-10 12:35:02"
IOP,0.00030744,"2017-08-10 12:40:01"
IOP,0.00030285,"2017-08-10 12:45:01"
IOP,0.00030004,"2017-08-10 12:50:03"
IOP,0.00030012,"2017-08-10 12:55:02"
IOP,0.0002917,"2017-08-10 13:00:01"
IOP,0.00029699,"2017-08-10 13:05:02"
IOP,0.00029696,"2017-08-10 13:10:01"
IOP,0.000292,"2017-08-10 13:15:01"
IOP,0.00029,"2017-08-10 13:20:02"
IOP,0.00027695,"2017-08-10 13:25:03"
IOP,0.00027673,"2017-08-10 13:30:01"
IOP,0.00028001,"2017-08-10 13:35:02"
IOP,0.00029186,"2017-08-10 13:40:02"
IOP,0.00028285,"2017-08-10 13:45:01"
IOP,0.00028009,"2017-08-10 13:50:02"
IOP,0.00028029,"2017-08-10 13:55:02"
IOP,0.00028831,"2017-08-10 14:00:13"
IOP,0.0002828,"2017-08-10 14:05:01"
IOP,0.00028684,"2017-08-10 14:10:01"
IOP,0.0002828,"2017-08-10 14:15:02"
IOP,0.0002828,"2017-08-10 14:20:05"
IOP,0.00026643,"2017-08-10 14:25:05"
IOP,0.00026648,"2017-08-10 14:30:02"
IOP,0.0002665,"2017-08-10 14:35:02"
IOP,0.00026178,"2017-08-10 14:40:01"
IOP,0.00026178,"2017-08-10 14:45:03"
IOP,0.00026628,"2017-08-10 14:50:02"
IOP,0.00026077,"2017-08-10 14:55:05"
IOP,0.00026097,"2017-08-10 15:00:02"
IOP,0.00026001,"2017-08-10 15:05:02"
IOP,0.00026001,"2017-08-10 15:10:03"
IOP,0.00026362,"2017-08-10 15:15:02"
IOP,0.00026362,"2017-08-10 15:20:01"
IOP,0.00026362,"2017-08-10 15:25:05"
IOP,0.00026828,"2017-08-10 15:30:01"
IOP,0.00027,"2017-08-10 15:35:02"
IOP,0.00027,"2017-08-10 15:40:02"
IOP,0.00027424,"2017-08-10 15:45:02"
IOP,0.00028361,"2017-08-10 15:50:09"
IOP,0.00028338,"2017-08-10 15:55:02"
IOP,0.00028338,"2017-08-10 16:00:31"
IOP,0.00028612,"2017-08-10 16:05:01"
IOP,0.00028874,"2017-08-10 16:10:01"
IOP,0.00029679,"2017-08-10 16:15:02"
IOP,0.00029377,"2017-08-10 16:20:02"
IOP,0.00029,"2017-08-10 16:25:02"
IOP,0.00029888,"2017-08-10 16:30:02"
IOP,0.00029872,"2017-08-10 16:35:08"
IOP,0.0002889,"2017-08-10 16:40:01"
IOP,0.0003,"2017-08-10 16:45:05"
IOP,0.00030803,"2017-08-10 16:50:07"
IOP,0.00031101,"2017-08-10 16:55:02"
IOP,0.00030652,"2017-08-10 17:00:02"
IOP,0.000307,"2017-08-10 17:05:02"
IOP,0.0003,"2017-08-10 17:10:02"
IOP,0.00028941,"2017-08-10 17:15:02"
IOP,0.00028765,"2017-08-10 17:20:01"
IOP,0.00028415,"2017-08-10 17:25:02"
IOP,0.00028598,"2017-08-10 17:30:02"
IOP,0.0002857,"2017-08-10 17:35:02"
IOP,0.00028415,"2017-08-10 17:40:01"
IOP,0.00028513,"2017-08-10 17:45:01"
IOP,0.00026454,"2017-08-10 17:50:02"
IOP,0.00025087,"2017-08-10 17:55:01"
IOP,0.00024264,"2017-08-10 18:00:01"
IOP,0.00024695,"2017-08-10 18:05:01"
IOP,0.00023505,"2017-08-10 18:10:03"
IOP,0.00023624,"2017-08-10 18:15:02"
IOP,0.0002361,"2017-08-10 18:20:02"
IOP,0.00023088,"2017-08-10 18:25:03"
IOP,0.00023549,"2017-08-10 18:30:02"
IOP,0.0002305,"2017-08-10 18:35:02"
IOP,0.00022352,"2017-08-10 18:40:02"
IOP,0.00024269,"2017-08-10 18:45:01"
IOP,0.00024162,"2017-08-10 18:50:06"
IOP,0.00024,"2017-08-10 18:55:02"
IOP,0.00023086,"2017-08-10 19:00:02"
IOP,0.00022793,"2017-08-10 19:05:01"
IOP,0.00022751,"2017-08-10 19:10:01"
IOP,0.00021504,"2017-08-10 19:15:02"
IOP,0.00022183,"2017-08-10 19:20:08"
IOP,0.00021504,"2017-08-10 19:25:02"
IOP,0.00021514,"2017-08-10 19:30:02"
IOP,0.00021517,"2017-08-10 19:35:02"
IOP,0.00022613,"2017-08-10 19:40:02"
IOP,0.00023008,"2017-08-10 19:45:01"
IOP,0.00023734,"2017-08-10 19:50:01"
IOP,0.00025588,"2017-08-10 19:55:01"
IOP,0.00023798,"2017-08-10 20:00:02"
IOP,0.00024392,"2017-08-10 20:05:02"
IOP,0.000232,"2017-08-10 20:10:02"
IOP,0.000232,"2017-08-10 20:15:04"
IOP,0.0002351,"2017-08-10 20:21:00"
IOP,0.00023027,"2017-08-10 21:06:00"
IOP,0.00023027,"2017-08-10 21:10:00"
IOP,0.00023027,"2017-08-10 21:15:00"
IOP,0.00023027,"2017-08-10 21:20:00"
IOP,0.00023027,"2017-08-10 21:25:00"
IOP,0.0002303,"2017-08-10 21:30:00"
IOP,0.00023028,"2017-08-10 21:35:00"
IOP,0.00023028,"2017-08-10 21:40:00"
IOP,0.00023028,"2017-08-10 21:45:00"
IOP,0.00023028,"2017-08-10 21:50:00"
IOP,0.00023028,"2017-08-10 21:55:00"
IOP,0.00023028,"2017-08-10 22:00:00"
IOP,0.00023333,"2017-08-10 22:05:00"
IOP,0.00023058,"2017-08-10 22:10:00"
IOP,0.00023333,"2017-08-10 22:15:00"
IOP,0.00023333,"2017-08-10 22:20:00"
IOP,0.00023521,"2017-08-10 22:25:00"
IOP,0.00023506,"2017-08-10 22:30:00"
IOP,0.00023506,"2017-08-10 22:35:00"
IOP,0.0002306,"2017-08-10 22:40:00"
IOP,0.00021803,"2017-08-10 22:45:00"
IOP,0.00021802,"2017-08-10 22:50:00"
IOP,0.00021803,"2017-08-10 22:55:00"
IOP,0.00021802,"2017-08-10 23:00:00"
IOP,0.00021804,"2017-08-10 23:05:00"
IOP,0.00021805,"2017-08-10 23:10:00"
IOP,0.00021811,"2017-08-10 23:15:00"
IOP,0.00021811,"2017-08-10 23:20:00"
IOP,0.00021811,"2017-08-10 23:25:00"
IOP,0.00021817,"2017-08-10 23:30:00"
IOP,0.00021817,"2017-08-10 23:35:00"
IOP,0.00021817,"2017-08-10 23:40:00"
IOP,0.00021847,"2017-08-10 23:45:00"
IOP,0.00021847,"2017-08-10 23:50:00"
IOP,0.000218,"2017-08-10 23:55:00"
IOP,0.000218,"2017-08-11 00:00:00"
IOP,0.0002191,"2017-08-11 00:05:00"
IOP,0.00021909,"2017-08-11 00:10:00"
IOP,0.00021909,"2017-08-11 00:15:00"
IOP,0.00021909,"2017-08-11 00:20:00"
IOP,0.00021909,"2017-08-11 00:25:00"
IOP,0.00021909,"2017-08-11 00:30:00"
IOP,0.00021701,"2017-08-11 00:35:00"
IOP,0.00021701,"2017-08-11 00:40:00"
IOP,0.00021703,"2017-08-11 00:45:00"
IOP,0.00021703,"2017-08-11 00:50:00"
IOP,0.00021701,"2017-08-11 00:55:00"
IOP,0.00021701,"2017-08-11 01:00:00"
IOP,0.00022183,"2017-08-11 01:05:00"
IOP,0.00022183,"2017-08-11 01:10:00"
IOP,0.00021702,"2017-08-11 01:15:00"
IOP,0.00021702,"2017-08-11 01:20:00"
IOP,0.00022256,"2017-08-11 01:25:00"
IOP,0.00022256,"2017-08-11 01:30:00"
IOP,0.00021701,"2017-08-11 01:35:00"
IOP,0.0002217,"2017-08-11 01:40:00"
IOP,0.00022236,"2017-08-11 01:45:00"
IOP,0.0002217,"2017-08-11 01:50:00"
IOP,0.0002217,"2017-08-11 01:55:00"
IOP,0.0002176,"2017-08-11 02:00:00"
IOP,0.0002176,"2017-08-11 02:05:00"
IOP,0.0002176,"2017-08-11 02:10:00"
IOP,0.00021779,"2017-08-11 02:15:00"
IOP,0.00021779,"2017-08-11 02:20:00"
IOP,0.00022277,"2017-08-11 02:25:00"
IOP,0.00021702,"2017-08-11 02:30:00"
IOP,0.00022228,"2017-08-11 02:35:00"
IOP,0.00022228,"2017-08-11 02:40:00"
IOP,0.00022228,"2017-08-11 02:45:00"
IOP,0.000212,"2017-08-11 02:50:00"
IOP,0.000212,"2017-08-11 02:55:00"
IOP,0.000212,"2017-08-11 03:00:00"
IOP,0.000212,"2017-08-11 03:05:00"
IOP,0.000212,"2017-08-11 03:10:00"
IOP,0.000201,"2017-08-11 03:15:00"
IOP,0.00020215,"2017-08-11 03:20:00"
IOP,0.00020315,"2017-08-11 03:25:00"
IOP,0.00020315,"2017-08-11 03:30:00"
IOP,0.00020317,"2017-08-11 03:35:00"
IOP,0.00020317,"2017-08-11 03:40:00"
IOP,0.0002011,"2017-08-11 03:45:00"
IOP,0.00020182,"2017-08-11 03:50:00"
IOP,0.00020105,"2017-08-11 03:55:00"
IOP,0.00020908,"2017-08-11 04:00:00"
IOP,0.00020053,"2017-08-11 04:05:00"
IOP,0.00020415,"2017-08-11 04:10:00"
IOP,0.0001855,"2017-08-11 04:15:00"
IOP,0.00019636,"2017-08-11 04:20:00"
IOP,0.0002,"2017-08-11 04:25:00"
IOP,0.0002,"2017-08-11 04:30:00"
IOP,0.0001997,"2017-08-11 04:35:00"
IOP,0.00019401,"2017-08-11 04:40:00"
IOP,0.00018411,"2017-08-11 04:45:00"
IOP,0.00019031,"2017-08-11 04:50:00"
IOP,0.00019052,"2017-08-11 04:55:00"
IOP,0.00019053,"2017-08-11 05:00:00"
IOP,0.00019053,"2017-08-11 05:05:00"
IOP,0.00019055,"2017-08-11 05:10:00"
IOP,0.0002028,"2017-08-11 05:15:00"
IOP,0.00020427,"2017-08-11 05:20:00"
IOP,0.0002,"2017-08-11 05:25:00"
IOP,0.00019871,"2017-08-11 05:30:00"
IOP,0.00020428,"2017-08-11 05:35:00"
IOP,0.000208,"2017-08-11 05:40:00"
IOP,0.00021114,"2017-08-11 05:45:00"
IOP,0.000212,"2017-08-11 05:50:00"
IOP,0.00021306,"2017-08-11 05:55:00"
IOP,0.000215,"2017-08-11 06:00:00"
IOP,0.00021309,"2017-08-11 06:05:00"
IOP,0.00021309,"2017-08-11 06:10:00"
IOP,0.00021415,"2017-08-11 06:15:00"
IOP,0.00021415,"2017-08-11 06:20:00"
IOP,0.000212,"2017-08-11 06:25:00"
IOP,0.00020989,"2017-08-11 06:30:00"
IOP,0.00020989,"2017-08-11 06:35:00"
IOP,0.00020974,"2017-08-11 06:40:00"
IOP,0.00020505,"2017-08-11 06:45:00"
IOP,0.00020505,"2017-08-11 06:50:00"
IOP,0.00020968,"2017-08-11 06:55:00"
IOP,0.00021,"2017-08-11 07:00:00"
IOP,0.00020968,"2017-08-11 07:05:00"
IOP,0.00020968,"2017-08-11 07:10:00"
IOP,0.00020795,"2017-08-11 07:15:00"
IOP,0.0002046,"2017-08-11 07:20:00"
IOP,0.00020474,"2017-08-11 07:25:00"
IOP,0.00020463,"2017-08-11 07:30:00"
IOP,0.00020465,"2017-08-11 07:35:00"
IOP,0.00020465,"2017-08-11 07:40:00"
IOP,0.000205,"2017-08-11 07:45:00"
IOP,0.000205,"2017-08-11 07:50:00"
IOP,0.00020564,"2017-08-11 07:55:00"
IOP,0.00020805,"2017-08-11 08:00:00"
IOP,0.0002046,"2017-08-11 08:05:00"
IOP,0.0002046,"2017-08-11 08:10:00"
IOP,0.0002082,"2017-08-11 08:15:00"
IOP,0.0002047,"2017-08-11 08:20:00"
IOP,0.000206,"2017-08-11 08:25:00"
IOP,0.00020701,"2017-08-11 08:30:00"
IOP,0.00020599,"2017-08-11 08:35:00"
IOP,0.00020599,"2017-08-11 08:40:00"
IOP,0.00020599,"2017-08-11 08:45:00"
IOP,0.00020599,"2017-08-11 08:50:00"
IOP,0.00020599,"2017-08-11 08:55:00"
IOP,0.00020599,"2017-08-11 09:00:00"
IOP,0.00020599,"2017-08-11 09:05:00"
IOP,0.00020599,"2017-08-11 09:10:00"
IOP,0.00020869,"2017-08-11 09:15:00"
IOP,0.00021699,"2017-08-11 09:20:00"
IOP,0.00022344,"2017-08-11 09:25:00"
IOP,0.00022849,"2017-08-11 09:30:00"
IOP,0.0002143,"2017-08-11 09:35:00"
IOP,0.0002143,"2017-08-11 09:40:00"
IOP,0.000201,"2017-08-11 09:45:00"
IOP,0.000201,"2017-08-11 09:50:00"
IOP,0.0002041,"2017-08-11 09:55:00"
IOP,0.000208,"2017-08-11 10:00:00"
IOP,0.00020418,"2017-08-11 10:05:00"
IOP,0.00020418,"2017-08-11 10:10:00"
IOP,0.00020501,"2017-08-11 10:15:00"
IOP,0.00020501,"2017-08-11 10:20:00"
IOP,0.00020501,"2017-08-11 10:25:00"
IOP,0.00020503,"2017-08-11 10:30:00"
IOP,0.0002,"2017-08-11 10:35:00"
IOP,0.00019903,"2017-08-11 10:40:00"
IOP,0.00019714,"2017-08-11 10:45:00"
IOP,0.00019714,"2017-08-11 10:50:00"
IOP,0.000184,"2017-08-11 10:55:00"
IOP,0.00019193,"2017-08-11 11:00:00"
IOP,0.00018418,"2017-08-11 11:05:00"
IOP,0.00018599,"2017-08-11 11:10:00"
IOP,0.00018001,"2017-08-11 11:15:00"
IOP,0.00018001,"2017-08-11 11:20:00"
IOP,0.00017011,"2017-08-11 11:25:00"
IOP,0.00017011,"2017-08-11 11:30:00"
IOP,0.00018044,"2017-08-11 11:35:00"
IOP,0.00018044,"2017-08-11 11:40:00"
IOP,0.00018044,"2017-08-11 11:45:00"
IOP,0.00018687,"2017-08-11 11:50:00"
IOP,0.000187,"2017-08-11 11:55:00"
IOP,0.00019055,"2017-08-11 12:00:00"
IOP,0.00019101,"2017-08-11 12:05:00"
IOP,0.00018996,"2017-08-11 12:10:00"
IOP,0.00018996,"2017-08-11 12:15:00"
IOP,0.00018716,"2017-08-11 12:20:00"
IOP,0.00018716,"2017-08-11 12:25:00"
IOP,0.000183,"2017-08-11 12:30:00"
IOP,0.00018351,"2017-08-11 12:35:00"
IOP,0.00018349,"2017-08-11 12:40:00"
IOP,0.000183,"2017-08-11 12:45:00"
IOP,0.000183,"2017-08-11 12:50:00"
IOP,0.00018298,"2017-08-11 12:55:00"
IOP,0.000181,"2017-08-11 13:00:00"
IOP,0.00018004,"2017-08-11 13:05:00"
IOP,0.00018004,"2017-08-11 13:10:00"
IOP,0.00018004,"2017-08-11 13:15:00"
IOP,0.00018859,"2017-08-11 13:20:00"
IOP,0.00019001,"2017-08-11 13:25:00"
IOP,0.00019225,"2017-08-11 13:30:00"
IOP,0.000195,"2017-08-11 13:35:00"
IOP,0.00018856,"2017-08-11 13:40:00"
IOP,0.00019666,"2017-08-11 13:45:00"
IOP,0.00019666,"2017-08-11 13:50:00"
IOP,0.00019666,"2017-08-11 13:55:00"
IOP,0.00019666,"2017-08-11 14:00:00"
IOP,0.00018911,"2017-08-11 14:05:00"
IOP,0.00019007,"2017-08-11 14:10:00"
IOP,0.00019007,"2017-08-11 14:15:00"
IOP,0.00019337,"2017-08-11 14:20:00"
IOP,0.000195,"2017-08-11 14:25:00"
IOP,0.000195,"2017-08-11 14:30:00"
IOP,0.000195,"2017-08-11 14:35:00"
IOP,0.000195,"2017-08-11 14:40:00"
IOP,0.00017989,"2017-08-11 14:45:00"
IOP,0.00017928,"2017-08-11 14:50:00"
IOP,0.00017904,"2017-08-11 14:55:00"
IOP,0.00017894,"2017-08-11 15:00:00"
IOP,0.00017894,"2017-08-11 15:05:00"
IOP,0.00017877,"2017-08-11 15:10:00"
IOP,0.00017739,"2017-08-11 15:15:00"
IOP,0.00017739,"2017-08-11 15:20:00"
IOP,0.00017739,"2017-08-11 15:25:00"
IOP,0.00017755,"2017-08-11 15:30:00"
IOP,0.00017756,"2017-08-11 15:35:00"
IOP,0.00017998,"2017-08-11 15:40:00"
IOP,0.00017998,"2017-08-11 15:45:00"
IOP,0.00018,"2017-08-11 15:50:00"
IOP,0.00018,"2017-08-11 15:55:00"
IOP,0.0001872,"2017-08-11 16:00:00"
IOP,0.0001872,"2017-08-11 16:05:00"
IOP,0.00018,"2017-08-11 16:10:00"
IOP,0.00018001,"2017-08-11 16:15:00"
IOP,0.00018135,"2017-08-11 16:20:00"
IOP,0.00019146,"2017-08-11 16:25:00"
IOP,0.00019173,"2017-08-11 16:30:00"
IOP,0.00018656,"2017-08-11 16:35:00"
IOP,0.00019084,"2017-08-11 16:40:00"
IOP,0.00018419,"2017-08-11 16:45:00"
IOP,0.00018419,"2017-08-11 16:50:00"
IOP,0.00018504,"2017-08-11 16:55:00"
IOP,0.00018569,"2017-08-11 17:00:00"
IOP,0.00019013,"2017-08-11 17:05:00"
IOP,0.00018508,"2017-08-11 17:10:00"
IOP,0.00018514,"2017-08-11 17:15:00"
IOP,0.00018266,"2017-08-11 17:20:00"
IOP,0.00018121,"2017-08-11 17:25:00"
IOP,0.00018121,"2017-08-11 17:30:00"
IOP,0.00018121,"2017-08-11 17:35:00"
IOP,0.0001817,"2017-08-11 17:40:00"
IOP,0.00018183,"2017-08-11 17:45:00"
IOP,0.00018733,"2017-08-11 17:50:00"
IOP,0.00018733,"2017-08-11 17:55:00"
IOP,0.0001883,"2017-08-11 18:00:00"
IOP,0.00018194,"2017-08-11 18:05:00"
IOP,0.00017193,"2017-08-11 18:10:00"
IOP,0.00017193,"2017-08-11 18:15:00"
IOP,0.00017203,"2017-08-11 18:20:00"
IOP,0.00018202,"2017-08-11 18:25:00"
IOP,0.00018197,"2017-08-11 18:30:00"
IOP,0.00018198,"2017-08-11 18:35:00"
IOP,0.00018198,"2017-08-11 18:40:00"
IOP,0.00018198,"2017-08-11 18:45:00"
IOP,0.00018002,"2017-08-11 18:50:00"
IOP,0.00017702,"2017-08-11 18:55:00"
IOP,0.00017531,"2017-08-11 19:00:00"
IOP,0.0001818,"2017-08-11 19:05:00"
IOP,0.00018178,"2017-08-11 19:10:00"
IOP,0.00018,"2017-08-11 19:15:00"
IOP,0.00018,"2017-08-11 19:20:00"
IOP,0.00018,"2017-08-11 19:25:00"
IOP,0.00018005,"2017-08-11 19:30:00"
IOP,0.00018005,"2017-08-11 19:35:00"
IOP,0.00018408,"2017-08-11 19:40:00"
IOP,0.00018391,"2017-08-11 19:45:00"
IOP,0.00018391,"2017-08-11 19:50:00"
IOP,0.00018389,"2017-08-11 19:55:00"
IOP,0.00018321,"2017-08-11 20:00:00"
IOP,0.000183,"2017-08-11 20:05:00"
IOP,0.000183,"2017-08-11 20:10:00"
IOP,0.000184,"2017-08-11 20:15:00"
IOP,0.00018398,"2017-08-11 20:20:00"
IOP,0.00018399,"2017-08-11 20:25:00"
IOP,0.000183,"2017-08-11 20:30:00"
IOP,0.000183,"2017-08-11 20:35:00"
IOP,0.000183,"2017-08-11 20:40:00"
IOP,0.000183,"2017-08-11 20:45:00"
IOP,0.000183,"2017-08-11 20:50:00"
IOP,0.000183,"2017-08-11 20:55:00"
IOP,0.000183,"2017-08-11 21:00:00"
IOP,0.000183,"2017-08-11 21:05:00"
IOP,0.00018398,"2017-08-11 21:10:00"
IOP,0.00018398,"2017-08-11 21:15:00"
IOP,0.00018101,"2017-08-11 21:20:00"
IOP,0.000181,"2017-08-11 21:25:00"
IOP,0.000181,"2017-08-11 21:30:00"
IOP,0.00018,"2017-08-11 21:35:00"
IOP,0.00018,"2017-08-11 21:40:00"
IOP,0.00018,"2017-08-11 21:45:00"
IOP,0.00018,"2017-08-11 21:50:00"
IOP,0.0001785,"2017-08-11 21:55:00"
IOP,0.0001785,"2017-08-11 22:00:00"
IOP,0.0001785,"2017-08-11 22:05:00"
IOP,0.0001785,"2017-08-11 22:10:00"
IOP,0.00018098,"2017-08-11 22:15:00"
IOP,0.00018098,"2017-08-11 22:20:00"
IOP,0.00018098,"2017-08-11 22:25:00"
IOP,0.00018098,"2017-08-11 22:30:00"
IOP,0.00018098,"2017-08-11 22:35:00"
IOP,0.00018098,"2017-08-11 22:40:00"
IOP,0.00018098,"2017-08-11 22:45:00"
IOP,0.0001785,"2017-08-11 22:50:00"
IOP,0.00017513,"2017-08-11 22:55:00"
IOP,0.00017513,"2017-08-11 23:00:00"
IOP,0.00017849,"2017-08-11 23:05:00"
IOP,0.00017849,"2017-08-11 23:10:00"
IOP,0.00017546,"2017-08-11 23:15:00"
IOP,0.00017848,"2017-08-11 23:20:00"
IOP,0.00017848,"2017-08-11 23:25:00"
IOP,0.00017848,"2017-08-11 23:30:00"
IOP,0.00017848,"2017-08-11 23:35:00"
IOP,0.00017848,"2017-08-11 23:40:00"
IOP,0.00017847,"2017-08-11 23:45:00"
IOP,0.00017847,"2017-08-11 23:50:00"
IOP,0.00017847,"2017-08-11 23:55:00"
IOP,0.00017847,"2017-08-12 00:00:00"
IOP,0.00017847,"2017-08-12 00:05:00"
IOP,0.00017847,"2017-08-12 00:10:00"
IOP,0.00017847,"2017-08-12 00:15:00"
IOP,0.00017847,"2017-08-12 00:20:00"
IOP,0.00017847,"2017-08-12 00:25:00"
IOP,0.00017847,"2017-08-12 00:30:00"
IOP,0.00017848,"2017-08-12 00:35:00"
IOP,0.00017848,"2017-08-12 00:40:00"
IOP,0.00017848,"2017-08-12 00:45:00"
IOP,0.00017848,"2017-08-12 00:50:00"
IOP,0.00017848,"2017-08-12 00:55:00"
IOP,0.00017848,"2017-08-12 01:00:00"
IOP,0.00018099,"2017-08-12 01:05:00"
IOP,0.00018099,"2017-08-12 01:10:00"
IOP,0.00018099,"2017-08-12 01:15:00"
IOP,0.00018099,"2017-08-12 01:20:00"
IOP,0.00018099,"2017-08-12 01:25:00"
IOP,0.00018086,"2017-08-12 01:30:00"
IOP,0.00018086,"2017-08-12 01:35:00"
IOP,0.00018086,"2017-08-12 01:40:00"
IOP,0.000175,"2017-08-12 01:45:00"
IOP,0.000175,"2017-08-12 01:50:00"
IOP,0.00017527,"2017-08-12 01:55:00"
IOP,0.00017527,"2017-08-12 02:00:00"
IOP,0.00017527,"2017-08-12 02:05:00"
IOP,0.00017873,"2017-08-12 02:10:00"
IOP,0.00017873,"2017-08-12 02:15:00"
IOP,0.00018099,"2017-08-12 02:20:00"
IOP,0.00018099,"2017-08-12 02:25:00"
IOP,0.00018099,"2017-08-12 02:30:00"
IOP,0.000181,"2017-08-12 02:35:00"
IOP,0.00018099,"2017-08-12 02:40:00"
IOP,0.00018099,"2017-08-12 02:45:00"
IOP,0.00018099,"2017-08-12 02:50:00"
IOP,0.00017875,"2017-08-12 02:55:00"
IOP,0.000181,"2017-08-12 03:00:00"
IOP,0.000181,"2017-08-12 03:05:00"
IOP,0.00017875,"2017-08-12 03:10:00"
IOP,0.00017873,"2017-08-12 03:15:00"
IOP,0.00017873,"2017-08-12 03:20:00"
IOP,0.00017873,"2017-08-12 03:25:00"
IOP,0.00017873,"2017-08-12 03:30:00"
IOP,0.00017873,"2017-08-12 03:35:00"
IOP,0.00018083,"2017-08-12 03:40:00"
IOP,0.000179,"2017-08-12 03:45:00"
IOP,0.00017976,"2017-08-12 03:50:00"
IOP,0.00017976,"2017-08-12 03:55:00"
IOP,0.00017873,"2017-08-12 04:00:00"
IOP,0.00017873,"2017-08-12 04:05:00"
IOP,0.00017873,"2017-08-12 04:10:00"
IOP,0.00017873,"2017-08-12 04:15:00"
IOP,0.00017873,"2017-08-12 04:20:00"
IOP,0.00017873,"2017-08-12 04:25:00"
IOP,0.00017873,"2017-08-12 04:30:00"
IOP,0.00017964,"2017-08-12 04:35:00"
IOP,0.00017964,"2017-08-12 04:40:00"
IOP,0.00017964,"2017-08-12 04:45:00"
IOP,0.000181,"2017-08-12 04:50:00"
IOP,0.0001815,"2017-08-12 04:55:00"
IOP,0.0001815,"2017-08-12 05:00:00"
IOP,0.0001815,"2017-08-12 05:05:00"
IOP,0.0001815,"2017-08-12 05:10:00"
IOP,0.0001815,"2017-08-12 05:15:00"
IOP,0.0001815,"2017-08-12 05:20:00"
IOP,0.000181,"2017-08-12 05:25:00"
IOP,0.000181,"2017-08-12 05:30:00"
IOP,0.0001765,"2017-08-12 05:35:00"
IOP,0.0001765,"2017-08-12 05:40:00"
IOP,0.00017651,"2017-08-12 05:45:00"
IOP,0.00017651,"2017-08-12 05:50:00"
IOP,0.00017651,"2017-08-12 05:55:00"
IOP,0.0001751,"2017-08-12 06:00:00"
IOP,0.0001751,"2017-08-12 06:05:00"
IOP,0.0001751,"2017-08-12 06:10:00"
IOP,0.0001751,"2017-08-12 06:15:00"
IOP,0.0001751,"2017-08-12 06:20:00"
IOP,0.0001751,"2017-08-12 06:25:00"
IOP,0.00017799,"2017-08-12 06:30:00"
IOP,0.0001751,"2017-08-12 06:35:00"
IOP,0.0001751,"2017-08-12 06:40:00"
IOP,0.0001751,"2017-08-12 06:45:00"
IOP,0.0001751,"2017-08-12 06:50:00"
IOP,0.00017457,"2017-08-12 06:55:00"
IOP,0.0001751,"2017-08-12 07:00:00"
IOP,0.0001751,"2017-08-12 07:05:00"
IOP,0.0001751,"2017-08-12 07:10:00"
IOP,0.00018095,"2017-08-12 07:15:00"
IOP,0.00018095,"2017-08-12 07:20:00"
IOP,0.00018095,"2017-08-12 07:25:00"
IOP,0.00018095,"2017-08-12 07:30:00"
IOP,0.00018095,"2017-08-12 07:35:00"
IOP,0.00018095,"2017-08-12 07:40:00"
IOP,0.00018095,"2017-08-12 07:45:00"
IOP,0.00018095,"2017-08-12 07:50:00"
IOP,0.00018095,"2017-08-12 07:55:00"
IOP,0.00018095,"2017-08-12 08:00:00"
IOP,0.00017521,"2017-08-12 08:05:00"
IOP,0.0001752,"2017-08-12 08:10:00"
IOP,0.0001751,"2017-08-12 08:15:00"
IOP,0.00018012,"2017-08-12 08:20:00"
IOP,0.00018012,"2017-08-12 08:25:00"
IOP,0.00018052,"2017-08-12 08:30:00"
IOP,0.00018052,"2017-08-12 08:35:00"
IOP,0.00018052,"2017-08-12 08:40:00"
IOP,0.00018052,"2017-08-12 08:45:00"
IOP,0.00018052,"2017-08-12 08:50:00"
IOP,0.0001801,"2017-08-12 08:55:00"
IOP,0.0001805,"2017-08-12 09:00:00"
IOP,0.00018,"2017-08-12 09:05:00"
IOP,0.00018574,"2017-08-12 09:10:00"
IOP,0.00018574,"2017-08-12 09:15:00"
IOP,0.00018574,"2017-08-12 09:20:00"
IOP,0.00018574,"2017-08-12 09:25:00"
IOP,0.00017086,"2017-08-12 09:30:00"
IOP,0.00017086,"2017-08-12 09:35:00"
IOP,0.00017086,"2017-08-12 09:40:00"
IOP,0.00017086,"2017-08-12 09:45:00"
IOP,0.00017086,"2017-08-12 09:50:00"
IOP,0.00017467,"2017-08-12 09:55:00"
IOP,0.00017467,"2017-08-12 10:00:00"
IOP,0.00017468,"2017-08-12 10:05:00"
IOP,0.00017915,"2017-08-12 10:10:00"
IOP,0.00017915,"2017-08-12 10:15:00"
IOP,0.00017469,"2017-08-12 10:20:00"
IOP,0.00017077,"2017-08-12 10:25:00"
IOP,0.00017077,"2017-08-12 10:30:00"
IOP,0.00017077,"2017-08-12 10:35:00"
IOP,0.00017228,"2017-08-12 10:40:00"
IOP,0.00017228,"2017-08-12 10:45:00"
IOP,0.00017167,"2017-08-12 10:50:00"
IOP,0.00017228,"2017-08-12 10:55:00"
IOP,0.00017228,"2017-08-12 11:00:00"
IOP,0.0001708,"2017-08-12 11:05:00"
IOP,0.00017079,"2017-08-12 11:10:00"
IOP,0.00017418,"2017-08-12 11:15:00"
IOP,0.00017418,"2017-08-12 11:20:00"
IOP,0.00017418,"2017-08-12 11:25:00"
IOP,0.00017418,"2017-08-12 11:30:00"
IOP,0.00017418,"2017-08-12 11:35:00"
IOP,0.00017418,"2017-08-12 11:40:00"
IOP,0.0001708,"2017-08-12 11:45:00"
IOP,0.00017331,"2017-08-12 11:50:00"
IOP,0.00017331,"2017-08-12 11:55:00"
IOP,0.0001655,"2017-08-12 12:00:00"
IOP,0.0001655,"2017-08-12 12:05:00"
IOP,0.0001655,"2017-08-12 12:10:00"
IOP,0.000171,"2017-08-12 12:15:00"
IOP,0.000171,"2017-08-12 12:20:00"
IOP,0.000171,"2017-08-12 12:25:00"
IOP,0.000171,"2017-08-12 12:30:00"
IOP,0.000171,"2017-08-12 12:35:00"
IOP,0.000171,"2017-08-12 12:40:00"
IOP,0.000171,"2017-08-12 12:45:00"
IOP,0.000171,"2017-08-12 12:50:00"
IOP,0.000171,"2017-08-12 12:55:00"
IOP,0.000171,"2017-08-12 13:00:00"
IOP,0.000171,"2017-08-12 13:05:00"
IOP,0.000171,"2017-08-12 13:10:00"
IOP,0.000171,"2017-08-12 13:15:00"
IOP,0.000171,"2017-08-12 13:20:00"
IOP,0.0001661,"2017-08-12 13:25:00"
IOP,0.0001661,"2017-08-12 13:30:00"
IOP,0.0001661,"2017-08-12 13:35:00"
IOP,0.0001661,"2017-08-12 13:40:00"
IOP,0.00016611,"2017-08-12 13:45:00"
IOP,0.00016982,"2017-08-12 13:50:00"
IOP,0.00016982,"2017-08-12 13:55:00"
IOP,0.00016989,"2017-08-12 14:00:00"
IOP,0.00016989,"2017-08-12 14:05:00"
IOP,0.00016989,"2017-08-12 14:10:00"
IOP,0.00016982,"2017-08-12 14:15:00"
IOP,0.00016616,"2017-08-12 14:20:00"
IOP,0.00016616,"2017-08-12 14:25:00"
IOP,0.00016618,"2017-08-12 14:30:00"
IOP,0.00016616,"2017-08-12 14:35:00"
IOP,0.00016618,"2017-08-12 14:40:00"
IOP,0.00016618,"2017-08-12 14:45:00"
IOP,0.00016619,"2017-08-12 14:50:00"
IOP,0.00016619,"2017-08-12 14:55:00"
IOP,0.00016622,"2017-08-12 15:00:00"
IOP,0.00016618,"2017-08-12 15:05:00"
IOP,0.00016987,"2017-08-12 15:10:00"
IOP,0.00016987,"2017-08-12 15:15:00"
IOP,0.00016618,"2017-08-12 15:20:00"
IOP,0.00016618,"2017-08-12 15:25:00"
IOP,0.00016618,"2017-08-12 15:30:00"
IOP,0.00016618,"2017-08-12 15:35:00"
IOP,0.00016618,"2017-08-12 15:40:00"
IOP,0.00016618,"2017-08-12 15:45:00"
IOP,0.00016618,"2017-08-12 15:50:00"
IOP,0.00016618,"2017-08-12 15:55:00"
IOP,0.00016618,"2017-08-12 16:00:00"
IOP,0.00016601,"2017-08-12 16:05:00"
IOP,0.00016601,"2017-08-12 16:10:00"
IOP,0.00016601,"2017-08-12 16:15:00"
IOP,0.00016601,"2017-08-12 16:20:00"
IOP,0.00016602,"2017-08-12 16:25:00"
IOP,0.00016601,"2017-08-12 16:30:00"
IOP,0.00016103,"2017-08-12 16:35:00"
IOP,0.00016103,"2017-08-12 16:40:00"
IOP,0.00016103,"2017-08-12 16:45:00"
IOP,0.00016103,"2017-08-12 16:50:00"
IOP,0.00016103,"2017-08-12 16:55:00"
IOP,0.00016299,"2017-08-12 17:00:00"
IOP,0.00016229,"2017-08-12 17:05:00"
IOP,0.00016326,"2017-08-12 17:10:00"
IOP,0.00016326,"2017-08-12 17:15:00"
IOP,0.00016326,"2017-08-12 17:20:00"
IOP,0.00016326,"2017-08-12 17:25:00"
IOP,0.00016326,"2017-08-12 17:30:00"
IOP,0.00016326,"2017-08-12 17:35:00"
IOP,0.00016326,"2017-08-12 17:40:00"
IOP,0.0001611,"2017-08-12 17:45:00"
IOP,0.00016326,"2017-08-12 17:50:00"
IOP,0.000161,"2017-08-12 17:55:00"
IOP,0.000161,"2017-08-12 18:00:00"
IOP,0.000161,"2017-08-12 18:05:00"
IOP,0.000161,"2017-08-12 18:10:00"
IOP,0.000161,"2017-08-12 18:15:00"
IOP,0.000161,"2017-08-12 18:20:00"
IOP,0.000161,"2017-08-12 18:25:00"
IOP,0.00016105,"2017-08-12 18:30:00"
IOP,0.00016105,"2017-08-12 18:35:00"
IOP,0.00016326,"2017-08-12 18:40:00"
IOP,0.000161,"2017-08-12 18:45:00"
IOP,0.00016099,"2017-08-12 18:50:00"
IOP,0.00016106,"2017-08-12 18:55:00"
IOP,0.000161,"2017-08-12 19:00:00"
IOP,0.000161,"2017-08-12 19:05:00"
IOP,0.000161,"2017-08-12 19:10:00"
IOP,0.000161,"2017-08-12 19:15:00"
IOP,0.000161,"2017-08-12 19:20:00"
IOP,0.000161,"2017-08-12 19:25:00"
IOP,0.000161,"2017-08-12 19:30:00"
IOP,0.000161,"2017-08-12 19:35:00"
IOP,0.000161,"2017-08-12 19:40:00"
IOP,0.00016416,"2017-08-12 19:45:00"
IOP,0.00016416,"2017-08-12 19:50:00"
IOP,0.00016893,"2017-08-12 19:55:00"
IOP,0.00016876,"2017-08-12 20:00:00"
IOP,0.0001686,"2017-08-12 20:05:00"
IOP,0.00016799,"2017-08-12 20:10:00"
IOP,0.00016799,"2017-08-12 20:15:00"
IOP,0.00016799,"2017-08-12 20:20:00"
IOP,0.00016425,"2017-08-12 20:25:00"
IOP,0.00016762,"2017-08-12 20:30:00"
IOP,0.00016762,"2017-08-12 20:35:00"
IOP,0.00016762,"2017-08-12 20:40:00"
IOP,0.00016762,"2017-08-12 20:45:00"
IOP,0.00016762,"2017-08-12 20:50:00"
IOP,0.0001642,"2017-08-12 20:55:00"
IOP,0.0001642,"2017-08-12 21:00:00"
IOP,0.0001642,"2017-08-12 21:05:00"
IOP,0.0001642,"2017-08-12 21:10:00"
IOP,0.0001642,"2017-08-12 21:15:00"
IOP,0.0001642,"2017-08-12 21:20:00"
IOP,0.0001642,"2017-08-12 21:25:00"
IOP,0.0001642,"2017-08-12 21:30:00"
IOP,0.00016421,"2017-08-12 21:35:00"
IOP,0.0001644,"2017-08-12 21:40:00"
IOP,0.00016789,"2017-08-12 21:45:00"
IOP,0.00016789,"2017-08-12 21:50:00"
IOP,0.00016789,"2017-08-12 21:55:00"
IOP,0.00016789,"2017-08-12 22:00:00"
IOP,0.00015946,"2017-08-12 22:05:00"
IOP,0.00015946,"2017-08-12 22:10:00"
IOP,0.00015946,"2017-08-12 22:15:00"
IOP,0.0001633,"2017-08-12 22:20:00"
IOP,0.0001633,"2017-08-12 22:25:00"
IOP,0.0001633,"2017-08-12 22:30:00"
IOP,0.0001633,"2017-08-12 22:35:00"
IOP,0.0001633,"2017-08-12 22:40:00"
IOP,0.0001633,"2017-08-12 22:45:00"
IOP,0.00016319,"2017-08-12 22:50:00"
IOP,0.0001601,"2017-08-12 22:55:00"
IOP,0.0001601,"2017-08-12 23:00:00"
IOP,0.0001601,"2017-08-12 23:05:00"
IOP,0.0001601,"2017-08-12 23:10:00"
IOP,0.0001601,"2017-08-12 23:15:00"
IOP,0.00016308,"2017-08-12 23:20:00"
IOP,0.00016308,"2017-08-12 23:25:00"
IOP,0.00016308,"2017-08-12 23:30:00"
IOP,0.00016308,"2017-08-12 23:35:00"
IOP,0.00016308,"2017-08-12 23:40:00"
IOP,0.00016308,"2017-08-12 23:45:00"
IOP,0.00016308,"2017-08-12 23:50:00"
IOP,0.00016308,"2017-08-12 23:55:00"
IOP,0.00016308,"2017-08-13 00:00:00"
IOP,0.00015998,"2017-08-13 00:05:00"
IOP,0.00015998,"2017-08-13 00:10:00"
IOP,0.00015998,"2017-08-13 00:15:00"
IOP,0.00015998,"2017-08-13 00:20:00"
IOP,0.00015901,"2017-08-13 00:25:00"
IOP,0.00015901,"2017-08-13 00:30:00"
IOP,0.00015901,"2017-08-13 00:35:00"
IOP,0.00015901,"2017-08-13 00:40:00"
IOP,0.00015901,"2017-08-13 00:45:00"
IOP,0.00015901,"2017-08-13 00:50:00"
IOP,0.00015901,"2017-08-13 00:55:00"
IOP,0.00015901,"2017-08-13 01:00:00"
IOP,0.00015901,"2017-08-13 01:05:00"
IOP,0.00015901,"2017-08-13 01:10:00"
IOP,0.00015901,"2017-08-13 01:15:00"
IOP,0.00015901,"2017-08-13 01:20:00"
IOP,0.00015901,"2017-08-13 01:25:00"
IOP,0.00015901,"2017-08-13 01:30:00"
IOP,0.00015901,"2017-08-13 01:35:00"
IOP,0.00016432,"2017-08-13 01:40:00"
IOP,0.00016432,"2017-08-13 01:45:00"
IOP,0.00016398,"2017-08-13 01:50:00"
IOP,0.00016398,"2017-08-13 01:55:00"
IOP,0.00016398,"2017-08-13 02:00:00"
IOP,0.00015839,"2017-08-13 02:05:00"
IOP,0.00015839,"2017-08-13 02:10:00"
IOP,0.00016185,"2017-08-13 02:15:00"
IOP,0.00016185,"2017-08-13 02:20:00"
IOP,0.00016185,"2017-08-13 02:25:00"
IOP,0.00016185,"2017-08-13 02:30:00"
IOP,0.00016166,"2017-08-13 02:35:00"
IOP,0.00016166,"2017-08-13 02:40:00"
IOP,0.00016166,"2017-08-13 02:45:00"
IOP,0.00016167,"2017-08-13 02:50:00"
IOP,0.00016167,"2017-08-13 02:55:00"
IOP,0.00016167,"2017-08-13 03:00:00"
IOP,0.00016167,"2017-08-13 03:05:00"
IOP,0.00015818,"2017-08-13 03:10:00"
IOP,0.00015818,"2017-08-13 03:15:00"
IOP,0.00016439,"2017-08-13 03:20:00"
IOP,0.00016,"2017-08-13 03:25:00"
IOP,0.00016,"2017-08-13 03:30:00"
IOP,0.00016,"2017-08-13 03:35:00"
IOP,0.00015666,"2017-08-13 03:40:00"
IOP,0.00015999,"2017-08-13 03:45:00"
IOP,0.00015999,"2017-08-13 03:50:00"
IOP,0.00015667,"2017-08-13 03:55:00"
IOP,0.00015667,"2017-08-13 04:00:00"
IOP,0.00015667,"2017-08-13 04:05:00"
IOP,0.00015667,"2017-08-13 04:10:00"
IOP,0.0001567,"2017-08-13 04:15:00"
IOP,0.0001567,"2017-08-13 04:20:00"
IOP,0.0001567,"2017-08-13 04:25:00"
IOP,0.0001567,"2017-08-13 04:30:00"
IOP,0.0001567,"2017-08-13 04:35:00"
IOP,0.000157,"2017-08-13 04:40:00"
IOP,0.00015701,"2017-08-13 04:45:00"
IOP,0.00015701,"2017-08-13 04:50:00"
IOP,0.00015701,"2017-08-13 04:55:00"
IOP,0.00015701,"2017-08-13 05:00:00"
IOP,0.00015701,"2017-08-13 05:05:00"
IOP,0.00015701,"2017-08-13 05:10:00"
IOP,0.00015701,"2017-08-13 05:15:00"
IOP,0.00015701,"2017-08-13 05:20:00"
IOP,0.00015701,"2017-08-13 05:25:00"
IOP,0.00015701,"2017-08-13 05:30:00"
IOP,0.00015701,"2017-08-13 05:35:00"
IOP,0.00015701,"2017-08-13 05:40:00"
IOP,0.00016,"2017-08-13 05:45:00"
IOP,0.00016,"2017-08-13 05:50:00"
IOP,0.00016,"2017-08-13 05:55:00"
IOP,0.00016,"2017-08-13 06:00:00"
IOP,0.00016,"2017-08-13 06:05:00"
IOP,0.00015709,"2017-08-13 06:10:00"
IOP,0.00015709,"2017-08-13 06:15:00"
IOP,0.00016,"2017-08-13 06:20:00"
IOP,0.00016453,"2017-08-13 06:25:00"
IOP,0.00016453,"2017-08-13 06:30:00"
IOP,0.00016453,"2017-08-13 06:35:00"
IOP,0.00016399,"2017-08-13 06:40:00"
IOP,0.00015757,"2017-08-13 06:45:00"
IOP,0.00015771,"2017-08-13 06:50:00"
IOP,0.000157,"2017-08-13 06:55:00"
IOP,0.000157,"2017-08-13 07:00:00"
IOP,0.000157,"2017-08-13 07:05:00"
IOP,0.000157,"2017-08-13 07:10:00"
IOP,0.000157,"2017-08-13 07:15:00"
IOP,0.000157,"2017-08-13 07:20:00"
IOP,0.00015701,"2017-08-13 07:25:00"
IOP,0.00015701,"2017-08-13 07:30:00"
IOP,0.00015701,"2017-08-13 07:35:00"
IOP,0.000157,"2017-08-13 07:40:00"
IOP,0.000157,"2017-08-13 07:45:00"
IOP,0.000157,"2017-08-13 07:50:00"
IOP,0.0001565,"2017-08-13 07:55:00"
IOP,0.0001565,"2017-08-13 08:00:00"
IOP,0.0001565,"2017-08-13 08:05:00"
IOP,0.0001565,"2017-08-13 08:10:00"
IOP,0.0001565,"2017-08-13 08:15:00"
IOP,0.0001565,"2017-08-13 08:20:00"
IOP,0.00015628,"2017-08-13 08:25:00"
IOP,0.0001475,"2017-08-13 08:30:00"
IOP,0.0001475,"2017-08-13 08:35:00"
IOP,0.0001475,"2017-08-13 08:40:00"
IOP,0.0001475,"2017-08-13 08:45:00"
IOP,0.0001475,"2017-08-13 08:50:00"
IOP,0.0001475,"2017-08-13 08:55:00"
IOP,0.00015178,"2017-08-13 09:00:00"
IOP,0.0001477,"2017-08-13 09:05:00"
IOP,0.00014692,"2017-08-13 09:10:00"
IOP,0.00014691,"2017-08-13 09:15:00"
IOP,0.00014693,"2017-08-13 09:20:00"
IOP,0.00014693,"2017-08-13 09:25:00"
IOP,0.00014693,"2017-08-13 09:30:00"
IOP,0.00014693,"2017-08-13 09:35:00"
IOP,0.00015695,"2017-08-13 09:40:00"
IOP,0.00015696,"2017-08-13 09:45:00"
IOP,0.00015696,"2017-08-13 09:50:00"
IOP,0.00015696,"2017-08-13 09:55:00"
IOP,0.00015696,"2017-08-13 10:00:00"
IOP,0.00015696,"2017-08-13 10:05:00"
IOP,0.00015696,"2017-08-13 10:10:00"
IOP,0.000157,"2017-08-13 10:15:00"
IOP,0.000153,"2017-08-13 10:20:00"
IOP,0.000153,"2017-08-13 10:25:00"
IOP,0.0001485,"2017-08-13 10:30:00"
IOP,0.0001485,"2017-08-13 10:35:00"
IOP,0.0001485,"2017-08-13 10:40:00"
IOP,0.0001485,"2017-08-13 10:45:00"
IOP,0.0001485,"2017-08-13 10:50:00"
IOP,0.0001485,"2017-08-13 10:55:00"
IOP,0.0001485,"2017-08-13 11:00:00"
IOP,0.00014691,"2017-08-13 11:05:00"
IOP,0.00014599,"2017-08-13 11:10:00"
IOP,0.00014568,"2017-08-13 11:15:00"
IOP,0.00014568,"2017-08-13 11:20:00"
IOP,0.00014568,"2017-08-13 11:25:00"
IOP,0.00014691,"2017-08-13 11:30:00"
IOP,0.00014691,"2017-08-13 11:35:00"
IOP,0.00014691,"2017-08-13 11:40:00"
IOP,0.00014691,"2017-08-13 11:45:00"
IOP,0.00014691,"2017-08-13 11:50:00"
IOP,0.00014691,"2017-08-13 11:55:00"
IOP,0.00014691,"2017-08-13 12:00:00"
IOP,0.0001485,"2017-08-13 12:05:00"
IOP,0.0001485,"2017-08-13 12:10:00"
IOP,0.0001485,"2017-08-13 12:15:00"
IOP,0.0001485,"2017-08-13 12:20:00"
IOP,0.00014845,"2017-08-13 12:25:00"
IOP,0.00014845,"2017-08-13 12:30:00"
IOP,0.00014568,"2017-08-13 12:35:00"
IOP,0.00014568,"2017-08-13 12:40:00"
IOP,0.00014568,"2017-08-13 12:45:00"
IOP,0.00014568,"2017-08-13 12:50:00"
IOP,0.00014568,"2017-08-13 12:55:00"
IOP,0.00014568,"2017-08-13 13:00:00"
IOP,0.00014568,"2017-08-13 13:05:00"
IOP,0.00014568,"2017-08-13 13:10:00"
IOP,0.00014568,"2017-08-13 13:15:00"
IOP,0.00014568,"2017-08-13 13:20:00"
IOP,0.00014568,"2017-08-13 13:25:00"
IOP,0.00014568,"2017-08-13 13:30:00"
IOP,0.00014568,"2017-08-13 13:35:00"
IOP,0.00014568,"2017-08-13 13:40:00"
IOP,0.00014568,"2017-08-13 13:45:00"
IOP,0.00014569,"2017-08-13 13:50:00"
IOP,0.00014569,"2017-08-13 13:55:00"
IOP,0.00014569,"2017-08-13 14:00:00"
IOP,0.00014569,"2017-08-13 14:05:00"
IOP,0.00014569,"2017-08-13 14:10:00"
IOP,0.00014569,"2017-08-13 14:15:00"
IOP,0.000146,"2017-08-13 14:20:00"
IOP,0.000146,"2017-08-13 14:25:00"
IOP,0.00014568,"2017-08-13 14:30:00"
IOP,0.00014568,"2017-08-13 14:35:00"
IOP,0.00015802,"2017-08-13 14:40:00"
IOP,0.00016026,"2017-08-13 14:45:00"
IOP,0.00016026,"2017-08-13 14:50:00"
IOP,0.00014912,"2017-08-13 14:55:00"
IOP,0.00014896,"2017-08-13 15:00:00"
IOP,0.00014896,"2017-08-13 15:05:00"
IOP,0.00014896,"2017-08-13 15:10:00"
IOP,0.00014855,"2017-08-13 15:15:00"
IOP,0.0001459,"2017-08-13 15:20:00"
IOP,0.0001459,"2017-08-13 15:25:00"
IOP,0.0001459,"2017-08-13 15:30:00"
IOP,0.0001459,"2017-08-13 15:35:00"
IOP,0.0001459,"2017-08-13 15:40:00"
IOP,0.0001459,"2017-08-13 15:45:00"
IOP,0.0001459,"2017-08-13 15:50:00"
IOP,0.0001459,"2017-08-13 15:55:00"
IOP,0.0001459,"2017-08-13 16:00:00"
IOP,0.00014854,"2017-08-13 16:05:00"
IOP,0.00014855,"2017-08-13 16:10:00"
IOP,0.00014855,"2017-08-13 16:15:00"
IOP,0.00014855,"2017-08-13 16:20:00"
IOP,0.00014855,"2017-08-13 16:25:00"
IOP,0.00014855,"2017-08-13 16:30:00"
IOP,0.00014855,"2017-08-13 16:35:00"
IOP,0.00014856,"2017-08-13 16:40:00"
IOP,0.00014856,"2017-08-13 16:45:00"
IOP,0.00014856,"2017-08-13 16:50:00"
IOP,0.00014856,"2017-08-13 16:55:00"
IOP,0.00014854,"2017-08-13 17:00:00"
IOP,0.00014854,"2017-08-13 17:05:00"
IOP,0.00014802,"2017-08-13 17:10:00"
IOP,0.00014802,"2017-08-13 17:15:00"
IOP,0.00014802,"2017-08-13 17:20:00"
IOP,0.000146,"2017-08-13 17:25:00"
IOP,0.00014521,"2017-08-13 17:30:00"
IOP,0.00014038,"2017-08-13 17:35:00"
IOP,0.00014038,"2017-08-13 17:40:00"
IOP,0.00013975,"2017-08-13 17:45:00"
IOP,0.00014115,"2017-08-13 17:50:00"
IOP,0.00014115,"2017-08-13 17:55:00"
IOP,0.00014797,"2017-08-13 18:00:00"
IOP,0.00014797,"2017-08-13 18:05:00"
IOP,0.00014797,"2017-08-13 18:10:00"
IOP,0.00015372,"2017-08-13 18:15:00"
IOP,0.00015372,"2017-08-13 18:20:00"
IOP,0.00015372,"2017-08-13 18:25:00"
IOP,0.00015372,"2017-08-13 18:30:00"
IOP,0.00015372,"2017-08-13 18:35:00"
IOP,0.00015372,"2017-08-13 18:40:00"
IOP,0.0001482,"2017-08-13 18:45:00"
IOP,0.0001482,"2017-08-13 18:50:00"
IOP,0.0001482,"2017-08-13 18:55:00"
IOP,0.0001482,"2017-08-13 19:00:00"
IOP,0.0001482,"2017-08-13 19:05:00"
IOP,0.0001482,"2017-08-13 19:10:00"
IOP,0.0001482,"2017-08-13 19:15:00"
IOP,0.0001482,"2017-08-13 19:20:00"
IOP,0.0001482,"2017-08-13 19:25:00"
IOP,0.0001482,"2017-08-13 19:30:00"
IOP,0.0001482,"2017-08-13 19:35:00"
IOP,0.00014241,"2017-08-13 19:40:00"
IOP,0.0001424,"2017-08-13 19:45:00"
IOP,0.0001424,"2017-08-13 19:50:00"
IOP,0.0001424,"2017-08-13 19:55:00"
IOP,0.00014116,"2017-08-13 20:00:00"
IOP,0.00014116,"2017-08-13 20:05:00"
IOP,0.00014116,"2017-08-13 20:10:00"
IOP,0.00014116,"2017-08-13 20:15:00"
IOP,0.00014238,"2017-08-13 20:20:00"
IOP,0.00014237,"2017-08-13 20:25:00"
IOP,0.0001482,"2017-08-13 20:30:00"
IOP,0.0001479,"2017-08-13 20:35:00"
IOP,0.0001479,"2017-08-13 20:40:00"
IOP,0.0001479,"2017-08-13 20:45:00"
IOP,0.00014255,"2017-08-13 20:50:00"
IOP,0.00014255,"2017-08-13 20:55:00"
IOP,0.00014255,"2017-08-13 21:00:00"
IOP,0.00014255,"2017-08-13 21:05:00"
IOP,0.00014255,"2017-08-13 21:10:00"
IOP,0.00014255,"2017-08-13 21:15:00"
IOP,0.00014255,"2017-08-13 21:20:00"
IOP,0.00014255,"2017-08-13 21:25:00"
IOP,0.00014255,"2017-08-13 21:30:00"
IOP,0.00014255,"2017-08-13 21:35:00"
IOP,0.00014255,"2017-08-13 21:40:00"
IOP,0.00014255,"2017-08-13 21:45:00"
IOP,0.00014255,"2017-08-13 21:50:00"
IOP,0.00014255,"2017-08-13 21:55:00"
IOP,0.00014255,"2017-08-13 22:00:00"
IOP,0.00014775,"2017-08-13 22:05:00"
IOP,0.00014723,"2017-08-13 22:10:00"
IOP,0.00015322,"2017-08-13 22:15:00"
IOP,0.00015322,"2017-08-13 22:20:00"
IOP,0.00015322,"2017-08-13 22:25:00"
IOP,0.00015322,"2017-08-13 22:30:00"
IOP,0.00015322,"2017-08-13 22:35:00"
IOP,0.00015322,"2017-08-13 22:40:00"
IOP,0.00014352,"2017-08-13 22:45:00"
IOP,0.00014352,"2017-08-13 22:50:00"
IOP,0.00014352,"2017-08-13 22:55:00"
IOP,0.00014352,"2017-08-13 23:00:00"
IOP,0.00014352,"2017-08-13 23:05:00"
IOP,0.00014352,"2017-08-13 23:10:00"
IOP,0.00014352,"2017-08-13 23:15:00"
IOP,0.00014444,"2017-08-13 23:20:00"
IOP,0.00014444,"2017-08-13 23:25:00"
IOP,0.00014444,"2017-08-13 23:30:00"
IOP,0.00014444,"2017-08-13 23:35:00"
IOP,0.00014444,"2017-08-13 23:40:00"
IOP,0.00014444,"2017-08-13 23:45:00"
IOP,0.00014444,"2017-08-13 23:50:00"
IOP,0.00014444,"2017-08-13 23:55:00"
IOP,0.00014444,"2017-08-14 00:00:00"
IOP,0.00014444,"2017-08-14 00:05:00"
IOP,0.00014444,"2017-08-14 00:10:00"
IOP,0.00014444,"2017-08-14 00:15:00"
IOP,0.000152,"2017-08-14 00:20:00"
IOP,0.000152,"2017-08-14 00:25:00"
IOP,0.000152,"2017-08-14 00:30:00"
IOP,0.000152,"2017-08-14 00:35:00"
IOP,0.0001455,"2017-08-14 00:40:00"
IOP,0.0001455,"2017-08-14 00:45:00"
IOP,0.0001455,"2017-08-14 00:50:00"
IOP,0.0001455,"2017-08-14 00:55:00"
IOP,0.0001455,"2017-08-14 01:00:00"
IOP,0.0001455,"2017-08-14 01:05:00"
IOP,0.0001455,"2017-08-14 01:10:00"
IOP,0.00014647,"2017-08-14 01:15:00"
IOP,0.00014647,"2017-08-14 01:20:00"
IOP,0.00015366,"2017-08-14 01:25:00"
IOP,0.00015366,"2017-08-14 01:30:00"
IOP,0.00015366,"2017-08-14 01:35:00"
IOP,0.00015366,"2017-08-14 01:40:00"
IOP,0.00015366,"2017-08-14 01:45:00"
IOP,0.00015366,"2017-08-14 01:50:00"
IOP,0.00014521,"2017-08-14 01:55:00"
IOP,0.00014521,"2017-08-14 02:00:00"
IOP,0.00014521,"2017-08-14 02:05:00"
IOP,0.00014521,"2017-08-14 02:10:00"
IOP,0.00014521,"2017-08-14 02:15:00"
IOP,0.00014521,"2017-08-14 02:20:00"
IOP,0.00014521,"2017-08-14 02:25:00"
IOP,0.00014521,"2017-08-14 02:30:00"
IOP,0.00014521,"2017-08-14 02:35:00"
IOP,0.00014521,"2017-08-14 02:40:00"
IOP,0.00014521,"2017-08-14 02:45:00"
IOP,0.00014521,"2017-08-14 02:50:00"
IOP,0.00014521,"2017-08-14 02:55:00"
IOP,0.00014521,"2017-08-14 03:00:00"
IOP,0.000135,"2017-08-14 03:05:00"
IOP,0.00013565,"2017-08-14 03:10:00"
IOP,0.00014144,"2017-08-14 03:15:00"
IOP,0.00014144,"2017-08-14 03:20:00"
IOP,0.00014144,"2017-08-14 03:25:00"
IOP,0.00014745,"2017-08-14 03:30:00"
IOP,0.00015377,"2017-08-14 03:35:00"
IOP,0.00016213,"2017-08-14 03:40:00"
IOP,0.00016213,"2017-08-14 03:45:00"
IOP,0.00016213,"2017-08-14 03:50:00"
IOP,0.00016213,"2017-08-14 03:55:00"
IOP,0.00016213,"2017-08-14 04:00:00"
IOP,0.00016213,"2017-08-14 04:05:00"
IOP,0.00016213,"2017-08-14 04:10:00"
IOP,0.00016213,"2017-08-14 04:15:00"
IOP,0.00015363,"2017-08-14 04:20:00"
IOP,0.00015403,"2017-08-14 04:25:00"
IOP,0.00015403,"2017-08-14 04:30:00"
IOP,0.00015403,"2017-08-14 04:35:00"
IOP,0.00015403,"2017-08-14 04:40:00"
IOP,0.00015403,"2017-08-14 04:45:00"
IOP,0.00015403,"2017-08-14 04:50:00"
IOP,0.00015436,"2017-08-14 04:55:00"
IOP,0.00015363,"2017-08-14 05:00:00"
IOP,0.00015363,"2017-08-14 05:05:00"
IOP,0.00015363,"2017-08-14 05:10:00"
IOP,0.00015,"2017-08-14 05:15:00"
IOP,0.00014997,"2017-08-14 05:20:00"
IOP,0.00014997,"2017-08-14 05:25:00"
IOP,0.00014997,"2017-08-14 05:30:00"
IOP,0.00014997,"2017-08-14 05:35:00"
IOP,0.00014997,"2017-08-14 05:40:00"
IOP,0.00014997,"2017-08-14 05:45:00"
IOP,0.00014997,"2017-08-14 05:50:00"
IOP,0.00014997,"2017-08-14 05:55:00"
IOP,0.00015423,"2017-08-14 06:00:00"
IOP,0.00015423,"2017-08-14 06:05:00"
IOP,0.00015423,"2017-08-14 06:10:00"
IOP,0.00014829,"2017-08-14 06:15:00"
IOP,0.00014829,"2017-08-14 06:20:00"
IOP,0.00014926,"2017-08-14 06:25:00"
IOP,0.00014926,"2017-08-14 06:30:00"
IOP,0.00014926,"2017-08-14 06:35:00"
IOP,0.00014926,"2017-08-14 06:40:00"
IOP,0.00014926,"2017-08-14 06:45:00"
IOP,0.00014926,"2017-08-14 06:50:00"
IOP,0.00014926,"2017-08-14 06:55:00"
IOP,0.00014926,"2017-08-14 07:00:00"
IOP,0.00014926,"2017-08-14 07:05:00"
IOP,0.00014946,"2017-08-14 07:10:00"
IOP,0.00014946,"2017-08-14 07:15:00"
IOP,0.00014946,"2017-08-14 07:20:00"
IOP,0.00014946,"2017-08-14 07:25:00"
IOP,0.00014946,"2017-08-14 07:30:00"
IOP,0.00015349,"2017-08-14 07:35:00"
IOP,0.00015349,"2017-08-14 07:40:00"
IOP,0.00015349,"2017-08-14 07:45:00"
IOP,0.00014642,"2017-08-14 07:50:00"
IOP,0.00014736,"2017-08-14 07:55:00"
IOP,0.00014788,"2017-08-14 08:00:00"
IOP,0.00014788,"2017-08-14 08:05:00"
IOP,0.00014788,"2017-08-14 08:10:00"
IOP,0.00014788,"2017-08-14 08:15:00"
IOP,0.00014788,"2017-08-14 08:20:00"
IOP,0.00014569,"2017-08-14 08:25:00"
IOP,0.00014569,"2017-08-14 08:30:00"
IOP,0.00014569,"2017-08-14 08:35:00"
IOP,0.00014569,"2017-08-14 08:40:00"
IOP,0.00014858,"2017-08-14 08:45:00"
IOP,0.0001457,"2017-08-14 08:50:00"
IOP,0.0001457,"2017-08-14 08:55:00"
IOP,0.000146,"2017-08-14 09:00:00"
IOP,0.000148,"2017-08-14 09:05:00"
IOP,0.000148,"2017-08-14 09:10:00"
IOP,0.000148,"2017-08-14 09:15:00"
IOP,0.000148,"2017-08-14 09:20:00"
IOP,0.000148,"2017-08-14 09:25:00"
IOP,0.000148,"2017-08-14 09:30:00"
IOP,0.000148,"2017-08-14 09:35:00"
IOP,0.000148,"2017-08-14 09:40:00"
IOP,0.000148,"2017-08-14 09:45:00"
IOP,0.000148,"2017-08-14 09:50:00"
IOP,0.000148,"2017-08-14 09:55:00"
IOP,0.000148,"2017-08-14 10:00:00"
IOP,0.000148,"2017-08-14 10:05:00"
IOP,0.000148,"2017-08-14 10:10:00"
IOP,0.00014516,"2017-08-14 10:15:00"
IOP,0.00014516,"2017-08-14 10:20:00"
IOP,0.00014516,"2017-08-14 10:25:00"
IOP,0.00014516,"2017-08-14 10:30:00"
IOP,0.00014516,"2017-08-14 10:35:00"
IOP,0.00014517,"2017-08-14 10:40:00"
IOP,0.00014517,"2017-08-14 10:45:00"
IOP,0.00015285,"2017-08-14 10:50:00"
IOP,0.00015285,"2017-08-14 10:55:00"
IOP,0.00014518,"2017-08-14 11:00:00"
IOP,0.00014519,"2017-08-14 11:05:00"
IOP,0.00014519,"2017-08-14 11:10:00"
IOP,0.00014519,"2017-08-14 11:15:00"
IOP,0.00014519,"2017-08-14 11:20:00"
IOP,0.00014519,"2017-08-14 11:25:00"
IOP,0.00014519,"2017-08-14 11:30:00"
IOP,0.00014519,"2017-08-14 11:35:00"
IOP,0.000144,"2017-08-14 11:40:00"
IOP,0.00014395,"2017-08-14 11:45:00"
IOP,0.00014395,"2017-08-14 11:50:00"
IOP,0.00014395,"2017-08-14 11:55:00"
IOP,0.00014395,"2017-08-14 12:00:00"
IOP,0.00014395,"2017-08-14 12:05:00"
IOP,0.00014395,"2017-08-14 12:10:00"
IOP,0.00014395,"2017-08-14 12:15:00"
IOP,0.00014297,"2017-08-14 12:20:00"
IOP,0.00014297,"2017-08-14 12:25:00"
IOP,0.00014297,"2017-08-14 12:30:00"
IOP,0.00014297,"2017-08-14 12:35:00"
IOP,0.00014297,"2017-08-14 12:40:00"
IOP,0.00014297,"2017-08-14 12:45:00"
IOP,0.00014297,"2017-08-14 12:50:00"
IOP,0.00014297,"2017-08-14 12:55:00"
IOP,0.00014297,"2017-08-14 13:00:00"
IOP,0.00014297,"2017-08-14 13:05:00"
IOP,0.00014293,"2017-08-14 13:10:00"
IOP,0.00014293,"2017-08-14 13:15:00"
IOP,0.00014302,"2017-08-14 13:20:00"
IOP,0.00014302,"2017-08-14 13:25:00"
IOP,0.00014302,"2017-08-14 13:30:00"
IOP,0.00014302,"2017-08-14 13:35:00"
IOP,0.00014302,"2017-08-14 13:40:00"
IOP,0.00014303,"2017-08-14 13:45:00"
IOP,0.000143,"2017-08-14 13:50:00"
IOP,0.00015037,"2017-08-14 13:55:00"
IOP,0.00015037,"2017-08-14 14:00:00"
IOP,0.00015037,"2017-08-14 14:05:00"
IOP,0.00015435,"2017-08-14 14:10:00"
IOP,0.00015436,"2017-08-14 14:15:00"
IOP,0.00015246,"2017-08-14 14:20:00"
IOP,0.00015246,"2017-08-14 14:25:00"
IOP,0.00015246,"2017-08-14 14:30:00"
IOP,0.00015409,"2017-08-14 14:35:00"
IOP,0.00015645,"2017-08-14 14:40:00"
IOP,0.00015645,"2017-08-14 14:45:00"
IOP,0.0001671,"2017-08-14 14:50:00"
IOP,0.00017293,"2017-08-14 14:55:00"
IOP,0.00021901,"2017-08-14 15:00:00"
IOP,0.00019307,"2017-08-14 15:05:00"
IOP,0.00017798,"2017-08-14 15:10:00"
IOP,0.0001784,"2017-08-14 15:15:00"
IOP,0.000172,"2017-08-14 15:20:00"
IOP,0.00016999,"2017-08-14 15:25:00"
IOP,0.00016208,"2017-08-14 15:30:00"
IOP,0.00017238,"2017-08-14 15:35:00"
IOP,0.0001708,"2017-08-14 15:40:00"
IOP,0.00017081,"2017-08-14 15:45:00"
IOP,0.00017212,"2017-08-14 15:50:00"
IOP,0.00017487,"2017-08-14 15:55:00"
IOP,0.00017144,"2017-08-14 16:00:00"
IOP,0.00017144,"2017-08-14 16:05:00"
IOP,0.00016928,"2017-08-14 16:10:00"
IOP,0.000155,"2017-08-14 16:15:00"
IOP,0.00015952,"2017-08-14 16:20:00"
IOP,0.00015929,"2017-08-14 16:25:00"
IOP,0.00015877,"2017-08-14 16:30:00"
IOP,0.00015167,"2017-08-14 16:35:00"
IOP,0.00014341,"2017-08-14 16:40:00"
IOP,0.0001428,"2017-08-14 16:45:00"
IOP,0.0001428,"2017-08-14 16:50:00"
IOP,0.00014403,"2017-08-14 16:55:00"
IOP,0.00014403,"2017-08-14 17:00:00"
IOP,0.00014403,"2017-08-14 17:05:00"
IOP,0.00014403,"2017-08-14 17:10:00"
IOP,0.00014386,"2017-08-14 17:15:00"
IOP,0.00014382,"2017-08-14 17:20:00"
IOP,0.00014401,"2017-08-14 17:25:00"
IOP,0.00014401,"2017-08-14 17:30:00"
IOP,0.00014398,"2017-08-14 17:35:00"
IOP,0.00014382,"2017-08-14 17:40:00"
IOP,0.00014356,"2017-08-14 17:45:00"
IOP,0.00014356,"2017-08-14 17:50:00"
IOP,0.00014,"2017-08-14 17:55:00"
IOP,0.00013881,"2017-08-14 18:00:00"
IOP,0.00014322,"2017-08-14 18:05:00"
IOP,0.00013886,"2017-08-14 18:10:00"
IOP,0.00013886,"2017-08-14 18:15:00"
IOP,0.00013886,"2017-08-14 18:20:00"
IOP,0.00013888,"2017-08-14 18:25:00"
IOP,0.00013888,"2017-08-14 18:30:00"
IOP,0.0001395,"2017-08-14 18:35:00"
IOP,0.0001395,"2017-08-14 18:40:00"
IOP,0.00013904,"2017-08-14 18:45:00"
IOP,0.00014263,"2017-08-14 18:50:00"
IOP,0.00014264,"2017-08-14 18:55:00"
IOP,0.00014264,"2017-08-14 19:00:00"
IOP,0.00014264,"2017-08-14 19:05:00"
IOP,0.00014264,"2017-08-14 19:10:00"
IOP,0.00014264,"2017-08-14 19:15:00"
IOP,0.00014264,"2017-08-14 19:20:00"
IOP,0.00014264,"2017-08-14 19:25:00"
IOP,0.00014264,"2017-08-14 19:30:00"
IOP,0.00014264,"2017-08-14 19:35:00"
IOP,0.0001453,"2017-08-14 19:40:00"
IOP,0.0001453,"2017-08-14 19:45:00"
IOP,0.0001453,"2017-08-14 19:50:00"
IOP,0.00014533,"2017-08-14 19:55:00"
IOP,0.00014531,"2017-08-14 20:00:00"
IOP,0.0001506,"2017-08-14 20:05:00"
IOP,0.00015064,"2017-08-14 20:10:00"
IOP,0.00015144,"2017-08-14 20:15:00"
IOP,0.00016199,"2017-08-14 20:20:00"
IOP,0.0001714,"2017-08-14 20:25:00"
IOP,0.00018645,"2017-08-14 20:30:00"
IOP,0.00019725,"2017-08-14 20:35:00"
IOP,0.00018324,"2017-08-14 20:40:00"
IOP,0.00016968,"2017-08-14 20:45:00"
IOP,0.0001613,"2017-08-14 20:50:00"
IOP,0.0001613,"2017-08-14 20:55:00"
IOP,0.0001589,"2017-08-14 21:00:00"
IOP,0.00016123,"2017-08-14 21:05:00"
IOP,0.00016124,"2017-08-14 21:10:00"
IOP,0.00016998,"2017-08-14 21:15:00"
IOP,0.00016128,"2017-08-14 21:20:00"
IOP,0.00016484,"2017-08-14 21:25:00"
IOP,0.00016484,"2017-08-14 21:30:00"
IOP,0.00016499,"2017-08-14 21:35:00"
IOP,0.00016495,"2017-08-14 21:40:00"
IOP,0.00015617,"2017-08-14 21:45:00"
IOP,0.00016228,"2017-08-14 21:50:00"
IOP,0.00016491,"2017-08-14 21:55:00"
IOP,0.00016491,"2017-08-14 22:00:00"
IOP,0.00016474,"2017-08-14 22:05:00"
IOP,0.00016217,"2017-08-14 22:10:00"
IOP,0.00016217,"2017-08-14 22:15:00"
IOP,0.00016217,"2017-08-14 22:20:00"
IOP,0.00015868,"2017-08-14 22:25:00"
IOP,0.00015868,"2017-08-14 22:30:00"
IOP,0.00015868,"2017-08-14 22:35:00"
IOP,0.00015868,"2017-08-14 22:40:00"
IOP,0.00015868,"2017-08-14 22:45:00"
IOP,0.00015767,"2017-08-14 22:50:00"
IOP,0.000161,"2017-08-14 22:55:00"
IOP,0.00016445,"2017-08-14 23:00:00"
IOP,0.00016985,"2017-08-14 23:05:00"
IOP,0.00016985,"2017-08-14 23:10:00"
IOP,0.00016985,"2017-08-14 23:15:00"
IOP,0.00016985,"2017-08-14 23:20:00"
IOP,0.00016985,"2017-08-14 23:25:00"
IOP,0.00017139,"2017-08-14 23:30:00"
IOP,0.00018185,"2017-08-14 23:35:00"
IOP,0.00018185,"2017-08-14 23:40:00"
IOP,0.00018185,"2017-08-14 23:45:00"
IOP,0.00018319,"2017-08-14 23:50:00"
IOP,0.00018319,"2017-08-14 23:55:00"
IOP,0.00018319,"2017-08-15 00:00:00"
IOP,0.00017293,"2017-08-15 00:05:00"
IOP,0.0001775,"2017-08-15 00:10:00"
IOP,0.0001775,"2017-08-15 00:15:00"
IOP,0.0001775,"2017-08-15 00:20:00"
IOP,0.0001775,"2017-08-15 00:25:00"
IOP,0.0001775,"2017-08-15 00:30:00"
IOP,0.0001775,"2017-08-15 00:35:00"
IOP,0.00017702,"2017-08-15 00:40:00"
IOP,0.00017702,"2017-08-15 00:45:00"
IOP,0.00017702,"2017-08-15 00:50:00"
IOP,0.00017323,"2017-08-15 00:55:00"
IOP,0.00017323,"2017-08-15 01:00:00"
IOP,0.00017,"2017-08-15 01:05:00"
IOP,0.00016182,"2017-08-15 01:10:00"
IOP,0.00016182,"2017-08-15 01:15:00"
IOP,0.00016298,"2017-08-15 01:20:00"
IOP,0.00016298,"2017-08-15 01:25:00"
IOP,0.00016298,"2017-08-15 01:30:00"
IOP,0.00016298,"2017-08-15 01:35:00"
IOP,0.00016298,"2017-08-15 01:40:00"
IOP,0.00016298,"2017-08-15 01:45:00"
IOP,0.00016298,"2017-08-15 01:50:00"
IOP,0.00016298,"2017-08-15 01:55:00"
IOP,0.00016025,"2017-08-15 02:00:00"
IOP,0.00016299,"2017-08-15 02:05:00"
IOP,0.00016299,"2017-08-15 02:10:00"
IOP,0.00016042,"2017-08-15 02:15:00"
IOP,0.00016865,"2017-08-15 02:20:00"
IOP,0.00016865,"2017-08-15 02:25:00"
IOP,0.00016124,"2017-08-15 02:30:00"
IOP,0.00016124,"2017-08-15 02:35:00"
IOP,0.0001629,"2017-08-15 02:40:00"
IOP,0.00016011,"2017-08-15 02:45:00"
IOP,0.00016011,"2017-08-15 02:50:00"
IOP,0.00016011,"2017-08-15 02:55:00"
IOP,0.00016011,"2017-08-15 03:00:00"
IOP,0.00016815,"2017-08-15 03:05:00"
IOP,0.00016811,"2017-08-15 03:10:00"
IOP,0.00015769,"2017-08-15 03:15:00"
IOP,0.00015769,"2017-08-15 03:20:00"
IOP,0.00015769,"2017-08-15 03:25:00"
IOP,0.00015769,"2017-08-15 03:30:00"
IOP,0.00015769,"2017-08-15 03:35:00"
IOP,0.000156,"2017-08-15 03:40:00"
IOP,0.000156,"2017-08-15 03:45:00"
IOP,0.000156,"2017-08-15 03:50:00"
IOP,0.00015,"2017-08-15 03:55:00"
IOP,0.0001512,"2017-08-15 04:00:00"
IOP,0.0001512,"2017-08-15 04:05:00"
IOP,0.0001512,"2017-08-15 04:10:00"
IOP,0.0001512,"2017-08-15 04:15:00"
IOP,0.0001512,"2017-08-15 04:20:00"
IOP,0.00015117,"2017-08-15 04:25:00"
IOP,0.00015117,"2017-08-15 04:30:00"
IOP,0.00015117,"2017-08-15 04:35:00"
IOP,0.00015117,"2017-08-15 04:40:00"
IOP,0.00015117,"2017-08-15 04:45:00"
IOP,0.00015117,"2017-08-15 04:50:00"
IOP,0.00014741,"2017-08-15 04:55:00"
IOP,0.00014741,"2017-08-15 05:00:00"
IOP,0.00014741,"2017-08-15 05:05:00"
IOP,0.00014741,"2017-08-15 05:10:00"
IOP,0.00014741,"2017-08-15 05:15:00"
IOP,0.00014721,"2017-08-15 05:20:00"
IOP,0.00014721,"2017-08-15 05:25:00"
IOP,0.00014721,"2017-08-15 05:30:00"
IOP,0.00014721,"2017-08-15 05:35:00"
IOP,0.00014721,"2017-08-15 05:40:00"
IOP,0.00014721,"2017-08-15 05:45:00"
IOP,0.00014721,"2017-08-15 05:50:00"
IOP,0.00014721,"2017-08-15 05:55:00"
IOP,0.00014721,"2017-08-15 06:00:00"
IOP,0.00014721,"2017-08-15 06:05:00"
IOP,0.00014721,"2017-08-15 06:10:00"
IOP,0.00014721,"2017-08-15 06:15:00"
IOP,0.00014721,"2017-08-15 06:20:00"
IOP,0.0001472,"2017-08-15 06:25:00"
IOP,0.0001472,"2017-08-15 06:30:00"
IOP,0.00014501,"2017-08-15 06:35:00"
IOP,0.00014501,"2017-08-15 06:40:00"
IOP,0.00014501,"2017-08-15 06:45:00"
IOP,0.00014501,"2017-08-15 06:50:00"
IOP,0.00014501,"2017-08-15 06:55:00"
IOP,0.00014501,"2017-08-15 07:00:00"
IOP,0.00014721,"2017-08-15 07:05:00"
IOP,0.00014721,"2017-08-15 07:10:00"
IOP,0.00014721,"2017-08-15 07:15:00"
IOP,0.00014721,"2017-08-15 07:20:00"
IOP,0.0001474,"2017-08-15 07:25:00"
IOP,0.00014502,"2017-08-15 07:30:00"
IOP,0.00014502,"2017-08-15 07:35:00"
IOP,0.00014502,"2017-08-15 07:40:00"
IOP,0.00014739,"2017-08-15 07:45:00"
IOP,0.0001474,"2017-08-15 07:50:00"
IOP,0.0001474,"2017-08-15 07:55:00"
IOP,0.0001474,"2017-08-15 08:00:00"
IOP,0.00014739,"2017-08-15 08:05:00"
IOP,0.00014739,"2017-08-15 08:10:00"
IOP,0.00014739,"2017-08-15 08:15:00"
IOP,0.00014739,"2017-08-15 08:20:00"
IOP,0.00014501,"2017-08-15 08:25:00"
IOP,0.00014501,"2017-08-15 08:30:00"
IOP,0.00014501,"2017-08-15 08:35:00"
IOP,0.00014501,"2017-08-15 08:40:00"
IOP,0.00014501,"2017-08-15 08:45:00"
IOP,0.00014501,"2017-08-15 08:50:00"
IOP,0.0001474,"2017-08-15 08:55:00"
IOP,0.0001474,"2017-08-15 09:00:00"
IOP,0.0001474,"2017-08-15 09:05:00"
IOP,0.00015119,"2017-08-15 09:10:00"
IOP,0.00015119,"2017-08-15 09:15:00"
IOP,0.00015119,"2017-08-15 09:20:00"
IOP,0.00015119,"2017-08-15 09:25:00"
IOP,0.00015099,"2017-08-15 09:30:00"
IOP,0.00014808,"2017-08-15 09:35:00"
IOP,0.000145,"2017-08-15 09:40:00"
IOP,0.00014501,"2017-08-15 09:45:00"
IOP,0.00014501,"2017-08-15 09:50:00"
IOP,0.000145,"2017-08-15 09:55:00"
IOP,0.00014501,"2017-08-15 10:00:00"
IOP,0.00014501,"2017-08-15 10:05:00"
IOP,0.00014501,"2017-08-15 10:10:00"
IOP,0.00014501,"2017-08-15 10:15:00"
IOP,0.00014501,"2017-08-15 10:20:00"
IOP,0.00014501,"2017-08-15 10:25:00"
IOP,0.00014501,"2017-08-15 10:30:00"
IOP,0.00014501,"2017-08-15 10:35:00"
IOP,0.00015117,"2017-08-15 10:40:00"
IOP,0.00015117,"2017-08-15 10:45:00"
IOP,0.00015117,"2017-08-15 10:50:00"
IOP,0.00016356,"2017-08-15 10:55:00"
IOP,0.00016768,"2017-08-15 11:00:00"
IOP,0.0001642,"2017-08-15 11:05:00"
IOP,0.00016296,"2017-08-15 11:10:00"
IOP,0.000152,"2017-08-15 11:15:00"
IOP,0.000152,"2017-08-15 11:20:00"
IOP,0.00016198,"2017-08-15 11:25:00"
IOP,0.00016198,"2017-08-15 11:30:00"
IOP,0.00016198,"2017-08-15 11:35:00"
IOP,0.00016198,"2017-08-15 11:40:00"
IOP,0.00016198,"2017-08-15 11:45:00"
IOP,0.00016,"2017-08-15 11:50:00"
IOP,0.00015513,"2017-08-15 11:55:00"
IOP,0.00015513,"2017-08-15 12:00:00"
IOP,0.00015513,"2017-08-15 12:05:00"
IOP,0.00015513,"2017-08-15 12:10:00"
IOP,0.00015513,"2017-08-15 12:15:00"
IOP,0.00015513,"2017-08-15 12:20:00"
IOP,0.00015513,"2017-08-15 12:25:00"
IOP,0.00015513,"2017-08-15 12:30:00"
IOP,0.00015513,"2017-08-15 12:35:00"
IOP,0.00015513,"2017-08-15 12:40:00"
IOP,0.00015513,"2017-08-15 12:45:00"
IOP,0.00015513,"2017-08-15 12:50:00"
IOP,0.00014605,"2017-08-15 12:55:00"
IOP,0.00014605,"2017-08-15 13:00:00"
IOP,0.00014847,"2017-08-15 13:05:00"
IOP,0.00014544,"2017-08-15 13:10:00"
IOP,0.00014544,"2017-08-15 13:15:00"
IOP,0.000147,"2017-08-15 13:20:00"
IOP,0.000147,"2017-08-15 13:25:00"
IOP,0.000147,"2017-08-15 13:30:00"
IOP,0.00014701,"2017-08-15 13:35:00"
IOP,0.00014701,"2017-08-15 13:40:00"
IOP,0.00014701,"2017-08-15 13:45:00"
IOP,0.00014898,"2017-08-15 13:50:00"
IOP,0.00014898,"2017-08-15 13:55:00"
IOP,0.00014898,"2017-08-15 14:00:00"
IOP,0.00014898,"2017-08-15 14:05:00"
IOP,0.000153,"2017-08-15 14:10:00"
IOP,0.000155,"2017-08-15 14:15:00"
IOP,0.00015507,"2017-08-15 14:20:00"
IOP,0.00015675,"2017-08-15 14:25:00"
IOP,0.000156,"2017-08-15 14:30:00"
IOP,0.000149,"2017-08-15 14:35:00"
IOP,0.000149,"2017-08-15 14:40:00"
IOP,0.000149,"2017-08-15 14:45:00"
IOP,0.00015578,"2017-08-15 14:50:00"
IOP,0.00015544,"2017-08-15 14:55:00"
IOP,0.00015544,"2017-08-15 15:00:00"
IOP,0.00015567,"2017-08-15 15:05:00"
IOP,0.00014931,"2017-08-15 15:10:00"
IOP,0.00014931,"2017-08-15 15:15:00"
IOP,0.00014931,"2017-08-15 15:20:00"
IOP,0.00014931,"2017-08-15 15:25:00"
IOP,0.00015277,"2017-08-15 15:30:00"
IOP,0.00015277,"2017-08-15 15:35:00"
IOP,0.00015277,"2017-08-15 15:40:00"
IOP,0.000155,"2017-08-15 15:45:00"
IOP,0.00015745,"2017-08-15 15:50:00"
IOP,0.00015745,"2017-08-15 15:55:00"
IOP,0.00015745,"2017-08-15 16:00:00"
IOP,0.00015745,"2017-08-15 16:05:00"
IOP,0.00015998,"2017-08-15 16:10:00"
IOP,0.00015998,"2017-08-15 16:15:00"
IOP,0.0001598,"2017-08-15 16:20:00"
IOP,0.0001598,"2017-08-15 16:25:00"
IOP,0.00016,"2017-08-15 16:30:00"
IOP,0.00016,"2017-08-15 16:35:00"
IOP,0.00015952,"2017-08-15 16:40:00"
IOP,0.00016,"2017-08-15 16:45:00"
IOP,0.00016406,"2017-08-15 16:50:00"
IOP,0.00016762,"2017-08-15 16:55:00"
IOP,0.00016762,"2017-08-15 17:00:00"
IOP,0.00016786,"2017-08-15 17:05:00"
IOP,0.00016556,"2017-08-15 17:10:00"
IOP,0.00016556,"2017-08-15 17:15:00"
IOP,0.00015981,"2017-08-15 17:20:00"
IOP,0.000165,"2017-08-15 17:25:00"
IOP,0.00016523,"2017-08-15 17:30:00"
IOP,0.00016523,"2017-08-15 17:35:00"
IOP,0.00016523,"2017-08-15 17:40:00"
IOP,0.000165,"2017-08-15 17:45:00"
IOP,0.000165,"2017-08-15 17:50:00"
IOP,0.000165,"2017-08-15 17:55:00"
IOP,0.00016056,"2017-08-15 18:00:00"
IOP,0.00016056,"2017-08-15 18:05:00"
IOP,0.00016056,"2017-08-15 18:10:00"
IOP,0.00015973,"2017-08-15 18:15:00"
IOP,0.00015973,"2017-08-15 18:20:00"
IOP,0.00015952,"2017-08-15 18:25:00"
IOP,0.00015952,"2017-08-15 18:30:00"
IOP,0.00015952,"2017-08-15 18:35:00"
IOP,0.00015952,"2017-08-15 18:40:00"
IOP,0.00015952,"2017-08-15 18:45:00"
IOP,0.00015952,"2017-08-15 18:50:00"
IOP,0.00015652,"2017-08-15 18:55:00"
IOP,0.00015652,"2017-08-15 19:00:00"
IOP,0.00015652,"2017-08-15 19:05:00"
IOP,0.00015654,"2017-08-15 19:10:00"
IOP,0.00015654,"2017-08-15 19:15:00"
IOP,0.00015654,"2017-08-15 19:20:00"
IOP,0.00015654,"2017-08-15 19:25:00"
IOP,0.00015654,"2017-08-15 19:30:00"
IOP,0.00015654,"2017-08-15 19:35:00"
IOP,0.00015652,"2017-08-15 19:40:00"
IOP,0.00015655,"2017-08-15 19:45:00"
IOP,0.00015655,"2017-08-15 19:50:00"
IOP,0.00015655,"2017-08-15 19:55:00"
IOP,0.00015655,"2017-08-15 20:00:00"
IOP,0.00015655,"2017-08-15 20:05:00"
IOP,0.00015657,"2017-08-15 20:10:00"
IOP,0.00015981,"2017-08-15 20:15:00"
IOP,0.00015983,"2017-08-15 20:20:00"
IOP,0.00016,"2017-08-15 20:25:00"
IOP,0.00016,"2017-08-15 20:30:00"
IOP,0.00016102,"2017-08-15 20:35:00"
IOP,0.00016128,"2017-08-15 20:40:00"
IOP,0.00016102,"2017-08-15 20:45:00"
IOP,0.00016006,"2017-08-15 20:50:00"
IOP,0.00016006,"2017-08-15 20:55:00"
IOP,0.00016472,"2017-08-15 21:00:00"
IOP,0.00016472,"2017-08-15 21:05:00"
IOP,0.00016472,"2017-08-15 21:10:00"
IOP,0.00015672,"2017-08-15 21:15:00"
IOP,0.00015672,"2017-08-15 21:20:00"
IOP,0.00015672,"2017-08-15 21:25:00"
IOP,0.00015672,"2017-08-15 21:30:00"
IOP,0.00015672,"2017-08-15 21:35:00"
IOP,0.00015672,"2017-08-15 21:40:00"
IOP,0.00016464,"2017-08-15 21:45:00"
IOP,0.00016464,"2017-08-15 21:50:00"
IOP,0.00016464,"2017-08-15 21:55:00"
IOP,0.00016464,"2017-08-15 22:00:00"
IOP,0.00016464,"2017-08-15 22:05:00"
IOP,0.00016464,"2017-08-15 22:10:00"
IOP,0.00016464,"2017-08-15 22:15:00"
IOP,0.00016464,"2017-08-15 22:20:00"
IOP,0.00016464,"2017-08-15 22:25:00"
IOP,0.00016464,"2017-08-15 22:30:00"
IOP,0.00016464,"2017-08-15 22:35:00"
IOP,0.00016464,"2017-08-15 22:40:00"
IOP,0.00016464,"2017-08-15 22:45:00"
IOP,0.00016464,"2017-08-15 22:50:00"
IOP,0.00015766,"2017-08-15 22:55:00"
IOP,0.00015766,"2017-08-15 23:00:00"
IOP,0.00015766,"2017-08-15 23:05:00"
IOP,0.00015766,"2017-08-15 23:10:00"
IOP,0.00015766,"2017-08-15 23:15:00"
IOP,0.00015766,"2017-08-15 23:20:00"
IOP,0.00015766,"2017-08-15 23:25:00"
IOP,0.00015766,"2017-08-15 23:30:00"
IOP,0.00015766,"2017-08-15 23:35:00"
IOP,0.00015766,"2017-08-15 23:40:00"
IOP,0.00015766,"2017-08-15 23:45:00"
IOP,0.00015766,"2017-08-15 23:50:00"
IOP,0.00015766,"2017-08-15 23:55:00"
IOP,0.00015766,"2017-08-16 00:00:00"
IOP,0.00015766,"2017-08-16 00:05:00"
IOP,0.00015766,"2017-08-16 00:10:00"
IOP,0.0001577,"2017-08-16 00:15:00"
IOP,0.00015788,"2017-08-16 00:20:00"
IOP,0.00016425,"2017-08-16 00:25:00"
IOP,0.00016425,"2017-08-16 00:30:00"
IOP,0.00016425,"2017-08-16 00:35:00"
IOP,0.00016425,"2017-08-16 00:40:00"
IOP,0.00016425,"2017-08-16 00:45:00"
IOP,0.00016425,"2017-08-16 00:50:00"
IOP,0.00016283,"2017-08-16 00:55:00"
IOP,0.00016283,"2017-08-16 01:00:00"
IOP,0.00016283,"2017-08-16 01:05:00"
IOP,0.00015908,"2017-08-16 01:10:00"
IOP,0.00015908,"2017-08-16 01:15:00"
IOP,0.00015908,"2017-08-16 01:20:00"
IOP,0.00015908,"2017-08-16 01:25:00"
IOP,0.00015908,"2017-08-16 01:30:00"
IOP,0.00015908,"2017-08-16 01:35:00"
IOP,0.00015908,"2017-08-16 01:40:00"
IOP,0.00016417,"2017-08-16 01:45:00"
IOP,0.00016417,"2017-08-16 01:50:00"
IOP,0.00016417,"2017-08-16 01:55:00"
IOP,0.00016417,"2017-08-16 02:00:00"
IOP,0.00016339,"2017-08-16 02:05:00"
IOP,0.00016339,"2017-08-16 02:10:00"
IOP,0.00015797,"2017-08-16 02:15:00"
IOP,0.00015797,"2017-08-16 02:20:00"
IOP,0.00015797,"2017-08-16 02:25:00"
IOP,0.00015797,"2017-08-16 02:30:00"
IOP,0.00015797,"2017-08-16 02:35:00"
IOP,0.00015797,"2017-08-16 02:40:00"
IOP,0.00015797,"2017-08-16 02:45:00"
IOP,0.00015797,"2017-08-16 02:50:00"
IOP,0.00015797,"2017-08-16 02:55:00"
IOP,0.00015797,"2017-08-16 03:00:00"
IOP,0.00015797,"2017-08-16 03:05:00"
IOP,0.00016297,"2017-08-16 03:10:00"
IOP,0.00016297,"2017-08-16 03:15:00"
IOP,0.00016297,"2017-08-16 03:20:00"
IOP,0.00016119,"2017-08-16 03:25:00"
IOP,0.00016119,"2017-08-16 03:30:00"
IOP,0.0001611,"2017-08-16 03:35:00"
IOP,0.0001611,"2017-08-16 03:40:00"
IOP,0.0001611,"2017-08-16 03:45:00"
IOP,0.0001611,"2017-08-16 03:50:00"
IOP,0.0001611,"2017-08-16 03:55:00"
IOP,0.0001611,"2017-08-16 04:00:00"
IOP,0.0001611,"2017-08-16 04:05:00"
IOP,0.0001611,"2017-08-16 04:10:00"
IOP,0.0001611,"2017-08-16 04:15:00"
IOP,0.0001611,"2017-08-16 04:20:00"
IOP,0.0001611,"2017-08-16 04:25:00"
IOP,0.00015797,"2017-08-16 04:30:00"
IOP,0.00015797,"2017-08-16 04:35:00"
IOP,0.00015797,"2017-08-16 04:40:00"
IOP,0.00015797,"2017-08-16 04:45:00"
IOP,0.00015797,"2017-08-16 04:50:00"
IOP,0.00015797,"2017-08-16 04:55:00"
IOP,0.00015797,"2017-08-16 05:00:00"
IOP,0.00015797,"2017-08-16 05:05:00"
IOP,0.00015797,"2017-08-16 05:10:00"
IOP,0.00015797,"2017-08-16 05:15:00"
IOP,0.00015797,"2017-08-16 05:20:00"
IOP,0.00015919,"2017-08-16 05:25:00"
IOP,0.00015919,"2017-08-16 05:30:00"
IOP,0.00015899,"2017-08-16 05:35:00"
IOP,0.00015899,"2017-08-16 05:40:00"
IOP,0.00016351,"2017-08-16 05:45:00"
IOP,0.00016351,"2017-08-16 05:50:00"
IOP,0.00016351,"2017-08-16 05:55:00"
IOP,0.00016351,"2017-08-16 06:00:00"
IOP,0.00016351,"2017-08-16 06:05:00"
IOP,0.00016351,"2017-08-16 06:10:00"
IOP,0.00016417,"2017-08-16 06:15:00"
IOP,0.00016417,"2017-08-16 06:20:00"
IOP,0.00016417,"2017-08-16 06:25:00"
IOP,0.00016417,"2017-08-16 06:30:00"
IOP,0.00016417,"2017-08-16 06:35:00"
IOP,0.00016413,"2017-08-16 06:40:00"
IOP,0.00016413,"2017-08-16 06:45:00"
IOP,0.00016413,"2017-08-16 06:50:00"
IOP,0.00016413,"2017-08-16 06:55:00"
IOP,0.00016413,"2017-08-16 07:00:00"
IOP,0.00016416,"2017-08-16 07:05:00"
IOP,0.00016415,"2017-08-16 07:10:00"
IOP,0.00016415,"2017-08-16 07:15:00"
IOP,0.00016379,"2017-08-16 07:20:00"
IOP,0.00016379,"2017-08-16 07:25:00"
IOP,0.00016379,"2017-08-16 07:30:00"
IOP,0.00016379,"2017-08-16 07:35:00"
IOP,0.00016379,"2017-08-16 07:40:00"
IOP,0.00016379,"2017-08-16 07:45:00"
IOP,0.00016379,"2017-08-16 07:50:00"
IOP,0.00016379,"2017-08-16 07:55:00"
IOP,0.00016379,"2017-08-16 08:00:00"
IOP,0.00016379,"2017-08-16 08:05:00"
IOP,0.00016379,"2017-08-16 08:10:00"
IOP,0.00016379,"2017-08-16 08:15:00"
IOP,0.00016379,"2017-08-16 08:20:00"
IOP,0.00016066,"2017-08-16 08:25:00"
IOP,0.00016066,"2017-08-16 08:30:00"
IOP,0.00016066,"2017-08-16 08:35:00"
IOP,0.00016066,"2017-08-16 08:40:00"
IOP,0.00016055,"2017-08-16 08:45:00"
IOP,0.00016055,"2017-08-16 08:50:00"
IOP,0.00016055,"2017-08-16 08:55:00"
IOP,0.00016055,"2017-08-16 09:00:00"
IOP,0.00016055,"2017-08-16 09:05:00"
IOP,0.00016055,"2017-08-16 09:10:00"
IOP,0.00016055,"2017-08-16 09:15:00"
IOP,0.00016055,"2017-08-16 09:20:00"
IOP,0.00016055,"2017-08-16 09:25:00"
IOP,0.00016055,"2017-08-16 09:30:00"
IOP,0.00016055,"2017-08-16 09:35:00"
IOP,0.00016055,"2017-08-16 09:40:00"
IOP,0.00016055,"2017-08-16 09:45:00"
IOP,0.00016055,"2017-08-16 09:50:00"
IOP,0.00016055,"2017-08-16 09:55:00"
IOP,0.00016055,"2017-08-16 10:00:00"
IOP,0.00016055,"2017-08-16 10:05:00"
IOP,0.00016055,"2017-08-16 10:10:00"
IOP,0.00016055,"2017-08-16 10:15:00"
IOP,0.00016055,"2017-08-16 10:20:00"
IOP,0.00016055,"2017-08-16 10:25:00"
IOP,0.00016055,"2017-08-16 10:30:00"
IOP,0.00016055,"2017-08-16 10:35:00"
IOP,0.00016055,"2017-08-16 10:40:00"
IOP,0.00016055,"2017-08-16 10:45:00"
IOP,0.00016372,"2017-08-16 10:50:00"
IOP,0.0001638,"2017-08-16 10:55:00"
IOP,0.0001638,"2017-08-16 11:00:00"
IOP,0.00016416,"2017-08-16 11:05:00"
IOP,0.00016416,"2017-08-16 11:10:00"
IOP,0.00016416,"2017-08-16 11:15:00"
IOP,0.00016653,"2017-08-16 11:20:00"
IOP,0.00016653,"2017-08-16 11:25:00"
IOP,0.00016653,"2017-08-16 11:30:00"
IOP,0.00016653,"2017-08-16 11:35:00"
IOP,0.00016653,"2017-08-16 11:40:00"
IOP,0.00016653,"2017-08-16 11:45:00"
IOP,0.00016128,"2017-08-16 11:50:00"
IOP,0.00016128,"2017-08-16 11:55:00"
IOP,0.00016128,"2017-08-16 12:00:00"
IOP,0.00016128,"2017-08-16 12:05:00"
IOP,0.0001651,"2017-08-16 12:10:00"
IOP,0.00016121,"2017-08-16 12:15:00"
IOP,0.00016121,"2017-08-16 12:20:00"
IOP,0.00016121,"2017-08-16 12:25:00"
IOP,0.00016121,"2017-08-16 12:30:00"
IOP,0.00016121,"2017-08-16 12:35:00"
IOP,0.00016121,"2017-08-16 12:40:00"
IOP,0.00016428,"2017-08-16 12:45:00"
IOP,0.0001664,"2017-08-16 12:50:00"
IOP,0.00016654,"2017-08-16 12:55:00"
IOP,0.00016752,"2017-08-16 13:00:00"
IOP,0.00016752,"2017-08-16 13:05:00"
IOP,0.00016782,"2017-08-16 13:10:00"
IOP,0.00016812,"2017-08-16 13:15:00"
IOP,0.00016812,"2017-08-16 13:20:00"
IOP,0.00016773,"2017-08-16 13:25:00"
IOP,0.00016755,"2017-08-16 13:30:00"
IOP,0.00016755,"2017-08-16 13:35:00"
IOP,0.00016755,"2017-08-16 13:40:00"
IOP,0.00016222,"2017-08-16 13:45:00"
IOP,0.00016222,"2017-08-16 13:50:00"
IOP,0.00016116,"2017-08-16 13:55:00"
IOP,0.00016116,"2017-08-16 14:00:00"
IOP,0.00016116,"2017-08-16 14:05:00"
IOP,0.00016116,"2017-08-16 14:10:00"
IOP,0.00016116,"2017-08-16 14:15:00"
IOP,0.00016116,"2017-08-16 14:20:00"
IOP,0.00016116,"2017-08-16 14:25:00"
IOP,0.00016116,"2017-08-16 14:30:00"
IOP,0.00016116,"2017-08-16 14:35:00"
IOP,0.00016116,"2017-08-16 14:40:00"
IOP,0.00016116,"2017-08-16 14:45:00"
IOP,0.00016484,"2017-08-16 14:50:00"
IOP,0.00016484,"2017-08-16 14:55:00"
IOP,0.00016484,"2017-08-16 15:00:00"
IOP,0.00016125,"2017-08-16 15:05:00"
IOP,0.00016484,"2017-08-16 15:10:00"
IOP,0.00016484,"2017-08-16 15:15:00"
IOP,0.00016484,"2017-08-16 15:20:00"
IOP,0.00016565,"2017-08-16 15:25:00"
IOP,0.00016603,"2017-08-16 15:30:00"
IOP,0.00016603,"2017-08-16 15:35:00"
IOP,0.00016606,"2017-08-16 15:40:00"
IOP,0.00016606,"2017-08-16 15:45:00"
IOP,0.00016606,"2017-08-16 15:50:00"
IOP,0.00016606,"2017-08-16 15:55:00"
IOP,0.00016606,"2017-08-16 16:00:00"
IOP,0.00016625,"2017-08-16 16:05:00"
IOP,0.00017,"2017-08-16 16:10:00"
IOP,0.00017001,"2017-08-16 16:15:00"
IOP,0.00016716,"2017-08-16 16:20:00"
IOP,0.00016716,"2017-08-16 16:25:00"
IOP,0.00017,"2017-08-16 16:30:00"
IOP,0.00017001,"2017-08-16 16:35:00"
IOP,0.00017234,"2017-08-16 16:40:00"
IOP,0.00017,"2017-08-16 16:45:00"
IOP,0.00017,"2017-08-16 16:50:00"
IOP,0.00017,"2017-08-16 16:55:00"
IOP,0.00017,"2017-08-16 17:00:00"
IOP,0.00017,"2017-08-16 17:05:00"
IOP,0.00017,"2017-08-16 17:10:00"
IOP,0.00017,"2017-08-16 17:15:00"
IOP,0.00017,"2017-08-16 17:20:00"
IOP,0.00017,"2017-08-16 17:25:00"
IOP,0.00017,"2017-08-16 17:30:00"
IOP,0.00017,"2017-08-16 17:35:00"
IOP,0.00017,"2017-08-16 17:40:00"
IOP,0.00017,"2017-08-16 17:45:00"
IOP,0.00017,"2017-08-16 17:50:00"
IOP,0.00017,"2017-08-16 17:55:00"
IOP,0.00017283,"2017-08-16 18:00:00"
IOP,0.00017283,"2017-08-16 18:05:00"
IOP,0.00017283,"2017-08-16 18:10:00"
IOP,0.00017283,"2017-08-16 18:15:00"
IOP,0.00017283,"2017-08-16 18:20:00"
IOP,0.00017242,"2017-08-16 18:25:00"
IOP,0.00017242,"2017-08-16 18:30:00"
IOP,0.00017242,"2017-08-16 18:35:00"
IOP,0.00017242,"2017-08-16 18:40:00"
IOP,0.00017229,"2017-08-16 18:45:00"
IOP,0.00017,"2017-08-16 18:50:00"
IOP,0.00016575,"2017-08-16 18:55:00"
IOP,0.00016575,"2017-08-16 19:00:00"
IOP,0.00017181,"2017-08-16 19:05:00"
IOP,0.00017199,"2017-08-16 19:10:00"
IOP,0.00017199,"2017-08-16 19:15:00"
IOP,0.00017199,"2017-08-16 19:20:00"
IOP,0.00017199,"2017-08-16 19:25:00"
IOP,0.00017199,"2017-08-16 19:30:00"
IOP,0.00017315,"2017-08-16 19:35:00"
IOP,0.000162,"2017-08-16 19:40:00"
IOP,0.00016468,"2017-08-16 19:45:00"
IOP,0.00016468,"2017-08-16 19:50:00"
IOP,0.00016468,"2017-08-16 19:55:00"
IOP,0.00016468,"2017-08-16 20:00:00"
IOP,0.00016673,"2017-08-16 20:05:00"
IOP,0.00016673,"2017-08-16 20:10:00"
IOP,0.0001694,"2017-08-16 20:15:00"
IOP,0.00016468,"2017-08-16 20:20:00"
IOP,0.00016468,"2017-08-16 20:25:00"
IOP,0.00016637,"2017-08-16 20:30:00"
IOP,0.00016637,"2017-08-16 20:35:00"
IOP,0.00016637,"2017-08-16 20:40:00"
IOP,0.00016637,"2017-08-16 20:45:00"
IOP,0.00016496,"2017-08-16 20:50:00"
IOP,0.000171,"2017-08-16 20:55:00"
IOP,0.00017122,"2017-08-16 21:00:00"
IOP,0.00017122,"2017-08-16 21:05:00"
IOP,0.00017122,"2017-08-16 21:10:00"
IOP,0.00017178,"2017-08-16 21:15:00"
IOP,0.00017178,"2017-08-16 21:20:00"
IOP,0.00017178,"2017-08-16 21:25:00"
IOP,0.00017178,"2017-08-16 21:30:00"
IOP,0.00017178,"2017-08-16 21:35:00"
IOP,0.00017178,"2017-08-16 21:40:00"
IOP,0.00017178,"2017-08-16 21:45:00"
IOP,0.00017178,"2017-08-16 21:50:00"
IOP,0.00016507,"2017-08-16 21:55:00"
IOP,0.000165,"2017-08-16 22:00:00"
IOP,0.00016229,"2017-08-16 22:05:00"
IOP,0.00016071,"2017-08-16 22:10:00"
IOP,0.00015766,"2017-08-16 22:15:00"
IOP,0.00015766,"2017-08-16 22:20:00"
IOP,0.00016,"2017-08-16 22:25:00"
IOP,0.00016,"2017-08-16 22:30:00"
IOP,0.00016,"2017-08-16 22:35:00"
IOP,0.00016,"2017-08-16 22:40:00"
IOP,0.00016,"2017-08-16 22:45:00"
IOP,0.00016,"2017-08-16 22:50:00"
IOP,0.00016,"2017-08-16 22:55:00"
IOP,0.00015727,"2017-08-16 23:00:00"
IOP,0.00015031,"2017-08-16 23:05:00"
IOP,0.00015164,"2017-08-16 23:10:00"
IOP,0.00015644,"2017-08-16 23:15:00"
IOP,0.00015644,"2017-08-16 23:20:00"
IOP,0.00015644,"2017-08-16 23:25:00"
IOP,0.00015644,"2017-08-16 23:30:00"
IOP,0.00015644,"2017-08-16 23:35:00"
IOP,0.00015644,"2017-08-16 23:40:00"
IOP,0.00015143,"2017-08-16 23:45:00"
IOP,0.00015144,"2017-08-16 23:50:00"
IOP,0.00015144,"2017-08-16 23:55:00"
IOP,0.00015144,"2017-08-17 00:00:00"
IOP,0.00015144,"2017-08-17 00:05:00"
IOP,0.00015445,"2017-08-17 00:10:00"
IOP,0.00015445,"2017-08-17 00:15:00"
IOP,0.00015147,"2017-08-17 00:20:00"
IOP,0.00015147,"2017-08-17 00:25:00"
IOP,0.00015147,"2017-08-17 00:30:00"
IOP,0.00015147,"2017-08-17 00:35:00"
IOP,0.00015147,"2017-08-17 00:40:00"
IOP,0.00015147,"2017-08-17 00:45:00"
IOP,0.00015147,"2017-08-17 00:50:00"
IOP,0.00015147,"2017-08-17 00:55:00"
IOP,0.00015147,"2017-08-17 01:00:00"
IOP,0.00015147,"2017-08-17 01:05:00"
IOP,0.00015649,"2017-08-17 01:10:00"
IOP,0.00015649,"2017-08-17 01:15:00"
IOP,0.00015649,"2017-08-17 01:20:00"
IOP,0.00015649,"2017-08-17 01:25:00"
IOP,0.00015898,"2017-08-17 01:30:00"
IOP,0.00015898,"2017-08-17 01:35:00"
IOP,0.00015898,"2017-08-17 01:40:00"
IOP,0.00015898,"2017-08-17 01:45:00"
IOP,0.00015898,"2017-08-17 01:50:00"
IOP,0.00015898,"2017-08-17 01:55:00"
IOP,0.00015898,"2017-08-17 02:00:00"
IOP,0.00015898,"2017-08-17 02:05:00"
IOP,0.00015898,"2017-08-17 02:10:00"
IOP,0.00015898,"2017-08-17 02:15:00"
IOP,0.00015898,"2017-08-17 02:20:00"
IOP,0.00015898,"2017-08-17 02:25:00"
IOP,0.00015898,"2017-08-17 02:30:00"
IOP,0.00015898,"2017-08-17 02:35:00"
IOP,0.00015898,"2017-08-17 02:40:00"
IOP,0.00015903,"2017-08-17 02:45:00"
IOP,0.00015903,"2017-08-17 02:50:00"
IOP,0.00015949,"2017-08-17 02:55:00"
IOP,0.00015949,"2017-08-17 03:00:00"
IOP,0.00015949,"2017-08-17 03:05:00"
IOP,0.00015949,"2017-08-17 03:10:00"
IOP,0.00015949,"2017-08-17 03:15:00"
IOP,0.00015949,"2017-08-17 03:20:00"
IOP,0.00015949,"2017-08-17 03:25:00"
IOP,0.00015949,"2017-08-17 03:30:00"
IOP,0.00015949,"2017-08-17 03:35:00"
IOP,0.00015949,"2017-08-17 03:40:00"
IOP,0.00015949,"2017-08-17 03:45:00"
IOP,0.00015949,"2017-08-17 03:50:00"
IOP,0.00015031,"2017-08-17 03:55:00"
IOP,0.00015031,"2017-08-17 04:00:00"
IOP,0.00015031,"2017-08-17 04:05:00"
IOP,0.00015031,"2017-08-17 04:10:00"
IOP,0.00015031,"2017-08-17 04:15:00"
IOP,0.00015031,"2017-08-17 04:20:00"
IOP,0.00015031,"2017-08-17 04:25:00"
IOP,0.00015031,"2017-08-17 04:30:00"
IOP,0.00015031,"2017-08-17 04:35:00"
IOP,0.00015031,"2017-08-17 04:40:00"
IOP,0.00015031,"2017-08-17 04:45:00"
IOP,0.00015675,"2017-08-17 04:50:00"
IOP,0.00015675,"2017-08-17 04:55:00"
IOP,0.00015675,"2017-08-17 05:00:00"
IOP,0.00015675,"2017-08-17 05:05:00"
IOP,0.00015675,"2017-08-17 05:10:00"
IOP,0.00015675,"2017-08-17 05:15:00"
IOP,0.00015496,"2017-08-17 05:20:00"
IOP,0.00015438,"2017-08-17 05:25:00"
IOP,0.00015002,"2017-08-17 05:30:00"
IOP,0.00015002,"2017-08-17 05:35:00"
IOP,0.00015002,"2017-08-17 05:40:00"
IOP,0.00015002,"2017-08-17 05:45:00"
IOP,0.00015002,"2017-08-17 05:50:00"
IOP,0.00015077,"2017-08-17 05:55:00"
IOP,0.00015077,"2017-08-17 06:00:00"
IOP,0.00015077,"2017-08-17 06:05:00"
IOP,0.00015077,"2017-08-17 06:10:00"
IOP,0.00015077,"2017-08-17 06:15:00"
IOP,0.00015077,"2017-08-17 06:20:00"
IOP,0.00015001,"2017-08-17 06:25:00"
IOP,0.00015001,"2017-08-17 06:30:00"
IOP,0.00015001,"2017-08-17 06:35:00"
IOP,0.00015001,"2017-08-17 06:40:00"
IOP,0.00015001,"2017-08-17 06:45:00"
IOP,0.00015001,"2017-08-17 06:50:00"
IOP,0.00015001,"2017-08-17 06:55:00"
IOP,0.00015001,"2017-08-17 07:00:00"
IOP,0.00015001,"2017-08-17 07:05:00"
IOP,0.00015001,"2017-08-17 07:10:00"
IOP,0.00015001,"2017-08-17 07:15:00"
IOP,0.00015001,"2017-08-17 07:20:00"
IOP,0.00015001,"2017-08-17 07:25:00"
IOP,0.00015001,"2017-08-17 07:30:00"
IOP,0.00015001,"2017-08-17 07:35:00"
IOP,0.00015001,"2017-08-17 07:40:00"
IOP,0.00015159,"2017-08-17 07:45:00"
IOP,0.00015594,"2017-08-17 07:50:00"
IOP,0.0001599,"2017-08-17 07:55:00"
IOP,0.00015593,"2017-08-17 08:00:00"
IOP,0.00015593,"2017-08-17 08:05:00"
IOP,0.00015593,"2017-08-17 08:10:00"
IOP,0.00015159,"2017-08-17 08:15:00"
IOP,0.00015159,"2017-08-17 08:20:00"
IOP,0.00015159,"2017-08-17 08:25:00"
IOP,0.00015159,"2017-08-17 08:30:00"
IOP,0.00015159,"2017-08-17 08:35:00"
IOP,0.00015159,"2017-08-17 08:40:00"
IOP,0.00015159,"2017-08-17 08:45:00"
IOP,0.00015159,"2017-08-17 08:50:00"
IOP,0.00015159,"2017-08-17 08:55:00"
IOP,0.00015165,"2017-08-17 09:00:00"
IOP,0.00014566,"2017-08-17 09:05:00"
IOP,0.00014566,"2017-08-17 09:10:00"
IOP,0.00014925,"2017-08-17 09:15:00"
IOP,0.00014925,"2017-08-17 09:20:00"
IOP,0.00014925,"2017-08-17 09:25:00"
IOP,0.00014925,"2017-08-17 09:30:00"
IOP,0.00014925,"2017-08-17 09:35:00"
IOP,0.00014925,"2017-08-17 09:40:00"
IOP,0.00014987,"2017-08-17 09:45:00"
IOP,0.00014988,"2017-08-17 09:50:00"
IOP,0.00014988,"2017-08-17 09:55:00"
IOP,0.00014988,"2017-08-17 10:00:00"
IOP,0.00014988,"2017-08-17 10:05:00"
IOP,0.00014631,"2017-08-17 10:10:00"
IOP,0.00014631,"2017-08-17 10:15:00"
IOP,0.00014631,"2017-08-17 10:20:00"
IOP,0.00014631,"2017-08-17 10:25:00"
IOP,0.00014631,"2017-08-17 10:30:00"
IOP,0.00014631,"2017-08-17 10:35:00"
IOP,0.00014631,"2017-08-17 10:40:00"
IOP,0.00014631,"2017-08-17 10:45:00"
IOP,0.00014631,"2017-08-17 10:50:00"
IOP,0.00015092,"2017-08-17 10:55:00"
IOP,0.00015092,"2017-08-17 11:00:00"
IOP,0.00015092,"2017-08-17 11:05:00"
IOP,0.00014534,"2017-08-17 11:10:00"
IOP,0.00014533,"2017-08-17 11:15:00"
IOP,0.00015083,"2017-08-17 11:20:00"
IOP,0.00015083,"2017-08-17 11:25:00"
IOP,0.00015986,"2017-08-17 11:30:00"
IOP,0.00015992,"2017-08-17 11:35:00"
IOP,0.00015247,"2017-08-17 11:40:00"
IOP,0.00014525,"2017-08-17 11:45:00"
IOP,0.0001517,"2017-08-17 11:50:00"
IOP,0.00015219,"2017-08-17 11:55:00"
IOP,0.00015219,"2017-08-17 12:00:00"
IOP,0.00015219,"2017-08-17 12:05:00"
IOP,0.00014851,"2017-08-17 12:10:00"
IOP,0.00015203,"2017-08-17 12:15:00"
IOP,0.00014555,"2017-08-17 12:20:00"
IOP,0.00015298,"2017-08-17 12:25:00"
IOP,0.00015298,"2017-08-17 12:30:00"
IOP,0.00015298,"2017-08-17 12:35:00"
IOP,0.00015298,"2017-08-17 12:40:00"
IOP,0.00015298,"2017-08-17 12:45:00"
IOP,0.00014555,"2017-08-17 12:50:00"
IOP,0.00014555,"2017-08-17 12:55:00"
IOP,0.00014555,"2017-08-17 13:00:00"
IOP,0.00014555,"2017-08-17 13:05:00"
IOP,0.00014555,"2017-08-17 13:10:00"
IOP,0.00014555,"2017-08-17 13:15:00"
IOP,0.00014555,"2017-08-17 13:20:00"
IOP,0.00014555,"2017-08-17 13:25:00"
IOP,0.00014652,"2017-08-17 13:30:00"
IOP,0.00014652,"2017-08-17 13:35:00"
IOP,0.00014652,"2017-08-17 13:40:00"
IOP,0.00014679,"2017-08-17 13:45:00"
IOP,0.00014655,"2017-08-17 13:50:00"
IOP,0.00014655,"2017-08-17 13:55:00"
IOP,0.00014655,"2017-08-17 14:00:00"
IOP,0.00014652,"2017-08-17 14:05:00"
IOP,0.00014652,"2017-08-17 14:10:00"
IOP,0.00014652,"2017-08-17 14:15:00"
IOP,0.00014652,"2017-08-17 14:20:00"
IOP,0.00014652,"2017-08-17 14:25:00"
IOP,0.00014652,"2017-08-17 14:30:00"
IOP,0.00014652,"2017-08-17 14:35:00"
IOP,0.00014652,"2017-08-17 14:40:00"
IOP,0.00014652,"2017-08-17 14:45:00"
IOP,0.00014652,"2017-08-17 14:50:00"
IOP,0.00014652,"2017-08-17 14:55:00"
IOP,0.00014652,"2017-08-17 15:00:00"
IOP,0.0001465,"2017-08-17 15:05:00"
IOP,0.0001465,"2017-08-17 15:10:00"
IOP,0.00014651,"2017-08-17 15:15:00"
IOP,0.00014651,"2017-08-17 15:20:00"
IOP,0.00014651,"2017-08-17 15:25:00"
IOP,0.00014651,"2017-08-17 15:30:00"
IOP,0.00014651,"2017-08-17 15:35:00"
IOP,0.00014651,"2017-08-17 15:40:00"
IOP,0.00014916,"2017-08-17 15:45:00"
IOP,0.00014916,"2017-08-17 15:50:00"
IOP,0.00014916,"2017-08-17 15:55:00"
IOP,0.00014916,"2017-08-17 16:00:00"
IOP,0.00014916,"2017-08-17 16:05:00"
IOP,0.00014914,"2017-08-17 16:10:00"
IOP,0.00014914,"2017-08-17 16:15:00"
IOP,0.00015778,"2017-08-17 16:20:00"
IOP,0.00014884,"2017-08-17 16:25:00"
IOP,0.00014884,"2017-08-17 16:30:00"
IOP,0.00015629,"2017-08-17 16:35:00"
IOP,0.00015629,"2017-08-17 16:40:00"
IOP,0.00015063,"2017-08-17 16:45:00"
IOP,0.00015063,"2017-08-17 16:50:00"
IOP,0.00015063,"2017-08-17 16:55:00"
IOP,0.00015063,"2017-08-17 17:00:00"
IOP,0.00015063,"2017-08-17 17:05:00"
IOP,0.00015179,"2017-08-17 17:10:00"
IOP,0.00015062,"2017-08-17 17:15:00"
IOP,0.00015062,"2017-08-17 17:20:00"
IOP,0.00015062,"2017-08-17 17:25:00"
IOP,0.00015062,"2017-08-17 17:30:00"
IOP,0.00015062,"2017-08-17 17:35:00"
IOP,0.00015171,"2017-08-17 17:40:00"
IOP,0.00015728,"2017-08-17 17:45:00"
IOP,0.00015728,"2017-08-17 17:50:00"
IOP,0.00015672,"2017-08-17 17:55:00"
IOP,0.00015114,"2017-08-17 18:00:00"
IOP,0.00015062,"2017-08-17 18:05:00"
IOP,0.00015062,"2017-08-17 18:10:00"
IOP,0.00015062,"2017-08-17 18:15:00"
IOP,0.00015062,"2017-08-17 18:20:00"
IOP,0.00015062,"2017-08-17 18:25:00"
IOP,0.00015062,"2017-08-17 18:30:00"
IOP,0.00015062,"2017-08-17 18:35:00"
IOP,0.00015062,"2017-08-17 18:40:00"
IOP,0.00015062,"2017-08-17 18:45:00"
IOP,0.00015062,"2017-08-17 18:50:00"
IOP,0.00015062,"2017-08-17 18:55:00"
IOP,0.00015062,"2017-08-17 19:00:00"
IOP,0.00015062,"2017-08-17 19:05:00"
IOP,0.00015557,"2017-08-17 19:10:00"
IOP,0.00015557,"2017-08-17 19:15:00"
IOP,0.00015557,"2017-08-17 19:20:00"
IOP,0.00015557,"2017-08-17 19:25:00"
IOP,0.00015205,"2017-08-17 19:30:00"
IOP,0.00015205,"2017-08-17 19:35:00"
IOP,0.00015205,"2017-08-17 19:40:00"
IOP,0.00015205,"2017-08-17 19:45:00"
IOP,0.00015204,"2017-08-17 19:50:00"
IOP,0.00015749,"2017-08-17 19:55:00"
IOP,0.00015569,"2017-08-17 20:00:00"
IOP,0.000152,"2017-08-17 20:05:00"
IOP,0.000152,"2017-08-17 20:10:00"
IOP,0.000152,"2017-08-17 20:15:00"
IOP,0.000152,"2017-08-17 20:20:00"
IOP,0.000152,"2017-08-17 20:25:00"
IOP,0.000152,"2017-08-17 20:30:00"
IOP,0.00015062,"2017-08-17 20:35:00"
IOP,0.00015062,"2017-08-17 20:40:00"
IOP,0.00015062,"2017-08-17 20:45:00"
IOP,0.00014974,"2017-08-17 20:50:00"
IOP,0.00015125,"2017-08-17 20:55:00"
IOP,0.00015125,"2017-08-17 21:00:00"
IOP,0.00015125,"2017-08-17 21:05:00"
IOP,0.00015047,"2017-08-17 21:10:00"
IOP,0.00015047,"2017-08-17 21:15:00"
IOP,0.00014661,"2017-08-17 21:20:00"
IOP,0.00014516,"2017-08-17 21:25:00"
IOP,0.00014514,"2017-08-17 21:30:00"
IOP,0.00014512,"2017-08-17 21:35:00"
IOP,0.00014755,"2017-08-17 21:40:00"
IOP,0.00014512,"2017-08-17 21:45:00"
IOP,0.00014947,"2017-08-17 21:50:00"
IOP,0.00014947,"2017-08-17 21:55:00"
IOP,0.00014947,"2017-08-17 22:00:00"
IOP,0.00014519,"2017-08-17 22:05:00"
IOP,0.00014519,"2017-08-17 22:10:00"
IOP,0.00014792,"2017-08-17 22:15:00"
IOP,0.00014792,"2017-08-17 22:20:00"
IOP,0.00014792,"2017-08-17 22:25:00"
IOP,0.00014792,"2017-08-17 22:30:00"
IOP,0.00014649,"2017-08-17 22:35:00"
IOP,0.00014649,"2017-08-17 22:40:00"
IOP,0.00014649,"2017-08-17 22:45:00"
IOP,0.00014649,"2017-08-17 22:50:00"
IOP,0.00014649,"2017-08-17 22:55:00"
IOP,0.0001465,"2017-08-17 23:00:00"
IOP,0.00014665,"2017-08-17 23:05:00"
IOP,0.00014665,"2017-08-17 23:10:00"
IOP,0.00014665,"2017-08-17 23:15:00"
IOP,0.00014665,"2017-08-17 23:20:00"
IOP,0.00014665,"2017-08-17 23:25:00"
IOP,0.00014665,"2017-08-17 23:30:00"
IOP,0.00014665,"2017-08-17 23:35:00"
IOP,0.00014665,"2017-08-17 23:40:00"
IOP,0.00014665,"2017-08-17 23:45:00"
IOP,0.0001465,"2017-08-17 23:50:00"
IOP,0.0001465,"2017-08-17 23:55:00"
IOP,0.00014508,"2017-08-18 00:00:00"
IOP,0.00014508,"2017-08-18 00:05:00"
IOP,0.00014508,"2017-08-18 00:10:00"
IOP,0.00014508,"2017-08-18 00:15:00"
IOP,0.00014506,"2017-08-18 00:20:00"
IOP,0.00014506,"2017-08-18 00:25:00"
IOP,0.00014506,"2017-08-18 00:30:00"
IOP,0.0001465,"2017-08-18 00:35:00"
IOP,0.0001465,"2017-08-18 00:40:00"
IOP,0.0001465,"2017-08-18 00:45:00"
IOP,0.0001465,"2017-08-18 00:50:00"
IOP,0.0001465,"2017-08-18 00:55:00"
IOP,0.0001465,"2017-08-18 01:00:00"
IOP,0.0001465,"2017-08-18 01:05:00"
IOP,0.0001465,"2017-08-18 01:10:00"
IOP,0.0001465,"2017-08-18 01:15:00"
IOP,0.0001465,"2017-08-18 01:20:00"
IOP,0.0001465,"2017-08-18 01:25:00"
IOP,0.0001465,"2017-08-18 01:30:00"
IOP,0.0001465,"2017-08-18 01:35:00"
IOP,0.0001465,"2017-08-18 01:40:00"
IOP,0.0001465,"2017-08-18 01:45:00"
IOP,0.0001465,"2017-08-18 01:50:00"
IOP,0.0001465,"2017-08-18 01:55:00"
IOP,0.00014546,"2017-08-18 02:00:00"
IOP,0.00014546,"2017-08-18 02:05:00"
IOP,0.00014546,"2017-08-18 02:10:00"
IOP,0.00014508,"2017-08-18 02:15:00"
IOP,0.00014724,"2017-08-18 02:20:00"
IOP,0.00014724,"2017-08-18 02:25:00"
IOP,0.00014724,"2017-08-18 02:30:00"
IOP,0.00014954,"2017-08-18 02:35:00"
IOP,0.00014994,"2017-08-18 02:40:00"
IOP,0.00014994,"2017-08-18 02:45:00"
IOP,0.00014994,"2017-08-18 02:50:00"
IOP,0.00014996,"2017-08-18 02:55:00"
IOP,0.00014996,"2017-08-18 03:00:00"
IOP,0.00016987,"2017-08-18 03:05:00"
IOP,0.00016972,"2017-08-18 03:10:00"
IOP,0.00016963,"2017-08-18 03:15:00"
IOP,0.00015669,"2017-08-18 03:20:00"
IOP,0.00015734,"2017-08-18 03:25:00"
IOP,0.00015737,"2017-08-18 03:30:00"
IOP,0.00015737,"2017-08-18 03:35:00"
IOP,0.00015598,"2017-08-18 03:40:00"
IOP,0.00014559,"2017-08-18 03:45:00"
IOP,0.00015955,"2017-08-18 03:50:00"
IOP,0.00015972,"2017-08-18 03:55:00"
IOP,0.00015972,"2017-08-18 04:00:00"
IOP,0.00015972,"2017-08-18 04:05:00"
IOP,0.00015972,"2017-08-18 04:10:00"
IOP,0.00015972,"2017-08-18 04:15:00"
IOP,0.00015972,"2017-08-18 04:20:00"
IOP,0.00015969,"2017-08-18 04:25:00"
IOP,0.00015969,"2017-08-18 04:30:00"
IOP,0.00015969,"2017-08-18 04:35:00"
IOP,0.00015969,"2017-08-18 04:40:00"
IOP,0.00015969,"2017-08-18 04:45:00"
IOP,0.00015969,"2017-08-18 04:50:00"
IOP,0.00015969,"2017-08-18 04:55:00"
IOP,0.00015969,"2017-08-18 05:00:00"
IOP,0.00015498,"2017-08-18 05:05:00"
IOP,0.00015498,"2017-08-18 05:10:00"
IOP,0.00015939,"2017-08-18 05:15:00"
IOP,0.00015939,"2017-08-18 05:20:00"
IOP,0.00015939,"2017-08-18 05:25:00"
IOP,0.00015939,"2017-08-18 05:30:00"
IOP,0.00015902,"2017-08-18 05:35:00"
IOP,0.00016084,"2017-08-18 05:40:00"
IOP,0.00016962,"2017-08-18 05:45:00"
IOP,0.00016962,"2017-08-18 05:50:00"
IOP,0.00016962,"2017-08-18 05:55:00"
IOP,0.00016962,"2017-08-18 06:00:00"
IOP,0.0001602,"2017-08-18 06:05:00"
IOP,0.00016045,"2017-08-18 06:10:00"
IOP,0.00016045,"2017-08-18 06:15:00"
IOP,0.00016045,"2017-08-18 06:20:00"
IOP,0.00016045,"2017-08-18 06:25:00"
IOP,0.00016301,"2017-08-18 06:30:00"
IOP,0.00016301,"2017-08-18 06:35:00"
IOP,0.00016301,"2017-08-18 06:40:00"
IOP,0.00016301,"2017-08-18 06:45:00"
IOP,0.00016301,"2017-08-18 06:50:00"
IOP,0.00016301,"2017-08-18 06:55:00"
IOP,0.00017179,"2017-08-18 07:00:00"
IOP,0.00017179,"2017-08-18 07:05:00"
IOP,0.00017179,"2017-08-18 07:10:00"
IOP,0.00017001,"2017-08-18 07:15:00"
IOP,0.00017001,"2017-08-18 07:20:00"
IOP,0.00017001,"2017-08-18 07:25:00"
IOP,0.00017001,"2017-08-18 07:30:00"
IOP,0.00017001,"2017-08-18 07:35:00"
IOP,0.00017179,"2017-08-18 07:40:00"
IOP,0.00017179,"2017-08-18 07:45:00"
IOP,0.00017179,"2017-08-18 07:50:00"
IOP,0.00017179,"2017-08-18 07:55:00"
IOP,0.000171,"2017-08-18 08:00:00"
IOP,0.00016012,"2017-08-18 08:05:00"
IOP,0.00016012,"2017-08-18 08:10:00"
IOP,0.00016012,"2017-08-18 08:15:00"
IOP,0.00016012,"2017-08-18 08:20:00"
IOP,0.00016011,"2017-08-18 08:25:00"
IOP,0.00016011,"2017-08-18 08:30:00"
IOP,0.00016499,"2017-08-18 08:35:00"
IOP,0.00016499,"2017-08-18 08:40:00"
IOP,0.000165,"2017-08-18 08:45:00"
IOP,0.000172,"2017-08-18 08:50:00"
IOP,0.000172,"2017-08-18 08:55:00"
IOP,0.00017557,"2017-08-18 09:00:00"
IOP,0.00017558,"2017-08-18 09:05:00"
IOP,0.00017563,"2017-08-18 09:10:00"
IOP,0.00017991,"2017-08-18 09:15:00"
IOP,0.00017565,"2017-08-18 09:20:00"
IOP,0.0001757,"2017-08-18 09:25:00"
IOP,0.0001757,"2017-08-18 09:30:00"
IOP,0.0001757,"2017-08-18 09:35:00"
IOP,0.0001757,"2017-08-18 09:40:00"
IOP,0.00017748,"2017-08-18 09:45:00"
IOP,0.00017748,"2017-08-18 09:50:00"
IOP,0.00017748,"2017-08-18 09:55:00"
IOP,0.00017748,"2017-08-18 10:00:00"
IOP,0.00017807,"2017-08-18 10:05:00"
IOP,0.00018369,"2017-08-18 10:10:00"
IOP,0.00018369,"2017-08-18 10:15:00"
IOP,0.00019001,"2017-08-18 10:20:00"
IOP,0.00019388,"2017-08-18 10:25:00"
IOP,0.00019387,"2017-08-18 10:30:00"
IOP,0.000191,"2017-08-18 10:35:00"
IOP,0.00018381,"2017-08-18 10:40:00"
IOP,0.00018381,"2017-08-18 10:45:00"
IOP,0.0001838,"2017-08-18 10:50:00"
IOP,0.00018352,"2017-08-18 10:55:00"
IOP,0.00018352,"2017-08-18 11:00:00"
IOP,0.00017862,"2017-08-18 11:05:00"
IOP,0.00017875,"2017-08-18 11:10:00"
IOP,0.00017875,"2017-08-18 11:15:00"
IOP,0.00017875,"2017-08-18 11:20:00"
IOP,0.00017857,"2017-08-18 11:25:00"
IOP,0.00017857,"2017-08-18 11:30:00"
IOP,0.00017857,"2017-08-18 11:35:00"
IOP,0.000175,"2017-08-18 11:40:00"
IOP,0.00016461,"2017-08-18 11:45:00"
IOP,0.00015022,"2017-08-18 11:50:00"
IOP,0.00016498,"2017-08-18 11:55:00"
IOP,0.00016498,"2017-08-18 12:00:00"
IOP,0.00016781,"2017-08-18 12:05:00"
IOP,0.00016781,"2017-08-18 12:10:00"
IOP,0.00016783,"2017-08-18 12:15:00"
IOP,0.00016783,"2017-08-18 12:20:00"
IOP,0.00016783,"2017-08-18 12:25:00"
IOP,0.00016783,"2017-08-18 12:30:00"
IOP,0.00016783,"2017-08-18 12:35:00"
IOP,0.00016139,"2017-08-18 12:40:00"
IOP,0.00016139,"2017-08-18 12:45:00"
IOP,0.00016139,"2017-08-18 12:50:00"
IOP,0.0001614,"2017-08-18 12:55:00"
IOP,0.0001614,"2017-08-18 13:00:00"
IOP,0.00016556,"2017-08-18 13:05:00"
IOP,0.00016556,"2017-08-18 13:10:00"
IOP,0.00016556,"2017-08-18 13:15:00"
IOP,0.0001614,"2017-08-18 13:20:00"
IOP,0.00016606,"2017-08-18 13:25:00"
IOP,0.00016606,"2017-08-18 13:30:00"
IOP,0.00016576,"2017-08-18 13:35:00"
IOP,0.00016576,"2017-08-18 13:40:00"
IOP,0.00016557,"2017-08-18 13:45:00"
IOP,0.00016557,"2017-08-18 13:50:00"
IOP,0.00016557,"2017-08-18 13:55:00"
IOP,0.00016563,"2017-08-18 14:00:00"
IOP,0.00016563,"2017-08-18 14:05:00"
IOP,0.00016563,"2017-08-18 14:10:00"
IOP,0.00016563,"2017-08-18 14:15:00"
IOP,0.00016356,"2017-09-08 17:05:00"
IOP,0.00016356,"2017-09-08 17:10:00"
IOP,0.00016356,"2017-09-08 17:15:00"
IOP,0.00016356,"2017-09-08 17:20:00"
IOP,0.00016356,"2017-09-08 17:25:00"
IOP,0.00016356,"2017-09-08 17:30:00"
IOP,0.00016356,"2017-09-08 17:35:00"
IOP,0.00015951,"2017-09-08 17:40:00"
IOP,0.00015812,"2017-09-08 17:45:00"
IOP,0.00015921,"2017-09-08 17:50:00"
IOP,0.00015965,"2017-09-08 17:55:00"
IOP,0.00015965,"2017-09-08 18:00:00"
IOP,0.00015921,"2017-09-08 18:05:00"
IOP,0.00015914,"2017-09-08 18:10:00"
IOP,0.00015911,"2017-09-08 18:15:00"
IOP,0.00015914,"2017-09-08 18:20:00"
IOP,0.00015939,"2017-09-08 18:25:00"
IOP,0.00015939,"2017-09-08 18:30:00"
IOP,0.00016047,"2017-09-08 18:35:00"
IOP,0.00015654,"2017-09-08 18:40:00"
IOP,0.00015654,"2017-09-08 18:45:00"
IOP,0.00015654,"2017-09-08 18:50:00"
IOP,0.00015654,"2017-09-08 18:55:00"
IOP,0.00015654,"2017-09-08 19:00:00"
IOP,0.00015654,"2017-09-08 19:05:00"
IOP,0.00015654,"2017-09-08 19:10:00"
IOP,0.00015654,"2017-09-08 19:15:00"
IOP,0.00015654,"2017-09-08 19:20:00"
IOP,0.00015654,"2017-09-08 19:25:00"
IOP,0.00015899,"2017-09-08 19:30:00"
IOP,0.00015899,"2017-09-08 19:35:00"
IOP,0.00015899,"2017-09-08 19:40:00"
IOP,0.00015899,"2017-09-08 19:45:00"
IOP,0.00015899,"2017-09-08 19:50:00"
IOP,0.00015899,"2017-09-08 19:55:00"
IOP,0.0001566,"2017-09-08 20:00:00"
IOP,0.0001566,"2017-09-08 20:05:00"
IOP,0.0001566,"2017-09-08 20:10:00"
IOP,0.0001566,"2017-09-08 20:15:00"
IOP,0.00015661,"2017-09-08 20:20:00"
IOP,0.00015661,"2017-09-08 20:25:00"
IOP,0.00015661,"2017-09-08 20:30:00"
IOP,0.00015661,"2017-09-08 20:35:00"
IOP,0.00015661,"2017-09-08 20:40:00"
IOP,0.00015661,"2017-09-08 20:45:00"
IOP,0.00015661,"2017-09-08 20:50:00"
IOP,0.00015672,"2017-09-08 20:55:00"
IOP,0.00015672,"2017-09-08 21:00:00"
IOP,0.00015672,"2017-09-08 21:05:00"
IOP,0.00015672,"2017-09-08 21:10:00"
IOP,0.00015672,"2017-09-08 21:15:00"
IOP,0.00015672,"2017-09-08 21:20:00"
IOP,0.00015672,"2017-09-08 21:25:00"
IOP,0.00015926,"2017-09-08 21:30:00"
IOP,0.00015926,"2017-09-08 21:35:00"
IOP,0.00015926,"2017-09-08 21:40:00"
IOP,0.00015926,"2017-09-08 21:45:00"
IOP,0.00015926,"2017-09-08 21:50:00"
IOP,0.00015926,"2017-09-08 21:55:00"
IOP,0.00015926,"2017-09-08 22:00:00"
IOP,0.00015907,"2017-09-08 22:05:00"
IOP,0.00015907,"2017-09-08 22:10:00"
IOP,0.00015907,"2017-09-08 22:15:00"
IOP,0.00015907,"2017-09-08 22:20:00"
IOP,0.00015907,"2017-09-08 22:25:00"
IOP,0.00015907,"2017-09-08 22:30:00"
IOP,0.00015907,"2017-09-08 22:35:00"
IOP,0.00015907,"2017-09-08 22:40:00"
IOP,0.00015907,"2017-09-08 22:45:00"
IOP,0.00015907,"2017-09-08 22:50:00"
IOP,0.00015907,"2017-09-08 22:55:00"
IOP,0.00015907,"2017-09-08 23:00:00"
IOP,0.00015907,"2017-09-08 23:05:00"
IOP,0.00015907,"2017-09-08 23:10:00"
IOP,0.00015907,"2017-09-08 23:15:00"
IOP,0.00015907,"2017-09-08 23:20:00"
IOP,0.00015907,"2017-09-08 23:25:00"
IOP,0.00015907,"2017-09-08 23:30:00"
IOP,0.00015907,"2017-09-08 23:35:00"
IOP,0.00015907,"2017-09-08 23:40:00"
IOP,0.00015907,"2017-09-08 23:45:00"
IOP,0.00015907,"2017-09-08 23:50:00"
IOP,0.00015907,"2017-09-08 23:55:00"
IOP,0.00015907,"2017-09-09 00:00:00"
IOP,0.00015672,"2017-09-09 00:05:00"
IOP,0.00015672,"2017-09-09 00:10:00"
IOP,0.00015672,"2017-09-09 00:15:00"
IOP,0.00015672,"2017-09-09 00:20:00"
IOP,0.00015672,"2017-09-09 00:25:00"
IOP,0.00016133,"2017-09-09 00:30:00"
IOP,0.00016133,"2017-09-09 00:35:00"
IOP,0.00016133,"2017-09-09 00:40:00"
IOP,0.00016133,"2017-09-09 00:45:00"
IOP,0.00016133,"2017-09-09 00:50:00"
IOP,0.00016133,"2017-09-09 00:55:00"
IOP,0.00016133,"2017-09-09 01:00:00"
IOP,0.00015991,"2017-09-09 01:05:00"
IOP,0.00015991,"2017-09-09 01:10:00"
IOP,0.00015991,"2017-09-09 01:15:00"
IOP,0.00015991,"2017-09-09 01:20:00"
IOP,0.00015991,"2017-09-09 01:25:00"
IOP,0.00015991,"2017-09-09 01:30:00"
IOP,0.00015991,"2017-09-09 01:35:00"
IOP,0.00015991,"2017-09-09 01:40:00"
IOP,0.00015991,"2017-09-09 01:45:00"
IOP,0.00015991,"2017-09-09 01:50:00"
IOP,0.00016134,"2017-09-09 01:55:00"
IOP,0.00016137,"2017-09-09 02:00:00"
IOP,0.00016137,"2017-09-09 02:05:00"
IOP,0.00016137,"2017-09-09 02:10:00"
IOP,0.00016137,"2017-09-09 02:15:00"
IOP,0.00015991,"2017-09-09 02:20:00"
IOP,0.00015673,"2017-09-09 02:25:00"
IOP,0.00015662,"2017-09-09 02:30:00"
IOP,0.00015654,"2017-09-09 02:35:00"
IOP,0.00015654,"2017-09-09 02:40:00"
IOP,0.00015654,"2017-09-09 02:45:00"
IOP,0.00015654,"2017-09-09 02:50:00"
IOP,0.00015654,"2017-09-09 02:55:00"
IOP,0.00015654,"2017-09-09 03:00:00"
IOP,0.00015654,"2017-09-09 03:05:00"
IOP,0.00015654,"2017-09-09 03:10:00"
IOP,0.00015654,"2017-09-09 03:15:00"
IOP,0.00015655,"2017-09-09 03:20:00"
IOP,0.00015655,"2017-09-09 03:25:00"
IOP,0.00015655,"2017-09-09 03:30:00"
IOP,0.00015655,"2017-09-09 03:35:00"
IOP,0.00015655,"2017-09-09 03:40:00"
IOP,0.00015655,"2017-09-09 03:45:00"
IOP,0.00015655,"2017-09-09 03:50:00"
IOP,0.00015655,"2017-09-09 03:55:00"
IOP,0.00015655,"2017-09-09 04:00:00"
IOP,0.0001592,"2017-09-09 04:05:00"
IOP,0.0001592,"2017-09-09 04:10:00"
IOP,0.0001592,"2017-09-09 04:15:00"
IOP,0.0001592,"2017-09-09 04:20:00"
IOP,0.0001592,"2017-09-09 04:25:00"
IOP,0.0001592,"2017-09-09 04:30:00"
IOP,0.0001592,"2017-09-09 04:35:00"
IOP,0.0001592,"2017-09-09 04:40:00"
IOP,0.0001592,"2017-09-09 04:45:00"
IOP,0.0001592,"2017-09-09 04:50:00"
IOP,0.0001592,"2017-09-09 04:55:00"
IOP,0.0001592,"2017-09-09 05:00:00"
IOP,0.0001592,"2017-09-09 05:05:00"
IOP,0.0001592,"2017-09-09 05:10:00"
IOP,0.0001592,"2017-09-09 05:15:00"
IOP,0.0001592,"2017-09-09 05:20:00"
IOP,0.0001592,"2017-09-09 05:25:00"
IOP,0.0001592,"2017-09-09 05:30:00"
IOP,0.0001592,"2017-09-09 05:35:00"
IOP,0.0001592,"2017-09-09 05:40:00"
IOP,0.0001592,"2017-09-09 05:45:00"
IOP,0.00016069,"2017-09-09 05:50:00"
IOP,0.00016069,"2017-09-09 05:55:00"
IOP,0.00016069,"2017-09-09 06:00:00"
IOP,0.00016069,"2017-09-09 06:05:00"
IOP,0.00016069,"2017-09-09 06:10:00"
IOP,0.00016069,"2017-09-09 06:15:00"
IOP,0.00015999,"2017-09-09 06:20:00"
IOP,0.00015999,"2017-09-09 06:25:00"
IOP,0.00015999,"2017-09-09 06:30:00"
IOP,0.00015999,"2017-09-09 06:35:00"
IOP,0.00015999,"2017-09-09 06:40:00"
IOP,0.00015999,"2017-09-09 06:45:00"
IOP,0.00015999,"2017-09-09 06:50:00"
IOP,0.00015999,"2017-09-09 06:55:00"
IOP,0.00015999,"2017-09-09 07:00:00"
IOP,0.00015999,"2017-09-09 07:05:00"
IOP,0.00015999,"2017-09-09 07:10:00"
IOP,0.00016137,"2017-09-09 07:15:00"
IOP,0.00016137,"2017-09-09 07:20:00"
IOP,0.00016216,"2017-09-09 07:25:00"
IOP,0.00016216,"2017-09-09 07:30:00"
IOP,0.00016216,"2017-09-09 07:35:00"
IOP,0.000162,"2017-09-09 07:40:00"
IOP,0.000162,"2017-09-09 07:45:00"
IOP,0.000162,"2017-09-09 07:50:00"
IOP,0.000162,"2017-09-09 07:55:00"
IOP,0.000162,"2017-09-09 08:00:00"
IOP,0.000162,"2017-09-09 08:05:00"
IOP,0.000162,"2017-09-09 08:10:00"
IOP,0.000162,"2017-09-09 08:15:00"
IOP,0.00016199,"2017-09-09 08:20:00"
IOP,0.00016199,"2017-09-09 08:25:00"
IOP,0.00016375,"2017-09-09 08:30:00"
IOP,0.00016375,"2017-09-09 08:35:00"
IOP,0.00016375,"2017-09-09 08:40:00"
IOP,0.00016375,"2017-09-09 08:45:00"
IOP,0.00016375,"2017-09-09 08:50:00"
IOP,0.00016375,"2017-09-09 08:55:00"
IOP,0.00016375,"2017-09-09 09:00:00"
IOP,0.00016008,"2017-09-09 09:05:00"
IOP,0.0001655,"2017-09-09 09:10:00"
IOP,0.00016589,"2017-09-09 09:15:00"
IOP,0.00016301,"2017-09-09 09:20:00"
IOP,0.00016301,"2017-09-09 09:25:00"
IOP,0.0001634,"2017-09-09 09:30:00"
IOP,0.0001634,"2017-09-09 09:35:00"
IOP,0.0001634,"2017-09-09 09:40:00"
IOP,0.00016367,"2017-09-09 09:45:00"
IOP,0.00016367,"2017-09-09 09:50:00"
IOP,0.00016367,"2017-09-09 09:55:00"
IOP,0.00016367,"2017-09-09 10:00:00"
IOP,0.00016367,"2017-09-09 10:05:00"
IOP,0.00016367,"2017-09-09 10:10:00"
IOP,0.00016026,"2017-09-09 10:15:00"
IOP,0.00016026,"2017-09-09 10:20:00"
IOP,0.00016026,"2017-09-09 10:25:00"
IOP,0.00016026,"2017-09-09 10:30:00"
IOP,0.00016026,"2017-09-09 10:35:00"
IOP,0.00016026,"2017-09-09 10:40:00"
IOP,0.00016026,"2017-09-09 10:45:00"
IOP,0.00016392,"2017-09-09 10:50:00"
IOP,0.00016392,"2017-09-09 10:55:00"
IOP,0.00016392,"2017-09-09 11:00:00"
IOP,0.00016392,"2017-09-09 11:05:00"
IOP,0.00016392,"2017-09-09 11:10:00"
IOP,0.00016392,"2017-09-09 11:15:00"
IOP,0.00016392,"2017-09-09 11:20:00"
IOP,0.00016392,"2017-09-09 11:25:00"
IOP,0.00016392,"2017-09-09 11:30:00"
IOP,0.00016392,"2017-09-09 11:35:00"
IOP,0.00016377,"2017-09-09 11:40:00"
IOP,0.00016377,"2017-09-09 11:45:00"
IOP,0.00016377,"2017-09-09 11:50:00"
IOP,0.00016377,"2017-09-09 11:55:00"
IOP,0.00016377,"2017-09-09 12:00:00"
IOP,0.00016377,"2017-09-09 12:05:00"
IOP,0.00016377,"2017-09-09 12:10:00"
IOP,0.00016377,"2017-09-09 12:15:00"
IOP,0.00016377,"2017-09-09 12:20:00"
IOP,0.00016377,"2017-09-09 12:25:00"
IOP,0.00016267,"2017-09-09 12:30:00"
IOP,0.00016267,"2017-09-09 12:35:00"
IOP,0.00016267,"2017-09-09 12:40:00"
IOP,0.00016267,"2017-09-09 12:45:00"
IOP,0.00016267,"2017-09-09 12:50:00"
IOP,0.00016249,"2017-09-09 12:55:00"
IOP,0.00016249,"2017-09-09 13:00:00"
IOP,0.00017253,"2017-09-09 13:05:00"
IOP,0.00017178,"2017-09-09 13:10:00"
IOP,0.00017583,"2017-09-09 13:15:00"
IOP,0.00017246,"2017-09-09 13:20:00"
IOP,0.00017246,"2017-09-09 13:25:00"
IOP,0.00016478,"2017-09-09 13:30:00"
IOP,0.000172,"2017-09-09 13:35:00"
IOP,0.000172,"2017-09-09 13:40:00"
IOP,0.000172,"2017-09-09 13:45:00"
IOP,0.000172,"2017-09-09 13:50:00"
IOP,0.000172,"2017-09-09 13:55:00"
IOP,0.00016174,"2017-09-09 14:00:00"
IOP,0.00016174,"2017-09-09 14:05:00"
IOP,0.00016174,"2017-09-09 14:10:00"
IOP,0.00016174,"2017-09-09 14:15:00"
IOP,0.00016174,"2017-09-09 14:20:00"
IOP,0.00016174,"2017-09-09 14:25:00"
IOP,0.00016174,"2017-09-09 14:30:00"
IOP,0.00016174,"2017-09-09 14:35:00"
IOP,0.00016174,"2017-09-09 14:40:00"
IOP,0.00016174,"2017-09-09 14:45:00"
IOP,0.00016174,"2017-09-09 14:50:00"
IOP,0.00016174,"2017-09-09 14:55:00"
IOP,0.00016616,"2017-09-09 15:00:00"
IOP,0.00016611,"2017-09-09 15:05:00"
IOP,0.00016611,"2017-09-09 15:10:00"
IOP,0.00016617,"2017-09-09 15:15:00"
IOP,0.00016739,"2017-09-09 15:20:00"
IOP,0.00016616,"2017-09-09 15:25:00"
IOP,0.00016616,"2017-09-09 15:30:00"
IOP,0.00016616,"2017-09-09 15:35:00"
IOP,0.00016922,"2017-09-09 15:40:00"
IOP,0.00016922,"2017-09-09 15:45:00"
IOP,0.00016922,"2017-09-09 15:50:00"
IOP,0.00016922,"2017-09-09 15:55:00"
IOP,0.00016922,"2017-09-09 16:00:00"
IOP,0.0001606,"2017-09-09 16:05:00"
IOP,0.0001606,"2017-09-09 16:10:00"
IOP,0.00016756,"2017-09-09 16:15:00"
IOP,0.00016708,"2017-09-09 16:20:00"
IOP,0.00016708,"2017-09-09 16:25:00"
IOP,0.00016708,"2017-09-09 16:30:00"
IOP,0.00016708,"2017-09-09 16:35:00"
IOP,0.00016106,"2017-09-09 16:40:00"
IOP,0.00016,"2017-09-09 16:45:00"
IOP,0.00016,"2017-09-09 16:50:00"
IOP,0.00016,"2017-09-09 16:55:00"
IOP,0.00016,"2017-09-09 17:00:00"
IOP,0.000164,"2017-09-09 17:05:00"
IOP,0.000162,"2017-09-09 17:10:00"
IOP,0.000162,"2017-09-09 17:15:00"
IOP,0.000162,"2017-09-09 17:20:00"
IOP,0.00016368,"2017-09-09 17:25:00"
IOP,0.00016368,"2017-09-09 17:30:00"
IOP,0.00016741,"2017-09-09 17:35:00"
IOP,0.00016835,"2017-09-09 17:40:00"
IOP,0.00016485,"2017-09-09 17:45:00"
IOP,0.00016485,"2017-09-09 17:50:00"
IOP,0.00016485,"2017-09-09 17:55:00"
IOP,0.00016485,"2017-09-09 18:00:00"
IOP,0.00016485,"2017-09-09 18:05:00"
IOP,0.00016485,"2017-09-09 18:10:00"
IOP,0.00016,"2017-09-09 18:15:00"
IOP,0.00016,"2017-09-09 18:20:00"
IOP,0.0001602,"2017-09-09 18:25:00"
IOP,0.0001602,"2017-09-09 18:30:00"
IOP,0.00016619,"2017-09-09 18:35:00"
IOP,0.00016619,"2017-09-09 18:40:00"
IOP,0.00015946,"2017-09-09 18:45:00"
IOP,0.00015946,"2017-09-09 18:50:00"
IOP,0.00015948,"2017-09-09 18:55:00"
IOP,0.00015948,"2017-09-09 19:00:00"
IOP,0.00015601,"2017-09-09 19:05:00"
IOP,0.00015601,"2017-09-09 19:10:00"
IOP,0.00015601,"2017-09-09 19:15:00"
IOP,0.00015946,"2017-09-09 19:20:00"
IOP,0.00015948,"2017-09-09 19:25:00"
IOP,0.00015948,"2017-09-09 19:30:00"
IOP,0.00015948,"2017-09-09 19:35:00"
IOP,0.00015948,"2017-09-09 19:40:00"
IOP,0.00015948,"2017-09-09 19:45:00"
IOP,0.00015948,"2017-09-09 19:50:00"
IOP,0.00015948,"2017-09-09 19:55:00"
IOP,0.00015948,"2017-09-09 20:00:00"
IOP,0.00015948,"2017-09-09 20:05:00"
IOP,0.00015948,"2017-09-09 20:10:00"
IOP,0.00015948,"2017-09-09 20:15:00"
IOP,0.00015948,"2017-09-09 20:20:00"
IOP,0.00015744,"2017-09-09 20:25:00"
IOP,0.00015744,"2017-09-09 20:30:00"
IOP,0.00015744,"2017-09-09 20:35:00"
IOP,0.00015744,"2017-09-09 20:40:00"
IOP,0.00015744,"2017-09-09 20:45:00"
IOP,0.00015744,"2017-09-09 20:50:00"
IOP,0.00015604,"2017-09-09 20:55:00"
IOP,0.00016155,"2017-09-09 21:00:00"
IOP,0.00016155,"2017-09-09 21:05:00"
IOP,0.00016154,"2017-09-09 21:10:00"
IOP,0.00015,"2017-09-09 21:15:00"
IOP,0.00014977,"2017-09-09 21:20:00"
IOP,0.00015,"2017-09-09 21:25:00"
IOP,0.00014301,"2017-09-09 21:30:00"
IOP,0.00014747,"2017-09-09 21:35:00"
IOP,0.00014747,"2017-09-09 21:40:00"
IOP,0.00014736,"2017-09-09 21:45:00"
IOP,0.00014747,"2017-09-09 21:50:00"
IOP,0.00014747,"2017-09-09 21:55:00"
IOP,0.00014747,"2017-09-09 22:00:00"
IOP,0.00014747,"2017-09-09 22:05:00"
IOP,0.00014747,"2017-09-09 22:10:00"
IOP,0.0001494,"2017-09-09 22:15:00"
IOP,0.00014947,"2017-09-09 22:20:00"
IOP,0.0001517,"2017-09-09 22:25:00"
IOP,0.00015174,"2017-09-09 22:30:00"
IOP,0.00015174,"2017-09-09 22:35:00"
IOP,0.00015201,"2017-09-09 22:40:00"
IOP,0.00015201,"2017-09-09 22:45:00"
IOP,0.00015201,"2017-09-09 22:50:00"
IOP,0.00015201,"2017-09-09 22:55:00"
IOP,0.00015201,"2017-09-09 23:00:00"
IOP,0.00015201,"2017-09-09 23:05:00"
IOP,0.0001519,"2017-09-09 23:10:00"
IOP,0.0001519,"2017-09-09 23:15:00"
IOP,0.0001519,"2017-09-09 23:20:00"
IOP,0.00014999,"2017-09-09 23:25:00"
IOP,0.00014999,"2017-09-09 23:30:00"
IOP,0.00014999,"2017-09-09 23:35:00"
IOP,0.00014999,"2017-09-09 23:40:00"
IOP,0.00014999,"2017-09-09 23:45:00"
IOP,0.00014999,"2017-09-09 23:50:00"
IOP,0.00014947,"2017-09-09 23:55:00"
IOP,0.00014947,"2017-09-10 00:00:00"
IOP,0.00014819,"2017-09-10 00:05:00"
IOP,0.00014819,"2017-09-10 00:10:00"
IOP,0.00014819,"2017-09-10 00:15:00"
IOP,0.00014819,"2017-09-10 00:20:00"
IOP,0.00014819,"2017-09-10 00:25:00"
IOP,0.00014819,"2017-09-10 00:30:00"
IOP,0.00014819,"2017-09-10 00:35:00"
IOP,0.00014819,"2017-09-10 00:40:00"
IOP,0.00014819,"2017-09-10 00:45:00"
IOP,0.00014819,"2017-09-10 00:50:00"
IOP,0.00014819,"2017-09-10 00:55:00"
IOP,0.00014819,"2017-09-10 01:00:00"
IOP,0.00014819,"2017-09-10 01:05:00"
IOP,0.00014818,"2017-09-10 01:10:00"
IOP,0.00014818,"2017-09-10 01:15:00"
IOP,0.00014819,"2017-09-10 01:20:00"
IOP,0.00014819,"2017-09-10 01:25:00"
IOP,0.00014819,"2017-09-10 01:30:00"
IOP,0.00014819,"2017-09-10 01:35:00"
IOP,0.00014819,"2017-09-10 01:40:00"
IOP,0.00014819,"2017-09-10 01:45:00"
IOP,0.00014819,"2017-09-10 01:50:00"
IOP,0.00014819,"2017-09-10 01:55:00"
IOP,0.00014826,"2017-09-10 02:00:00"
IOP,0.00014826,"2017-09-10 02:05:00"
IOP,0.00014826,"2017-09-10 02:10:00"
IOP,0.00014826,"2017-09-10 02:15:00"
IOP,0.00014826,"2017-09-10 02:20:00"
IOP,0.00014949,"2017-09-10 02:25:00"
IOP,0.00014949,"2017-09-10 02:30:00"
IOP,0.00014949,"2017-09-10 02:35:00"
IOP,0.00014949,"2017-09-10 02:40:00"
IOP,0.00014949,"2017-09-10 02:45:00"
IOP,0.00014949,"2017-09-10 02:50:00"
IOP,0.00014949,"2017-09-10 02:55:00"
IOP,0.00014949,"2017-09-10 03:00:00"
IOP,0.00014949,"2017-09-10 03:05:00"
IOP,0.00014949,"2017-09-10 03:10:00"
IOP,0.00014949,"2017-09-10 03:15:00"
IOP,0.00014949,"2017-09-10 03:20:00"
IOP,0.00014949,"2017-09-10 03:25:00"
IOP,0.00015091,"2017-09-10 03:30:00"
IOP,0.00015098,"2017-09-10 03:35:00"
IOP,0.00015184,"2017-09-10 03:40:00"
IOP,0.00015184,"2017-09-10 03:45:00"
IOP,0.00015184,"2017-09-10 03:50:00"
IOP,0.00015184,"2017-09-10 03:55:00"
IOP,0.00015184,"2017-09-10 04:00:00"
IOP,0.00015184,"2017-09-10 04:05:00"
IOP,0.00015184,"2017-09-10 04:10:00"
IOP,0.00015184,"2017-09-10 04:15:00"
IOP,0.00015184,"2017-09-10 04:20:00"
IOP,0.00015184,"2017-09-10 04:25:00"
IOP,0.00015184,"2017-09-10 04:30:00"
IOP,0.00015184,"2017-09-10 04:35:00"
IOP,0.00015184,"2017-09-10 04:40:00"
IOP,0.00015184,"2017-09-10 04:45:00"
IOP,0.00015185,"2017-09-10 04:50:00"
IOP,0.00015185,"2017-09-10 04:55:00"
IOP,0.00015185,"2017-09-10 05:00:00"
IOP,0.00015185,"2017-09-10 05:05:00"
IOP,0.00015185,"2017-09-10 05:10:00"
IOP,0.00015185,"2017-09-10 05:15:00"
IOP,0.00015204,"2017-09-10 05:20:00"
IOP,0.00015204,"2017-09-10 05:25:00"
IOP,0.00015184,"2017-09-10 05:30:00"
IOP,0.00015184,"2017-09-10 05:35:00"
IOP,0.00015184,"2017-09-10 05:40:00"
IOP,0.00015184,"2017-09-10 05:45:00"
IOP,0.00015184,"2017-09-10 05:50:00"
IOP,0.00015184,"2017-09-10 05:55:00"
IOP,0.00015184,"2017-09-10 06:00:00"
IOP,0.00015184,"2017-09-10 06:05:00"
IOP,0.00015184,"2017-09-10 06:11:00"
IOP,0.00015184,"2017-09-10 06:15:00"
IOP,0.00015184,"2017-09-10 06:20:00"
IOP,0.00015184,"2017-09-10 06:25:00"
IOP,0.00015184,"2017-09-10 06:30:00"
IOP,0.00015184,"2017-09-10 06:35:00"
IOP,0.00015184,"2017-09-10 06:40:00"
IOP,0.00015184,"2017-09-10 06:45:00"
IOP,0.00015001,"2017-09-10 06:50:00"
IOP,0.00015,"2017-09-10 06:55:00"
IOP,0.00015,"2017-09-10 07:00:00"
IOP,0.00015,"2017-09-10 07:05:00"
IOP,0.00015,"2017-09-10 07:10:00"
IOP,0.00015,"2017-09-10 07:15:00"
IOP,0.00015,"2017-09-10 07:20:00"
IOP,0.00015,"2017-09-10 07:25:00"
IOP,0.00015,"2017-09-10 07:30:00"
IOP,0.00015,"2017-09-10 07:35:00"
IOP,0.00015,"2017-09-10 07:40:00"
IOP,0.00015,"2017-09-10 07:45:00"
IOP,0.00015,"2017-09-10 07:50:00"
IOP,0.00015,"2017-09-10 07:55:00"
IOP,0.00015,"2017-09-10 08:00:00"
IOP,0.00015,"2017-09-10 08:05:00"
IOP,0.00015,"2017-09-10 08:10:00"
IOP,0.00015,"2017-09-10 08:15:00"
IOP,0.00015,"2017-09-10 08:20:00"
IOP,0.00014828,"2017-09-10 08:25:00"
IOP,0.00014828,"2017-09-10 08:30:00"
IOP,0.00015195,"2017-09-10 08:35:00"
IOP,0.00015196,"2017-09-10 08:40:00"
IOP,0.00015083,"2017-09-10 08:45:00"
IOP,0.00015083,"2017-09-10 08:50:00"
IOP,0.00015083,"2017-09-10 08:55:00"
IOP,0.00015083,"2017-09-10 09:00:00"
IOP,0.00015083,"2017-09-10 09:05:00"
IOP,0.00015083,"2017-09-10 09:10:00"
IOP,0.00015083,"2017-09-10 09:15:00"
IOP,0.00015083,"2017-09-10 09:20:00"
IOP,0.00015083,"2017-09-10 09:25:00"
IOP,0.00015083,"2017-09-10 09:30:00"
IOP,0.00015083,"2017-09-10 09:35:00"
IOP,0.00015083,"2017-09-10 09:40:00"
IOP,0.00015083,"2017-09-10 09:45:00"
IOP,0.00015083,"2017-09-10 09:50:00"
IOP,0.00015083,"2017-09-10 09:55:00"
IOP,0.00014814,"2017-09-10 10:00:00"
IOP,0.00014814,"2017-09-10 10:05:00"
IOP,0.00014814,"2017-09-10 10:10:00"
IOP,0.00014814,"2017-09-10 10:15:00"
IOP,0.0001484,"2017-09-10 10:20:00"
IOP,0.0001484,"2017-09-10 10:25:00"
IOP,0.0001484,"2017-09-10 10:30:00"
IOP,0.0001484,"2017-09-10 10:35:00"
IOP,0.0001484,"2017-09-10 10:40:00"
IOP,0.0001484,"2017-09-10 10:45:00"
IOP,0.0001484,"2017-09-10 10:50:00"
IOP,0.0001484,"2017-09-10 10:55:00"
IOP,0.0001484,"2017-09-10 11:00:00"
IOP,0.0001484,"2017-09-10 11:05:00"
IOP,0.00015148,"2017-09-10 11:10:00"
IOP,0.00015148,"2017-09-10 11:15:00"
IOP,0.00014815,"2017-09-10 11:20:00"
IOP,0.00014815,"2017-09-10 11:25:00"
IOP,0.00014832,"2017-09-10 11:30:00"
IOP,0.00014832,"2017-09-10 11:35:00"
IOP,0.00014832,"2017-09-10 11:40:00"
IOP,0.00014814,"2017-09-10 11:45:00"
IOP,0.00014814,"2017-09-10 11:50:00"
IOP,0.00014814,"2017-09-10 11:55:00"
IOP,0.00014814,"2017-09-10 12:00:00"
IOP,0.00014751,"2017-09-10 12:05:00"
IOP,0.00014751,"2017-09-10 12:10:00"
IOP,0.00014422,"2017-09-10 12:15:00"
IOP,0.00014422,"2017-09-10 12:20:00"
IOP,0.00014399,"2017-09-10 12:25:00"
IOP,0.00014399,"2017-09-10 12:30:00"
IOP,0.00014399,"2017-09-10 12:35:00"
IOP,0.00014399,"2017-09-10 12:40:00"
IOP,0.00014399,"2017-09-10 12:45:00"
IOP,0.00014399,"2017-09-10 12:50:00"
IOP,0.00014399,"2017-09-10 12:55:00"
IOP,0.00014399,"2017-09-10 13:00:00"
IOP,0.00014399,"2017-09-10 13:05:00"
IOP,0.00014399,"2017-09-10 13:10:00"
IOP,0.00014257,"2017-09-10 13:15:00"
IOP,0.00014257,"2017-09-10 13:20:00"
IOP,0.00014257,"2017-09-10 13:25:00"
IOP,0.0001455,"2017-09-10 13:30:00"
IOP,0.0001455,"2017-09-10 13:35:00"
IOP,0.00014199,"2017-09-10 13:40:00"
IOP,0.00014509,"2017-09-10 13:45:00"
IOP,0.00014509,"2017-09-10 13:50:00"
IOP,0.00014509,"2017-09-10 13:55:00"
IOP,0.00014509,"2017-09-10 14:00:00"
IOP,0.00014509,"2017-09-10 14:05:00"
IOP,0.00014509,"2017-09-10 14:10:00"
IOP,0.00014509,"2017-09-10 14:15:00"
IOP,0.00014509,"2017-09-10 14:20:00"
IOP,0.00014509,"2017-09-10 14:25:00"
IOP,0.00014509,"2017-09-10 14:30:00"
IOP,0.00014212,"2017-09-10 14:35:00"
IOP,0.00014212,"2017-09-10 14:40:00"
IOP,0.00014213,"2017-09-10 14:45:00"
IOP,0.00014213,"2017-09-10 14:50:00"
IOP,0.00014213,"2017-09-10 14:55:00"
IOP,0.00014239,"2017-09-10 15:00:00"
IOP,0.00014239,"2017-09-10 15:05:00"
IOP,0.00014239,"2017-09-10 15:10:00"
IOP,0.00014239,"2017-09-10 15:15:00"
IOP,0.00014239,"2017-09-10 15:20:00"
IOP,0.0001424,"2017-09-10 15:25:00"
IOP,0.00014476,"2017-09-10 15:30:00"
IOP,0.00014476,"2017-09-10 15:35:00"
IOP,0.00014476,"2017-09-10 15:40:00"
IOP,0.00014476,"2017-09-10 15:45:00"
IOP,0.00014251,"2017-09-10 15:50:00"
IOP,0.00014251,"2017-09-10 15:55:00"
IOP,0.00014251,"2017-09-10 16:00:00"
IOP,0.00014251,"2017-09-10 16:05:00"
IOP,0.00014251,"2017-09-10 16:10:00"
IOP,0.00014251,"2017-09-10 16:15:00"
IOP,0.0001425,"2017-09-10 16:20:00"
IOP,0.0001424,"2017-09-10 16:25:00"
IOP,0.0001424,"2017-09-10 16:30:00"
IOP,0.0001424,"2017-09-10 16:35:00"
IOP,0.0001424,"2017-09-10 16:40:00"
IOP,0.0001424,"2017-09-10 16:45:00"
IOP,0.0001424,"2017-09-10 16:50:00"
IOP,0.0001424,"2017-09-10 16:55:00"
IOP,0.0001445,"2017-09-10 17:00:00"
IOP,0.0001424,"2017-09-10 17:05:00"
IOP,0.0001424,"2017-09-10 17:10:00"
IOP,0.0001424,"2017-09-10 17:15:00"
IOP,0.00014465,"2017-09-10 17:20:00"
IOP,0.00014465,"2017-09-10 17:25:00"
IOP,0.00014465,"2017-09-10 17:30:00"
IOP,0.00014465,"2017-09-10 17:35:00"
IOP,0.00014465,"2017-09-10 17:40:00"
IOP,0.00014465,"2017-09-10 17:45:00"
IOP,0.00014465,"2017-09-10 17:50:00"
IOP,0.00014465,"2017-09-10 17:55:00"
IOP,0.00014465,"2017-09-10 18:00:00"
IOP,0.00014972,"2017-09-10 18:05:00"
IOP,0.00014965,"2017-09-10 18:10:00"
IOP,0.00014965,"2017-09-10 18:15:00"
IOP,0.00014965,"2017-09-10 18:20:00"
IOP,0.00014965,"2017-09-10 18:25:00"
IOP,0.00014965,"2017-09-10 18:30:00"
IOP,0.00014398,"2017-09-10 18:35:00"
IOP,0.00014398,"2017-09-10 18:40:00"
IOP,0.00014398,"2017-09-10 18:45:00"
IOP,0.00014686,"2017-09-10 18:50:00"
IOP,0.00014686,"2017-09-10 18:55:00"
IOP,0.00014686,"2017-09-10 19:00:00"
IOP,0.0001494,"2017-09-10 19:05:00"
IOP,0.0001494,"2017-09-10 19:10:00"
IOP,0.0001494,"2017-09-10 19:15:00"
IOP,0.0001494,"2017-09-10 19:20:00"
IOP,0.0001494,"2017-09-10 19:25:00"
IOP,0.0001494,"2017-09-10 19:30:00"
IOP,0.0001494,"2017-09-10 19:35:00"
IOP,0.0001494,"2017-09-10 19:40:00"
IOP,0.0001494,"2017-09-10 19:45:00"
IOP,0.0001494,"2017-09-10 19:50:00"
IOP,0.0001494,"2017-09-10 19:55:00"
IOP,0.0001494,"2017-09-10 20:00:00"
IOP,0.0001494,"2017-09-10 20:05:00"
IOP,0.0001494,"2017-09-10 20:10:00"
IOP,0.0001494,"2017-09-10 20:15:00"
IOP,0.0001494,"2017-09-10 20:20:00"
IOP,0.0001494,"2017-09-10 20:25:00"
IOP,0.0001494,"2017-09-10 20:30:00"
IOP,0.0001494,"2017-09-10 20:35:00"
IOP,0.0001494,"2017-09-10 20:40:00"
IOP,0.0001494,"2017-09-10 20:45:00"
IOP,0.0001494,"2017-09-10 20:50:00"
IOP,0.0001494,"2017-09-10 20:55:00"
IOP,0.0001494,"2017-09-10 21:00:00"
IOP,0.0001494,"2017-09-10 21:05:00"
IOP,0.00014941,"2017-09-10 21:10:00"
IOP,0.00014941,"2017-09-10 21:15:00"
IOP,0.00014941,"2017-09-10 21:20:00"
IOP,0.00014941,"2017-09-10 21:25:00"
IOP,0.00014941,"2017-09-10 21:30:00"
IOP,0.00014941,"2017-09-10 21:35:00"
IOP,0.00014941,"2017-09-10 21:40:00"
IOP,0.00014941,"2017-09-10 21:45:00"
IOP,0.00014941,"2017-09-10 21:50:00"
IOP,0.00014941,"2017-09-10 21:55:00"
IOP,0.0001464,"2017-09-10 22:00:00"
IOP,0.0001464,"2017-09-10 22:05:00"
IOP,0.00014375,"2017-09-10 22:10:00"
IOP,0.00014375,"2017-09-10 22:15:00"
IOP,0.00014265,"2017-09-10 22:20:00"
IOP,0.00014794,"2017-09-10 22:25:00"
IOP,0.00014794,"2017-09-10 22:30:00"
IOP,0.00014794,"2017-09-10 22:35:00"
IOP,0.00014794,"2017-09-10 22:40:00"
IOP,0.00014794,"2017-09-10 22:45:00"
IOP,0.00014794,"2017-09-10 22:50:00"
IOP,0.000145,"2017-09-10 22:55:00"
IOP,0.000145,"2017-09-10 23:00:00"
IOP,0.000145,"2017-09-10 23:05:00"
IOP,0.000145,"2017-09-10 23:10:00"
IOP,0.000145,"2017-09-10 23:15:00"
IOP,0.000145,"2017-09-10 23:20:00"
IOP,0.000145,"2017-09-10 23:25:00"
IOP,0.00014725,"2017-09-10 23:30:00"
IOP,0.00014725,"2017-09-10 23:35:00"
IOP,0.00014725,"2017-09-10 23:40:00"
IOP,0.00014725,"2017-09-10 23:45:00"
IOP,0.00014725,"2017-09-10 23:50:00"
IOP,0.00014725,"2017-09-10 23:55:00"
IOP,0.00014725,"2017-09-11 00:00:00"
IOP,0.00014725,"2017-09-11 00:05:00"
IOP,0.00014725,"2017-09-11 00:10:00"
IOP,0.00014725,"2017-09-11 00:15:00"
IOP,0.00014725,"2017-09-11 00:20:00"
IOP,0.00014725,"2017-09-11 00:25:00"
IOP,0.00014725,"2017-09-11 00:30:00"
IOP,0.00014725,"2017-09-11 00:35:00"
IOP,0.00014725,"2017-09-11 00:40:00"
IOP,0.00014725,"2017-09-11 00:45:00"
IOP,0.00014501,"2017-09-11 00:50:00"
IOP,0.00014881,"2017-09-11 00:55:00"
IOP,0.00014881,"2017-09-11 01:00:00"
IOP,0.00014881,"2017-09-11 01:05:00"
IOP,0.00014881,"2017-09-11 01:10:00"
IOP,0.00014881,"2017-09-11 01:15:00"
IOP,0.00014864,"2017-09-11 01:20:00"
IOP,0.00014864,"2017-09-11 01:25:00"
IOP,0.00014864,"2017-09-11 01:30:00"
IOP,0.00014864,"2017-09-11 01:35:00"
IOP,0.00014864,"2017-09-11 01:40:00"
IOP,0.00014864,"2017-09-11 01:45:00"
IOP,0.00014864,"2017-09-11 01:50:00"
IOP,0.00014864,"2017-09-11 01:55:00"
IOP,0.00014864,"2017-09-11 02:00:00"
IOP,0.00014864,"2017-09-11 02:05:00"
IOP,0.000148,"2017-09-11 02:10:00"
IOP,0.00014501,"2017-09-11 02:15:00"
IOP,0.00014501,"2017-09-11 02:20:00"
IOP,0.00014501,"2017-09-11 02:25:00"
IOP,0.00014501,"2017-09-11 02:30:00"
IOP,0.00014501,"2017-09-11 02:35:00"
IOP,0.00014501,"2017-09-11 02:40:00"
IOP,0.00014501,"2017-09-11 02:45:00"
IOP,0.00014501,"2017-09-11 02:50:00"
IOP,0.00014501,"2017-09-11 02:55:00"
IOP,0.00014501,"2017-09-11 03:00:00"
IOP,0.00014501,"2017-09-11 03:05:00"
IOP,0.00014501,"2017-09-11 03:10:00"
IOP,0.00014766,"2017-09-11 03:15:00"
IOP,0.00014501,"2017-09-11 03:20:00"
IOP,0.00014501,"2017-09-11 03:25:00"
IOP,0.00014501,"2017-09-11 03:30:00"
IOP,0.00014501,"2017-09-11 03:35:00"
IOP,0.00014501,"2017-09-11 03:40:00"
IOP,0.00014501,"2017-09-11 03:45:00"
IOP,0.00014501,"2017-09-11 03:50:00"
IOP,0.00014501,"2017-09-11 03:55:00"
IOP,0.00014501,"2017-09-11 04:00:00"
IOP,0.00014501,"2017-09-11 04:05:00"
IOP,0.00014501,"2017-09-11 04:10:00"
IOP,0.00014501,"2017-09-11 04:15:00"
IOP,0.00014501,"2017-09-11 04:20:00"
IOP,0.00014502,"2017-09-11 04:25:00"
IOP,0.00014502,"2017-09-11 04:30:00"
IOP,0.00014502,"2017-09-11 04:35:00"
IOP,0.00014502,"2017-09-11 04:40:00"
IOP,0.00014502,"2017-09-11 04:45:00"
IOP,0.00014502,"2017-09-11 04:50:00"
IOP,0.00014502,"2017-09-11 04:55:00"
IOP,0.00014502,"2017-09-11 05:00:00"
IOP,0.00014502,"2017-09-11 05:05:00"
IOP,0.00014502,"2017-09-11 05:10:00"
IOP,0.00014502,"2017-09-11 05:15:00"
IOP,0.00014502,"2017-09-11 05:20:00"
IOP,0.00014502,"2017-09-11 05:25:00"
IOP,0.00014502,"2017-09-11 05:30:00"
IOP,0.000145,"2017-09-11 05:35:00"
IOP,0.000145,"2017-09-11 05:40:00"
IOP,0.000145,"2017-09-11 05:45:00"
IOP,0.000145,"2017-09-11 05:50:00"
IOP,0.000145,"2017-09-11 05:55:00"
IOP,0.000145,"2017-09-11 06:00:00"
IOP,0.000145,"2017-09-11 06:05:00"
IOP,0.000145,"2017-09-11 06:10:00"
IOP,0.00014,"2017-09-11 06:15:00"
IOP,0.00014,"2017-09-11 06:20:00"
IOP,0.0001442,"2017-09-11 06:25:00"
IOP,0.0001442,"2017-09-11 06:30:00"
IOP,0.00014677,"2017-09-11 06:35:00"
IOP,0.00013912,"2017-09-11 06:40:00"
IOP,0.00013912,"2017-09-11 06:45:00"
IOP,0.00013912,"2017-09-11 06:50:00"
IOP,0.00013912,"2017-09-11 06:55:00"
IOP,0.00013912,"2017-09-11 07:00:00"
IOP,0.0001448,"2017-09-11 07:05:00"
IOP,0.00014206,"2017-09-11 07:10:00"
IOP,0.0001426,"2017-09-11 07:15:00"
IOP,0.0001426,"2017-09-11 07:20:00"
IOP,0.0001426,"2017-09-11 07:25:00"
IOP,0.00014485,"2017-09-11 07:30:00"
IOP,0.00014485,"2017-09-11 07:35:00"
IOP,0.00014204,"2017-09-11 07:40:00"
IOP,0.00014204,"2017-09-11 07:45:00"
IOP,0.00014204,"2017-09-11 07:50:00"
IOP,0.00014204,"2017-09-11 07:55:00"
IOP,0.00014204,"2017-09-11 08:00:00"
IOP,0.00014204,"2017-09-11 08:05:00"
IOP,0.00014204,"2017-09-11 08:10:00"
IOP,0.00014204,"2017-09-11 08:15:00"
IOP,0.00014204,"2017-09-11 08:20:00"
IOP,0.000141,"2017-09-11 08:25:00"
IOP,0.000141,"2017-09-11 08:30:00"
IOP,0.000141,"2017-09-11 08:35:00"
IOP,0.000141,"2017-09-11 08:40:00"
IOP,0.000141,"2017-09-11 08:45:00"
IOP,0.000141,"2017-09-11 08:50:00"
IOP,0.000141,"2017-09-11 08:55:00"
IOP,0.000141,"2017-09-11 09:00:00"
IOP,0.000141,"2017-09-11 09:05:00"
IOP,0.000141,"2017-09-11 09:10:00"
IOP,0.00014,"2017-09-11 09:15:00"
IOP,0.00014,"2017-09-11 09:20:00"
IOP,0.00014,"2017-09-11 09:25:00"
IOP,0.00014,"2017-09-11 09:30:00"
IOP,0.00014099,"2017-09-11 09:35:00"
IOP,0.00014714,"2017-09-11 09:40:00"
IOP,0.00014714,"2017-09-11 09:45:00"
IOP,0.00014714,"2017-09-11 09:50:00"
IOP,0.00014714,"2017-09-11 09:55:00"
IOP,0.00014714,"2017-09-11 10:00:00"
IOP,0.00014305,"2017-09-11 10:05:00"
IOP,0.00014305,"2017-09-11 10:10:00"
IOP,0.00014305,"2017-09-11 10:15:00"
IOP,0.00014305,"2017-09-11 10:20:00"
IOP,0.00014305,"2017-09-11 10:25:00"
IOP,0.000146,"2017-09-11 10:30:00"
IOP,0.000146,"2017-09-11 10:35:00"
IOP,0.000146,"2017-09-11 10:40:00"
IOP,0.000146,"2017-09-11 10:45:00"
IOP,0.000146,"2017-09-11 10:50:00"
IOP,0.000146,"2017-09-11 10:55:00"
IOP,0.000146,"2017-09-11 11:00:00"
IOP,0.00014733,"2017-09-11 11:05:00"
IOP,0.00014733,"2017-09-11 11:10:00"
IOP,0.00014733,"2017-09-11 11:15:00"
IOP,0.00014733,"2017-09-11 11:20:00"
IOP,0.00014733,"2017-09-11 11:25:00"
IOP,0.00014733,"2017-09-11 11:30:00"
IOP,0.00014733,"2017-09-11 11:35:00"
IOP,0.00014733,"2017-09-11 11:40:00"
IOP,0.00014733,"2017-09-11 11:45:00"
IOP,0.00014733,"2017-09-11 11:50:00"
IOP,0.00014719,"2017-09-11 11:55:00"
IOP,0.00014719,"2017-09-11 12:00:00"
IOP,0.00014719,"2017-09-11 12:05:00"
IOP,0.000146,"2017-09-11 12:10:00"
IOP,0.000146,"2017-09-11 12:15:00"
IOP,0.000146,"2017-09-11 12:20:00"
IOP,0.000146,"2017-09-11 12:25:00"
IOP,0.000146,"2017-09-11 12:30:00"
IOP,0.000146,"2017-09-11 12:35:00"
IOP,0.000146,"2017-09-11 12:40:00"
IOP,0.000146,"2017-09-11 12:45:00"
IOP,0.000146,"2017-09-11 12:50:00"
IOP,0.000146,"2017-09-11 12:55:00"
IOP,0.000146,"2017-09-11 13:00:00"
IOP,0.000146,"2017-09-11 13:05:00"
IOP,0.000146,"2017-09-11 13:10:00"
IOP,0.000146,"2017-09-11 13:15:00"
IOP,0.000146,"2017-09-11 13:20:00"
IOP,0.00014719,"2017-09-11 13:25:00"
IOP,0.00014719,"2017-09-11 13:30:00"
IOP,0.00014719,"2017-09-11 13:35:00"
IOP,0.00014899,"2017-09-11 13:40:00"
IOP,0.00014899,"2017-09-11 13:45:00"
IOP,0.00014899,"2017-09-11 13:50:00"
IOP,0.00014894,"2017-09-11 13:55:00"
IOP,0.00014894,"2017-09-11 14:00:00"
IOP,0.00014637,"2017-09-11 14:05:00"
IOP,0.00014876,"2017-09-11 14:10:00"
IOP,0.000146,"2017-09-11 14:15:00"
IOP,0.000146,"2017-09-11 14:20:00"
IOP,0.00014842,"2017-09-11 14:25:00"
IOP,0.00014842,"2017-09-11 14:30:00"
IOP,0.00014842,"2017-09-11 14:35:00"
IOP,0.00014842,"2017-09-11 14:40:00"
IOP,0.00014842,"2017-09-11 14:45:00"
IOP,0.00014842,"2017-09-11 14:50:00"
IOP,0.00014842,"2017-09-11 14:55:00"
IOP,0.00014842,"2017-09-11 15:00:00"
IOP,0.00014829,"2017-09-11 15:05:00"
IOP,0.000146,"2017-09-11 15:10:00"
IOP,0.000146,"2017-09-11 15:15:00"
IOP,0.000146,"2017-09-11 15:20:00"
IOP,0.000146,"2017-09-11 15:25:00"
IOP,0.000146,"2017-09-11 15:30:00"
IOP,0.00014833,"2017-09-11 15:35:00"
IOP,0.00014833,"2017-09-11 15:40:00"
IOP,0.00014833,"2017-09-11 15:45:00"
IOP,0.00014833,"2017-09-11 15:50:00"
IOP,0.00014833,"2017-09-11 15:55:00"
IOP,0.00014836,"2017-09-11 16:00:00"
IOP,0.00014836,"2017-09-11 16:05:00"
IOP,0.00014836,"2017-09-11 16:10:00"
IOP,0.00014836,"2017-09-11 16:15:00"
IOP,0.00014836,"2017-09-11 16:20:00"
IOP,0.00014836,"2017-09-11 16:25:00"
IOP,0.00014836,"2017-09-11 16:30:00"
IOP,0.00014836,"2017-09-11 16:35:00"
IOP,0.00014836,"2017-09-11 16:40:00"
IOP,0.00014836,"2017-09-11 16:45:00"
IOP,0.00014836,"2017-09-11 16:50:00"
IOP,0.000147,"2017-09-11 16:55:00"
IOP,0.000147,"2017-09-11 17:00:00"
IOP,0.00015192,"2017-09-11 17:05:00"
IOP,0.00015208,"2017-09-11 17:10:00"
IOP,0.00015275,"2017-09-11 17:15:00"
IOP,0.00014941,"2017-09-11 17:20:00"
IOP,0.00014941,"2017-09-11 17:25:00"
IOP,0.00014941,"2017-09-11 17:30:00"
IOP,0.00014941,"2017-09-11 17:35:00"
IOP,0.00014941,"2017-09-11 17:40:00"
IOP,0.00014941,"2017-09-11 17:45:00"
IOP,0.00014941,"2017-09-11 17:50:00"
IOP,0.00015721,"2017-09-11 17:55:00"
IOP,0.00015072,"2017-09-11 18:00:00"
IOP,0.00015072,"2017-09-11 18:05:00"
IOP,0.00015133,"2017-09-11 18:10:00"
IOP,0.00015133,"2017-09-11 18:15:00"
IOP,0.00015133,"2017-09-11 18:20:00"
IOP,0.00015172,"2017-09-11 18:25:00"
IOP,0.00015172,"2017-09-11 18:30:00"
IOP,0.00015172,"2017-09-11 18:35:00"
IOP,0.00015172,"2017-09-11 18:40:00"
IOP,0.00015157,"2017-09-11 18:45:00"
IOP,0.00015025,"2017-09-11 18:50:00"
IOP,0.00015025,"2017-09-11 18:55:00"
IOP,0.00015025,"2017-09-11 19:00:00"
IOP,0.00015025,"2017-09-11 19:05:00"
IOP,0.00015025,"2017-09-11 19:10:00"
IOP,0.00015025,"2017-09-11 19:15:00"
IOP,0.00015025,"2017-09-11 19:20:00"
IOP,0.00015025,"2017-09-11 19:25:00"
IOP,0.00015152,"2017-09-11 19:30:00"
IOP,0.00015152,"2017-09-11 19:35:00"
IOP,0.00015152,"2017-09-11 19:40:00"
IOP,0.00015152,"2017-09-11 19:45:00"
IOP,0.00015152,"2017-09-11 19:50:00"
IOP,0.00015153,"2017-09-11 19:55:00"
IOP,0.00015153,"2017-09-11 20:00:00"
IOP,0.00015153,"2017-09-11 20:05:00"
IOP,0.00015153,"2017-09-11 20:10:00"
IOP,0.00015153,"2017-09-11 20:15:00"
IOP,0.00015153,"2017-09-11 20:20:00"
IOP,0.00015153,"2017-09-11 20:25:00"
IOP,0.00015153,"2017-09-11 20:30:00"
IOP,0.00015153,"2017-09-11 20:35:00"
IOP,0.00015153,"2017-09-11 20:40:00"
IOP,0.00015025,"2017-09-11 20:45:00"
IOP,0.00015152,"2017-09-11 20:50:00"
IOP,0.00015152,"2017-09-11 20:55:00"
IOP,0.00015152,"2017-09-11 21:00:00"
IOP,0.00015152,"2017-09-11 21:05:00"
IOP,0.00015151,"2017-09-11 21:10:00"
IOP,0.00015151,"2017-09-11 21:15:00"
IOP,0.00015151,"2017-09-11 21:20:00"
IOP,0.00015151,"2017-09-11 21:25:00"
IOP,0.00015151,"2017-09-11 21:30:00"
IOP,0.00015151,"2017-09-11 21:35:00"
IOP,0.00015151,"2017-09-11 21:40:00"
IOP,0.00015151,"2017-09-11 21:45:00"
IOP,0.00014942,"2017-09-11 21:50:00"
IOP,0.00014942,"2017-09-11 21:55:00"
IOP,0.00014942,"2017-09-11 22:00:00"
IOP,0.00015,"2017-09-11 22:05:00"
IOP,0.00015,"2017-09-11 22:10:00"
IOP,0.00015,"2017-09-11 22:15:00"
IOP,0.00015,"2017-09-11 22:20:00"
IOP,0.00015,"2017-09-11 22:25:00"
IOP,0.00015,"2017-09-11 22:30:00"
IOP,0.00015152,"2017-09-11 22:35:00"
IOP,0.00015152,"2017-09-11 22:40:00"
IOP,0.00015,"2017-09-11 22:45:00"
IOP,0.00015,"2017-09-11 22:50:00"
IOP,0.00015,"2017-09-11 22:55:00"
IOP,0.00015152,"2017-09-11 23:00:00"
IOP,0.00015152,"2017-09-11 23:05:00"
IOP,0.00015152,"2017-09-11 23:10:00"
IOP,0.00015152,"2017-09-11 23:15:00"
IOP,0.00015153,"2017-09-11 23:20:00"
IOP,0.00015153,"2017-09-11 23:25:00"
IOP,0.00015153,"2017-09-11 23:30:00"
IOP,0.00015152,"2017-09-11 23:35:00"
IOP,0.00015152,"2017-09-11 23:40:00"
IOP,0.00015152,"2017-09-11 23:45:00"
IOP,0.00015152,"2017-09-11 23:50:00"
IOP,0.00015152,"2017-09-11 23:55:00"
IOP,0.00015152,"2017-09-12 00:00:00"
IOP,0.00015152,"2017-09-12 00:05:00"
IOP,0.00015152,"2017-09-12 00:10:00"
IOP,0.00015152,"2017-09-12 00:15:00"
IOP,0.00015152,"2017-09-12 00:20:00"
IOP,0.00015152,"2017-09-12 00:25:00"
IOP,0.00015,"2017-09-12 00:30:00"
IOP,0.00015,"2017-09-12 00:35:00"
IOP,0.00015,"2017-09-12 00:40:00"
IOP,0.00015,"2017-09-12 00:45:00"
IOP,0.00015,"2017-09-12 00:50:00"
IOP,0.00015,"2017-09-12 00:55:00"
IOP,0.0001516,"2017-09-12 01:00:00"
IOP,0.0001516,"2017-09-12 01:05:00"
IOP,0.0001516,"2017-09-12 01:10:00"
IOP,0.0001516,"2017-09-12 01:15:00"
IOP,0.0001516,"2017-09-12 01:20:00"
IOP,0.000152,"2017-09-12 01:25:00"
IOP,0.000152,"2017-09-12 01:30:00"
IOP,0.000152,"2017-09-12 01:35:00"
IOP,0.000152,"2017-09-12 01:40:00"
IOP,0.0001516,"2017-09-12 01:45:00"
IOP,0.0001516,"2017-09-12 01:50:00"
IOP,0.0001516,"2017-09-12 01:55:00"
IOP,0.0001516,"2017-09-12 02:00:00"
IOP,0.0001516,"2017-09-12 02:05:00"
IOP,0.0001516,"2017-09-12 02:10:00"
IOP,0.0001516,"2017-09-12 02:15:00"
IOP,0.0001516,"2017-09-12 02:20:00"
IOP,0.0001516,"2017-09-12 02:25:00"
IOP,0.0001516,"2017-09-12 02:30:00"
IOP,0.0001516,"2017-09-12 02:35:00"
IOP,0.0001516,"2017-09-12 02:40:00"
IOP,0.000152,"2017-09-12 02:45:00"
IOP,0.000152,"2017-09-12 02:50:00"
IOP,0.000152,"2017-09-12 02:55:00"
IOP,0.000152,"2017-09-12 03:00:00"
IOP,0.000152,"2017-09-12 03:05:00"
IOP,0.000152,"2017-09-12 03:10:00"
IOP,0.000152,"2017-09-12 03:15:00"
IOP,0.000152,"2017-09-12 03:20:00"
IOP,0.000152,"2017-09-12 03:25:00"
IOP,0.000152,"2017-09-12 03:30:00"
IOP,0.000152,"2017-09-12 03:35:00"
IOP,0.00015677,"2017-09-12 03:40:00"
IOP,0.0001584,"2017-09-12 03:45:00"
IOP,0.00016,"2017-09-12 03:50:00"
IOP,0.0001584,"2017-09-12 03:55:00"
IOP,0.00016,"2017-09-12 04:00:00"
IOP,0.00016,"2017-09-12 04:05:00"
IOP,0.00016,"2017-09-12 04:10:00"
IOP,0.0001584,"2017-09-12 04:15:00"
IOP,0.000156,"2017-09-12 04:20:00"
IOP,0.00014904,"2017-09-12 04:25:00"
IOP,0.00014904,"2017-09-12 04:30:00"
IOP,0.00015013,"2017-09-12 04:35:00"
IOP,0.00015013,"2017-09-12 04:40:00"
IOP,0.00015599,"2017-09-12 04:45:00"
IOP,0.00014905,"2017-09-12 04:50:00"
IOP,0.00014905,"2017-09-12 04:55:00"
IOP,0.00014905,"2017-09-12 05:00:00"
IOP,0.00014905,"2017-09-12 05:05:00"
IOP,0.00014905,"2017-09-12 05:10:00"
IOP,0.00014905,"2017-09-12 05:15:00"
IOP,0.00014905,"2017-09-12 05:20:00"
IOP,0.00014905,"2017-09-12 05:25:00"
IOP,0.00014905,"2017-09-12 05:30:00"
IOP,0.00014905,"2017-09-12 05:35:00"
IOP,0.00014905,"2017-09-12 05:40:00"
IOP,0.00014905,"2017-09-12 05:45:00"
IOP,0.00014905,"2017-09-12 05:50:00"
IOP,0.00014905,"2017-09-12 05:55:00"
IOP,0.00015598,"2017-09-12 06:00:00"
IOP,0.00015598,"2017-09-12 06:05:00"
IOP,0.00016289,"2017-09-12 06:10:00"
IOP,0.0001631,"2017-09-12 06:15:00"
IOP,0.000163,"2017-09-12 06:20:00"
IOP,0.00016299,"2017-09-12 06:25:00"
IOP,0.00016299,"2017-09-12 06:30:00"
IOP,0.00016299,"2017-09-12 06:35:00"
IOP,0.00016299,"2017-09-12 06:40:00"
IOP,0.00016,"2017-09-12 06:45:00"
IOP,0.00016306,"2017-09-12 06:50:00"
IOP,0.00015378,"2017-09-12 06:55:00"
IOP,0.00015425,"2017-09-12 07:00:00"
IOP,0.00016169,"2017-09-12 07:05:00"
IOP,0.00015544,"2017-09-12 07:10:00"
IOP,0.00015946,"2017-09-12 07:15:00"
IOP,0.00015946,"2017-09-12 07:20:00"
IOP,0.00015946,"2017-09-12 07:25:00"
IOP,0.00015946,"2017-09-12 07:30:00"
IOP,0.00015946,"2017-09-12 07:35:00"
IOP,0.00015946,"2017-09-12 07:40:00"
IOP,0.00015337,"2017-09-12 07:45:00"
IOP,0.00015337,"2017-09-12 07:50:00"
IOP,0.00015337,"2017-09-12 07:55:00"
IOP,0.00015337,"2017-09-12 08:00:00"
IOP,0.0001518,"2017-09-12 08:05:00"
IOP,0.0001518,"2017-09-12 08:10:00"
IOP,0.0001504,"2017-09-12 08:15:00"
IOP,0.0001504,"2017-09-12 08:20:00"
IOP,0.0001504,"2017-09-12 08:25:00"
IOP,0.00015287,"2017-09-12 08:30:00"
IOP,0.00015287,"2017-09-12 08:35:00"
IOP,0.00015337,"2017-09-12 08:40:00"
IOP,0.00015337,"2017-09-12 08:45:00"
IOP,0.00015122,"2017-09-12 08:50:00"
IOP,0.00015337,"2017-09-12 08:55:00"
IOP,0.00015337,"2017-09-12 09:00:00"
IOP,0.00015337,"2017-09-12 09:05:00"
IOP,0.00015337,"2017-09-12 09:10:00"
IOP,0.00015337,"2017-09-12 09:15:00"
IOP,0.00015337,"2017-09-12 09:20:00"
IOP,0.00015524,"2017-09-12 09:25:00"
IOP,0.00015524,"2017-09-12 09:30:00"
IOP,0.00015524,"2017-09-12 09:35:00"
IOP,0.00015524,"2017-09-12 09:40:00"
IOP,0.00015524,"2017-09-12 09:45:00"
IOP,0.00015524,"2017-09-12 09:50:00"
IOP,0.00015524,"2017-09-12 09:55:00"
IOP,0.00015527,"2017-09-12 10:00:00"
IOP,0.00015527,"2017-09-12 10:05:00"
IOP,0.00015527,"2017-09-12 10:10:00"
IOP,0.00015527,"2017-09-12 10:15:00"
IOP,0.00015527,"2017-09-12 10:20:00"
IOP,0.00015527,"2017-09-12 10:25:00"
IOP,0.00015557,"2017-09-12 10:30:00"
IOP,0.00015548,"2017-09-12 10:35:00"
IOP,0.00015548,"2017-09-12 10:40:00"
IOP,0.00015548,"2017-09-12 10:45:00"
IOP,0.00015548,"2017-09-12 10:50:00"
IOP,0.00015548,"2017-09-12 10:55:00"
IOP,0.00015548,"2017-09-12 11:00:00"
IOP,0.00015543,"2017-09-12 11:05:00"
IOP,0.00015543,"2017-09-12 11:10:00"
IOP,0.00015543,"2017-09-12 11:15:00"
IOP,0.00015543,"2017-09-12 11:20:00"
IOP,0.00015543,"2017-09-12 11:25:00"
IOP,0.000156,"2017-09-12 11:30:00"
IOP,0.00015299,"2017-09-12 11:35:00"
IOP,0.00015166,"2017-09-12 11:40:00"
IOP,0.00015525,"2017-09-12 11:45:00"
IOP,0.00015525,"2017-09-12 11:50:00"
IOP,0.00015525,"2017-09-12 11:55:00"
IOP,0.00015157,"2017-09-12 12:00:00"
IOP,0.00015157,"2017-09-12 12:05:00"
IOP,0.00015157,"2017-09-12 12:10:00"
IOP,0.00015157,"2017-09-12 12:15:00"
IOP,0.00015157,"2017-09-12 12:20:00"
IOP,0.00015157,"2017-09-12 12:25:00"
IOP,0.00015157,"2017-09-12 12:30:00"
IOP,0.00015157,"2017-09-12 12:35:00"
IOP,0.00015666,"2017-09-12 12:40:00"
IOP,0.00015945,"2017-09-12 12:45:00"
IOP,0.00015945,"2017-09-12 12:50:00"
IOP,0.00015945,"2017-09-12 12:55:00"
IOP,0.00015945,"2017-09-12 13:00:00"
IOP,0.00015945,"2017-09-12 13:05:00"
IOP,0.00015945,"2017-09-12 13:10:00"
IOP,0.00015945,"2017-09-12 13:15:00"
IOP,0.00015945,"2017-09-12 13:20:00"
IOP,0.00015945,"2017-09-12 13:25:00"
IOP,0.000156,"2017-09-12 13:30:00"
IOP,0.000156,"2017-09-12 13:35:00"
IOP,0.000156,"2017-09-12 13:40:00"
IOP,0.000156,"2017-09-12 13:45:00"
IOP,0.000156,"2017-09-12 13:50:00"
IOP,0.00014762,"2017-09-12 13:55:00"
IOP,0.00014762,"2017-09-12 14:00:00"
IOP,0.00015398,"2017-09-12 14:05:00"
IOP,0.00015362,"2017-09-12 14:10:00"
IOP,0.00015314,"2017-09-12 14:15:00"
IOP,0.00015314,"2017-09-12 14:20:00"
IOP,0.00015314,"2017-09-12 14:25:00"
IOP,0.0001559,"2017-09-12 14:30:00"
IOP,0.0001559,"2017-09-12 14:35:00"
IOP,0.0001559,"2017-09-12 14:40:00"
IOP,0.0001559,"2017-09-12 14:45:00"
IOP,0.0001559,"2017-09-12 14:50:00"
IOP,0.0001559,"2017-09-12 14:55:00"
IOP,0.0001559,"2017-09-12 15:00:00"
IOP,0.0001559,"2017-09-12 15:05:00"
IOP,0.0001559,"2017-09-12 15:10:00"
IOP,0.00015599,"2017-09-12 15:15:00"
IOP,0.00015599,"2017-09-12 15:20:00"
IOP,0.00015599,"2017-09-12 15:25:00"
IOP,0.00015599,"2017-09-12 15:30:00"
IOP,0.00015599,"2017-09-12 15:35:00"
IOP,0.00015599,"2017-09-12 15:40:00"
IOP,0.00015599,"2017-09-12 15:45:00"
IOP,0.00015,"2017-09-12 15:50:00"
IOP,0.00015001,"2017-09-12 15:55:00"
IOP,0.00015001,"2017-09-12 16:00:00"
IOP,0.00015001,"2017-09-12 16:05:00"
IOP,0.00015001,"2017-09-12 16:10:00"
IOP,0.00015001,"2017-09-12 16:15:00"
IOP,0.00015005,"2017-09-12 16:20:00"
IOP,0.00015414,"2017-09-12 16:25:00"
IOP,0.00015375,"2017-09-12 16:30:00"
IOP,0.00015375,"2017-09-12 16:35:00"
IOP,0.00015117,"2017-09-12 16:40:00"
IOP,0.00015,"2017-09-12 16:45:00"
IOP,0.00015,"2017-09-12 16:50:00"
IOP,0.00015398,"2017-09-12 16:55:00"
IOP,0.00015398,"2017-09-12 17:00:00"
IOP,0.00016964,"2017-09-12 17:05:00"
IOP,0.00015616,"2017-09-12 17:10:00"
IOP,0.00015849,"2017-09-12 17:15:00"
IOP,0.00015622,"2017-09-12 17:20:00"
IOP,0.00015001,"2017-09-12 17:25:00"
IOP,0.00015208,"2017-09-12 17:30:00"
IOP,0.00015229,"2017-09-12 17:35:00"
IOP,0.00015229,"2017-09-12 17:40:00"
IOP,0.00015202,"2017-09-12 17:45:00"
IOP,0.00015173,"2017-09-12 17:50:00"
IOP,0.00015173,"2017-09-12 17:55:00"
IOP,0.00015176,"2017-09-12 18:00:00"
IOP,0.0001517,"2017-09-12 18:05:00"
IOP,0.00015,"2017-09-12 18:10:00"
IOP,0.00015214,"2017-09-12 18:15:00"
IOP,0.00015214,"2017-09-12 18:20:00"
IOP,0.00015214,"2017-09-12 18:25:00"
IOP,0.00015177,"2017-09-12 18:30:00"
IOP,0.00014673,"2017-09-12 18:35:00"
IOP,0.00014673,"2017-09-12 18:40:00"
IOP,0.00015002,"2017-09-12 18:45:00"
IOP,0.00015002,"2017-09-12 18:50:00"
IOP,0.00015002,"2017-09-12 18:55:00"
IOP,0.00015101,"2017-09-12 19:00:00"
IOP,0.00015101,"2017-09-12 19:05:00"
IOP,0.00015215,"2017-09-12 19:10:00"
IOP,0.00014806,"2017-09-12 19:15:00"
IOP,0.00014705,"2017-09-12 19:20:00"
IOP,0.00014705,"2017-09-12 19:25:00"
IOP,0.00015191,"2017-09-12 19:30:00"
IOP,0.00014701,"2017-09-12 19:35:00"
IOP,0.00014701,"2017-09-12 19:40:00"
IOP,0.00014701,"2017-09-12 19:45:00"
IOP,0.00014701,"2017-09-12 19:50:00"
IOP,0.00014701,"2017-09-12 19:55:00"
IOP,0.00014715,"2017-09-12 20:00:00"
IOP,0.00014715,"2017-09-12 20:05:00"
IOP,0.00014954,"2017-09-12 20:10:00"
IOP,0.00014954,"2017-09-12 20:15:00"
IOP,0.00014718,"2017-09-12 20:20:00"
IOP,0.00014718,"2017-09-12 20:25:00"
IOP,0.00014718,"2017-09-12 20:30:00"
IOP,0.00014718,"2017-09-12 20:35:00"
IOP,0.00014718,"2017-09-12 20:40:00"
IOP,0.00014787,"2017-09-12 20:45:00"
IOP,0.00014787,"2017-09-12 20:50:00"
IOP,0.00014787,"2017-09-12 20:55:00"
IOP,0.00014787,"2017-09-12 21:00:00"
IOP,0.00014756,"2017-09-12 21:05:00"
IOP,0.00014757,"2017-09-12 21:10:00"
IOP,0.00014757,"2017-09-12 21:15:00"
IOP,0.00014757,"2017-09-12 21:20:00"
IOP,0.00014757,"2017-09-12 21:25:00"
IOP,0.00014757,"2017-09-12 21:30:00"
IOP,0.00014757,"2017-09-12 21:35:00"
IOP,0.00014757,"2017-09-12 21:40:00"
IOP,0.00014757,"2017-09-12 21:45:00"
IOP,0.00014757,"2017-09-12 21:50:00"
IOP,0.00014757,"2017-09-12 21:55:00"
IOP,0.00014757,"2017-09-12 22:00:00"
IOP,0.00014757,"2017-09-12 22:05:00"
IOP,0.00014831,"2017-09-12 22:10:00"
IOP,0.00014832,"2017-09-12 22:15:00"
IOP,0.00014832,"2017-09-12 22:20:00"
IOP,0.00014965,"2017-09-12 22:25:00"
IOP,0.00014965,"2017-09-12 22:30:00"
IOP,0.00014965,"2017-09-12 22:35:00"
IOP,0.00014965,"2017-09-12 22:40:00"
IOP,0.00014975,"2017-09-12 22:45:00"
IOP,0.00014975,"2017-09-12 22:50:00"
IOP,0.00015009,"2017-09-12 22:55:00"
IOP,0.00015009,"2017-09-12 23:00:00"
IOP,0.00015009,"2017-09-12 23:05:00"
IOP,0.00015009,"2017-09-12 23:10:00"
IOP,0.00016041,"2017-09-12 23:15:00"
IOP,0.00015075,"2017-09-12 23:20:00"
IOP,0.000152,"2017-09-12 23:25:00"
IOP,0.000152,"2017-09-12 23:30:00"
IOP,0.000149,"2017-09-12 23:35:00"
IOP,0.00014722,"2017-09-12 23:40:00"
IOP,0.00014722,"2017-09-12 23:45:00"
IOP,0.00014723,"2017-09-12 23:50:00"
IOP,0.00014722,"2017-09-12 23:55:00"
IOP,0.00014722,"2017-09-13 00:00:00"
IOP,0.00014722,"2017-09-13 00:05:00"
IOP,0.00014722,"2017-09-13 00:10:00"
IOP,0.00014722,"2017-09-13 00:15:00"
IOP,0.00014722,"2017-09-13 00:20:00"
IOP,0.00014722,"2017-09-13 00:25:00"
IOP,0.00014722,"2017-09-13 00:30:00"
IOP,0.00014722,"2017-09-13 00:35:00"
IOP,0.00014722,"2017-09-13 00:40:00"
IOP,0.00014722,"2017-09-13 00:45:00"
IOP,0.00014722,"2017-09-13 00:50:00"
IOP,0.00014722,"2017-09-13 00:55:00"
IOP,0.00014722,"2017-09-13 01:00:00"
IOP,0.00014722,"2017-09-13 01:05:00"
IOP,0.00014722,"2017-09-13 01:10:00"
IOP,0.00014722,"2017-09-13 01:15:00"
IOP,0.00014722,"2017-09-13 01:20:00"
IOP,0.00014722,"2017-09-13 01:25:00"
IOP,0.00014722,"2017-09-13 01:30:00"
IOP,0.00014722,"2017-09-13 01:35:00"
IOP,0.00014722,"2017-09-13 01:40:00"
IOP,0.0001472,"2017-09-13 01:45:00"
IOP,0.0001472,"2017-09-13 01:50:00"
IOP,0.00014718,"2017-09-13 01:55:00"
IOP,0.00014718,"2017-09-13 02:00:00"
IOP,0.00014718,"2017-09-13 02:05:00"
IOP,0.00014718,"2017-09-13 02:10:00"
IOP,0.00014718,"2017-09-13 02:15:00"
IOP,0.00014718,"2017-09-13 02:20:00"
IOP,0.00014722,"2017-09-13 02:25:00"
IOP,0.00014722,"2017-09-13 02:30:00"
IOP,0.00014722,"2017-09-13 02:35:00"
IOP,0.00014722,"2017-09-13 02:40:00"
IOP,0.00014722,"2017-09-13 02:45:00"
IOP,0.00014722,"2017-09-13 02:50:00"
IOP,0.00014722,"2017-09-13 02:55:00"
IOP,0.00014722,"2017-09-13 03:00:00"
IOP,0.00014722,"2017-09-13 03:05:00"
IOP,0.00014722,"2017-09-13 03:10:00"
IOP,0.00014722,"2017-09-13 03:15:00"
IOP,0.00014722,"2017-09-13 03:20:00"
IOP,0.00014722,"2017-09-13 03:25:00"
IOP,0.00014722,"2017-09-13 03:30:00"
IOP,0.00014719,"2017-09-13 03:35:00"
IOP,0.00014719,"2017-09-13 03:40:00"
IOP,0.00014719,"2017-09-13 03:45:00"
IOP,0.00014719,"2017-09-13 03:50:00"
IOP,0.00014942,"2017-09-13 03:55:00"
IOP,0.00014942,"2017-09-13 04:00:00"
IOP,0.00014942,"2017-09-13 04:05:00"
IOP,0.00014942,"2017-09-13 04:10:00"
IOP,0.00014942,"2017-09-13 04:15:00"
IOP,0.00014942,"2017-09-13 04:20:00"
IOP,0.00014722,"2017-09-13 04:25:00"
IOP,0.00014722,"2017-09-13 04:30:00"
IOP,0.00014722,"2017-09-13 04:35:00"
IOP,0.00014722,"2017-09-13 04:40:00"
IOP,0.00014722,"2017-09-13 04:45:00"
IOP,0.00014722,"2017-09-13 04:50:00"
IOP,0.00014722,"2017-09-13 04:55:00"
IOP,0.00014722,"2017-09-13 05:00:00"
IOP,0.000148,"2017-09-13 05:05:00"
IOP,0.00014943,"2017-09-13 05:10:00"
IOP,0.00014943,"2017-09-13 05:15:00"
IOP,0.00014943,"2017-09-13 05:20:00"
IOP,0.00014943,"2017-09-13 05:25:00"
IOP,0.00014943,"2017-09-13 05:30:00"
IOP,0.00014943,"2017-09-13 05:35:00"
IOP,0.00014943,"2017-09-13 05:40:00"
IOP,0.00014943,"2017-09-13 05:45:00"
IOP,0.00014943,"2017-09-13 05:50:00"
IOP,0.00014943,"2017-09-13 05:55:00"
IOP,0.00014943,"2017-09-13 06:00:00"
IOP,0.00014943,"2017-09-13 06:05:00"
IOP,0.00014943,"2017-09-13 06:10:00"
IOP,0.00014943,"2017-09-13 06:15:00"
IOP,0.00014943,"2017-09-13 06:20:00"
IOP,0.00014943,"2017-09-13 06:25:00"
IOP,0.00014943,"2017-09-13 06:30:00"
IOP,0.00014943,"2017-09-13 06:35:00"
IOP,0.00014722,"2017-09-13 06:40:00"
IOP,0.00014726,"2017-09-13 06:45:00"
IOP,0.00014725,"2017-09-13 06:50:00"
IOP,0.00014725,"2017-09-13 06:55:00"
IOP,0.00015002,"2017-09-13 07:00:00"
IOP,0.00014986,"2017-09-13 07:05:00"
IOP,0.00014986,"2017-09-13 07:10:00"
IOP,0.00014986,"2017-09-13 07:15:00"
IOP,0.00015323,"2017-09-13 07:20:00"
IOP,0.00015323,"2017-09-13 07:25:00"
IOP,0.0001496,"2017-09-13 07:30:00"
IOP,0.00014978,"2017-09-13 07:35:00"
IOP,0.00014978,"2017-09-13 07:40:00"
IOP,0.00014978,"2017-09-13 07:45:00"
IOP,0.00014978,"2017-09-13 07:50:00"
IOP,0.00014978,"2017-09-13 07:55:00"
IOP,0.00014978,"2017-09-13 08:00:00"
IOP,0.00014978,"2017-09-13 08:05:00"
IOP,0.00014978,"2017-09-13 08:10:00"
IOP,0.00014978,"2017-09-13 08:15:00"
IOP,0.00014848,"2017-09-13 08:20:00"
IOP,0.00014916,"2017-09-13 08:25:00"
IOP,0.00014916,"2017-09-13 08:30:00"
IOP,0.00014916,"2017-09-13 08:35:00"
IOP,0.00014916,"2017-09-13 08:40:00"
IOP,0.00014916,"2017-09-13 08:45:00"
IOP,0.00014916,"2017-09-13 08:50:00"
IOP,0.00014916,"2017-09-13 08:55:00"
IOP,0.00014929,"2017-09-13 09:00:00"
IOP,0.00014929,"2017-09-13 09:05:00"
IOP,0.00014916,"2017-09-13 09:10:00"
IOP,0.00014916,"2017-09-13 09:15:00"
IOP,0.00014916,"2017-09-13 09:20:00"
IOP,0.00014916,"2017-09-13 09:25:00"
IOP,0.00015099,"2017-09-13 09:30:00"
IOP,0.00015099,"2017-09-13 09:35:00"
IOP,0.00015099,"2017-09-13 09:40:00"
IOP,0.00015099,"2017-09-13 09:45:00"
IOP,0.00015099,"2017-09-13 09:50:00"
IOP,0.00015099,"2017-09-13 09:55:00"
IOP,0.00015099,"2017-09-13 10:00:00"
IOP,0.00015099,"2017-09-13 10:05:00"
IOP,0.00015099,"2017-09-13 10:10:00"
IOP,0.00015099,"2017-09-13 10:15:00"
IOP,0.00014934,"2017-09-13 10:20:00"
IOP,0.00014934,"2017-09-13 10:25:00"
IOP,0.00015171,"2017-09-13 10:30:00"
IOP,0.00015171,"2017-09-13 10:35:00"
IOP,0.00015194,"2017-09-13 10:40:00"
IOP,0.0001512,"2017-09-13 10:45:00"
IOP,0.0001512,"2017-09-13 10:50:00"
IOP,0.0001512,"2017-09-13 10:55:00"
IOP,0.0001512,"2017-09-13 11:00:00"
IOP,0.0001512,"2017-09-13 11:05:00"
IOP,0.0001512,"2017-09-13 11:10:00"
IOP,0.0001512,"2017-09-13 11:15:00"
IOP,0.0001512,"2017-09-13 11:20:00"
IOP,0.0001512,"2017-09-13 11:25:00"
IOP,0.00014916,"2017-09-13 11:30:00"
IOP,0.00014916,"2017-09-13 11:35:00"
IOP,0.00014916,"2017-09-13 11:40:00"
IOP,0.00014916,"2017-09-13 11:45:00"
IOP,0.00014916,"2017-09-13 11:50:00"
IOP,0.00014916,"2017-09-13 11:55:00"
IOP,0.00015012,"2017-09-13 12:00:00"
IOP,0.00015012,"2017-09-13 12:05:00"
IOP,0.00015013,"2017-09-13 12:10:00"
IOP,0.00015013,"2017-09-13 12:15:00"
IOP,0.00015,"2017-09-13 12:20:00"
IOP,0.00015,"2017-09-13 12:25:00"
IOP,0.00015,"2017-09-13 12:30:00"
IOP,0.00015,"2017-09-13 12:35:00"
IOP,0.00015,"2017-09-13 12:40:00"
IOP,0.00015,"2017-09-13 12:45:00"
IOP,0.00015,"2017-09-13 12:50:00"
IOP,0.00015013,"2017-09-13 12:55:00"
IOP,0.00015013,"2017-09-13 13:00:00"
IOP,0.00015012,"2017-09-13 13:05:00"
IOP,0.00015013,"2017-09-13 13:10:00"
IOP,0.00015013,"2017-09-13 13:15:00"
IOP,0.00015013,"2017-09-13 13:20:00"
IOP,0.00015013,"2017-09-13 13:25:00"
IOP,0.00015013,"2017-09-13 13:30:00"
IOP,0.00015,"2017-09-13 13:35:00"
IOP,0.00015,"2017-09-13 13:40:00"
IOP,0.00015,"2017-09-13 13:45:00"
IOP,0.00014609,"2017-09-13 13:50:00"
IOP,0.00014647,"2017-09-13 13:55:00"
IOP,0.00014661,"2017-09-13 14:00:00"
IOP,0.00014661,"2017-09-13 14:05:00"
IOP,0.00014661,"2017-09-13 14:10:00"
IOP,0.00014661,"2017-09-13 14:15:00"
IOP,0.00014666,"2017-09-13 14:20:00"
IOP,0.00014666,"2017-09-13 14:25:00"
IOP,0.00014666,"2017-09-13 14:30:00"
IOP,0.00014661,"2017-09-13 14:35:00"
IOP,0.00014661,"2017-09-13 14:40:00"
IOP,0.00014661,"2017-09-13 14:45:00"
IOP,0.00014661,"2017-09-13 14:50:00"
IOP,0.00014661,"2017-09-13 14:55:00"
IOP,0.00014661,"2017-09-13 15:00:00"
IOP,0.00014661,"2017-09-13 15:05:00"
IOP,0.000146,"2017-09-13 15:10:00"
IOP,0.000146,"2017-09-13 15:15:00"
IOP,0.00014601,"2017-09-13 15:20:00"
IOP,0.00014501,"2017-09-13 15:25:00"
IOP,0.00014505,"2017-09-13 15:30:00"
IOP,0.00014506,"2017-09-13 15:35:00"
IOP,0.00014506,"2017-09-13 15:40:00"
IOP,0.00014768,"2017-09-13 15:45:00"
IOP,0.00014768,"2017-09-13 15:50:00"
IOP,0.0001481,"2017-09-13 15:55:00"
IOP,0.00014358,"2017-09-13 16:00:00"
IOP,0.00014358,"2017-09-13 16:05:00"
IOP,0.00014358,"2017-09-13 16:10:00"
IOP,0.00014616,"2017-09-13 16:15:00"
IOP,0.00014356,"2017-09-13 16:20:00"
IOP,0.00014101,"2017-09-13 16:25:00"
IOP,0.00014542,"2017-09-13 16:30:00"
IOP,0.00014542,"2017-09-13 16:35:00"
IOP,0.000141,"2017-09-13 16:40:00"
IOP,0.000141,"2017-09-13 16:45:00"
IOP,0.000142,"2017-09-13 16:50:00"
IOP,0.000142,"2017-09-13 16:55:00"
IOP,0.000142,"2017-09-13 17:00:00"
IOP,0.000142,"2017-09-13 17:05:00"
IOP,0.00014112,"2017-09-13 17:10:00"
IOP,0.00014112,"2017-09-13 17:15:00"
IOP,0.00014384,"2017-09-13 17:20:00"
IOP,0.00014384,"2017-09-13 17:25:00"
IOP,0.00014387,"2017-09-13 17:30:00"
IOP,0.00014536,"2017-09-13 17:35:00"
IOP,0.00014536,"2017-09-13 17:40:00"
IOP,0.00014536,"2017-09-13 17:45:00"
IOP,0.00014536,"2017-09-13 17:50:00"
IOP,0.00014536,"2017-09-13 17:55:00"
IOP,0.00014536,"2017-09-13 18:00:00"
IOP,0.00014536,"2017-09-13 18:05:00"
IOP,0.00014351,"2017-09-13 18:10:00"
IOP,0.00014351,"2017-09-13 18:15:00"
IOP,0.00014568,"2017-09-13 18:20:00"
IOP,0.00014568,"2017-09-13 18:25:00"
IOP,0.00014568,"2017-09-13 18:30:00"
IOP,0.00014652,"2017-09-13 18:35:00"
IOP,0.00014652,"2017-09-13 18:40:00"
IOP,0.00014568,"2017-09-13 18:45:00"
IOP,0.00014568,"2017-09-13 18:50:00"
IOP,0.00014568,"2017-09-13 18:55:00"
IOP,0.00014467,"2017-09-13 19:00:00"
IOP,0.00014467,"2017-09-13 19:05:00"
IOP,0.00014281,"2017-09-13 19:10:00"
IOP,0.00014281,"2017-09-13 19:15:00"
IOP,0.00014281,"2017-09-13 19:20:00"
IOP,0.00014281,"2017-09-13 19:25:00"
IOP,0.00014281,"2017-09-13 19:30:00"
IOP,0.00014281,"2017-09-13 19:35:00"
IOP,0.00014281,"2017-09-13 19:40:00"
IOP,0.00014281,"2017-09-13 19:45:00"
IOP,0.00014281,"2017-09-13 19:50:00"
IOP,0.00014281,"2017-09-13 19:55:00"
IOP,0.00014603,"2017-09-13 20:00:00"
IOP,0.00014603,"2017-09-13 20:05:00"
IOP,0.00014603,"2017-09-13 20:10:00"
IOP,0.00014603,"2017-09-13 20:15:00"
IOP,0.00014603,"2017-09-13 20:20:00"
IOP,0.00014603,"2017-09-13 20:25:00"
IOP,0.00014603,"2017-09-13 20:30:00"
IOP,0.00014603,"2017-09-13 20:35:00"
IOP,0.00014603,"2017-09-13 20:40:00"
IOP,0.00014438,"2017-09-13 20:45:00"
IOP,0.00015,"2017-09-13 20:50:00"
IOP,0.00015,"2017-09-13 20:55:00"
IOP,0.00015012,"2017-09-13 21:00:00"
IOP,0.00015012,"2017-09-13 21:05:00"
IOP,0.00015012,"2017-09-13 21:10:00"
IOP,0.00015,"2017-09-13 21:15:00"
IOP,0.00015,"2017-09-13 21:20:00"
IOP,0.00015,"2017-09-13 21:25:00"
IOP,0.00015,"2017-09-13 21:30:00"
IOP,0.00015,"2017-09-13 21:35:00"
IOP,0.00015,"2017-09-13 21:40:00"
IOP,0.00015,"2017-09-13 21:45:00"
IOP,0.00014566,"2017-09-13 21:50:00"
IOP,0.00014566,"2017-09-13 21:55:00"
IOP,0.00014319,"2017-09-13 22:00:00"
IOP,0.00014566,"2017-09-13 22:05:00"
IOP,0.00014566,"2017-09-13 22:10:00"
IOP,0.00014566,"2017-09-13 22:15:00"
IOP,0.00014566,"2017-09-13 22:20:00"
IOP,0.00014566,"2017-09-13 22:25:00"
IOP,0.00014566,"2017-09-13 22:30:00"
IOP,0.00014566,"2017-09-13 22:35:00"
IOP,0.00014566,"2017-09-13 22:40:00"
IOP,0.00014566,"2017-09-13 22:45:00"
IOP,0.00014566,"2017-09-13 22:50:00"
IOP,0.00014566,"2017-09-13 22:55:00"
IOP,0.00014566,"2017-09-13 23:00:00"
IOP,0.00014566,"2017-09-13 23:05:00"
IOP,0.00014566,"2017-09-13 23:10:00"
IOP,0.00014566,"2017-09-13 23:15:00"
IOP,0.00014566,"2017-09-13 23:20:00"
IOP,0.00014566,"2017-09-13 23:25:00"
IOP,0.00014566,"2017-09-13 23:30:00"
IOP,0.00014566,"2017-09-13 23:35:00"
IOP,0.00014999,"2017-09-13 23:40:00"
IOP,0.00014999,"2017-09-13 23:45:00"
IOP,0.00014999,"2017-09-13 23:50:00"
IOP,0.00014999,"2017-09-13 23:55:00"
IOP,0.00014999,"2017-09-14 00:00:00"
IOP,0.00014998,"2017-09-14 00:05:00"
IOP,0.00014998,"2017-09-14 00:10:00"
IOP,0.00014999,"2017-09-14 00:15:00"
IOP,0.00014999,"2017-09-14 00:20:00"
IOP,0.00014999,"2017-09-14 00:25:00"
IOP,0.00014998,"2017-09-14 00:30:00"
IOP,0.00014998,"2017-09-14 00:35:00"
IOP,0.00015,"2017-09-14 00:40:00"
IOP,0.00015,"2017-09-14 00:45:00"
IOP,0.00015,"2017-09-14 00:50:00"
IOP,0.00015012,"2017-09-14 00:55:00"
IOP,0.00015012,"2017-09-14 01:00:00"
IOP,0.00015012,"2017-09-14 01:05:00"
IOP,0.00015012,"2017-09-14 01:10:00"
IOP,0.00015012,"2017-09-14 01:15:00"
IOP,0.00015012,"2017-09-14 01:20:00"
IOP,0.00015012,"2017-09-14 01:25:00"
IOP,0.00015005,"2017-09-14 01:30:00"
IOP,0.00015005,"2017-09-14 01:35:00"
IOP,0.00015005,"2017-09-14 01:40:00"
IOP,0.00015005,"2017-09-14 01:45:00"
IOP,0.00015005,"2017-09-14 01:50:00"
IOP,0.00015005,"2017-09-14 01:55:00"
IOP,0.00015005,"2017-09-14 02:00:00"
IOP,0.00015005,"2017-09-14 02:05:00"
IOP,0.00015005,"2017-09-14 02:10:00"
IOP,0.00014998,"2017-09-14 02:15:00"
IOP,0.00014998,"2017-09-14 02:20:00"
IOP,0.00014998,"2017-09-14 02:25:00"
IOP,0.00014998,"2017-09-14 02:30:00"
IOP,0.00014998,"2017-09-14 02:35:00"
IOP,0.00014998,"2017-09-14 02:40:00"
IOP,0.00014998,"2017-09-14 02:45:00"
IOP,0.00014656,"2017-09-14 02:50:00"
IOP,0.00014656,"2017-09-14 02:55:00"
IOP,0.00015005,"2017-09-14 03:00:00"
IOP,0.00015005,"2017-09-14 03:05:00"
IOP,0.00014698,"2017-09-14 03:10:00"
IOP,0.00014698,"2017-09-14 03:15:00"
IOP,0.00014993,"2017-09-14 03:20:00"
IOP,0.00014993,"2017-09-14 03:25:00"
IOP,0.00014993,"2017-09-14 03:30:00"
IOP,0.00014855,"2017-09-14 03:35:00"
IOP,0.00015005,"2017-09-14 03:40:00"
IOP,0.00015005,"2017-09-14 03:45:00"
IOP,0.00015011,"2017-09-14 03:50:00"
IOP,0.00015011,"2017-09-14 03:55:00"
IOP,0.00015011,"2017-09-14 04:00:00"
IOP,0.00015011,"2017-09-14 04:05:00"
IOP,0.00015011,"2017-09-14 04:10:00"
IOP,0.00015011,"2017-09-14 04:15:00"
IOP,0.00015011,"2017-09-14 04:20:00"
IOP,0.00015011,"2017-09-14 04:25:00"
IOP,0.00015004,"2017-09-14 04:30:00"
IOP,0.00015004,"2017-09-14 04:35:00"
IOP,0.00015004,"2017-09-14 04:40:00"
IOP,0.00015004,"2017-09-14 04:45:00"
IOP,0.00015004,"2017-09-14 04:50:00"
IOP,0.00015004,"2017-09-14 04:55:00"
IOP,0.00015004,"2017-09-14 05:00:00"
IOP,0.00015004,"2017-09-14 05:05:00"
IOP,0.00015004,"2017-09-14 05:10:00"
IOP,0.0001488,"2017-09-14 05:15:00"
IOP,0.0001488,"2017-09-14 05:20:00"
IOP,0.0001488,"2017-09-14 05:25:00"
IOP,0.00015012,"2017-09-14 05:30:00"
IOP,0.00014657,"2017-09-14 05:35:00"
IOP,0.00014657,"2017-09-14 05:40:00"
IOP,0.00014657,"2017-09-14 05:45:00"
IOP,0.00014657,"2017-09-14 05:50:00"
IOP,0.00014657,"2017-09-14 05:55:00"
IOP,0.00014657,"2017-09-14 06:00:00"
IOP,0.00014657,"2017-09-14 06:05:00"
IOP,0.00014657,"2017-09-14 06:10:00"
IOP,0.00014657,"2017-09-14 06:15:00"
IOP,0.00014657,"2017-09-14 06:20:00"
IOP,0.00014657,"2017-09-14 06:25:00"
IOP,0.00014657,"2017-09-14 06:30:00"
IOP,0.00014657,"2017-09-14 06:35:00"
IOP,0.00015013,"2017-09-14 06:40:00"
IOP,0.00015013,"2017-09-14 06:45:00"
IOP,0.00015013,"2017-09-14 06:50:00"
IOP,0.00015013,"2017-09-14 06:55:00"
IOP,0.00015005,"2017-09-14 07:00:00"
IOP,0.00015013,"2017-09-14 07:05:00"
IOP,0.00015013,"2017-09-14 07:10:00"
IOP,0.00015013,"2017-09-14 07:15:00"
IOP,0.00015013,"2017-09-14 07:20:00"
IOP,0.00015013,"2017-09-14 07:25:00"
IOP,0.00015013,"2017-09-14 07:30:00"
IOP,0.00015013,"2017-09-14 07:35:00"
IOP,0.00015013,"2017-09-14 07:40:00"
IOP,0.00015012,"2017-09-14 07:45:00"
IOP,0.00015013,"2017-09-14 07:50:00"
IOP,0.00015013,"2017-09-14 07:55:00"
IOP,0.00015013,"2017-09-14 08:00:00"
IOP,0.00015013,"2017-09-14 08:05:00"
IOP,0.00015013,"2017-09-14 08:10:00"
IOP,0.00015013,"2017-09-14 08:15:00"
IOP,0.00015013,"2017-09-14 08:20:00"
IOP,0.00015013,"2017-09-14 08:25:00"
IOP,0.00015013,"2017-09-14 08:30:00"
IOP,0.00015012,"2017-09-14 08:35:00"
IOP,0.00015012,"2017-09-14 08:40:00"
IOP,0.00015012,"2017-09-14 08:45:00"
IOP,0.00015012,"2017-09-14 08:50:00"
IOP,0.00015012,"2017-09-14 08:55:00"
IOP,0.00015012,"2017-09-14 09:00:00"
IOP,0.00015012,"2017-09-14 09:05:00"
IOP,0.00015012,"2017-09-14 09:10:00"
IOP,0.00015012,"2017-09-14 09:15:00"
IOP,0.00015012,"2017-09-14 09:20:00"
IOP,0.00015012,"2017-09-14 09:25:00"
IOP,0.00015012,"2017-09-14 09:30:00"
IOP,0.00015012,"2017-09-14 09:35:00"
IOP,0.00015012,"2017-09-14 09:40:00"
IOP,0.00015012,"2017-09-14 09:45:00"
IOP,0.00015012,"2017-09-14 09:50:00"
IOP,0.00015012,"2017-09-14 09:55:00"
IOP,0.00015012,"2017-09-14 10:00:00"
IOP,0.00015012,"2017-09-14 10:05:00"
IOP,0.00015013,"2017-09-14 10:10:00"
IOP,0.00014716,"2017-09-14 10:15:00"
IOP,0.00015013,"2017-09-14 10:20:00"
IOP,0.00015013,"2017-09-14 10:25:00"
IOP,0.00014677,"2017-09-14 10:30:00"
IOP,0.00015013,"2017-09-14 10:35:00"
IOP,0.00015013,"2017-09-14 10:40:00"
IOP,0.00015013,"2017-09-14 10:45:00"
IOP,0.00014677,"2017-09-14 10:50:00"
IOP,0.00014392,"2017-09-14 10:55:00"
IOP,0.00014392,"2017-09-14 11:00:00"
IOP,0.00014392,"2017-09-14 11:05:00"
IOP,0.00015012,"2017-09-14 11:10:00"
IOP,0.00015012,"2017-09-14 11:15:00"
IOP,0.00015012,"2017-09-14 11:20:00"
IOP,0.00014392,"2017-09-14 11:25:00"
IOP,0.00014392,"2017-09-14 11:30:00"
IOP,0.00014392,"2017-09-14 11:35:00"
IOP,0.0001484,"2017-09-14 11:40:00"
IOP,0.0001484,"2017-09-14 11:45:00"
IOP,0.0001484,"2017-09-14 11:50:00"
IOP,0.0001484,"2017-09-14 11:55:00"
IOP,0.0001484,"2017-09-14 12:00:00"
IOP,0.0001484,"2017-09-14 12:05:00"
IOP,0.0001484,"2017-09-14 12:10:00"
IOP,0.0001484,"2017-09-14 12:15:00"
IOP,0.0001484,"2017-09-14 12:20:00"
IOP,0.0001484,"2017-09-14 12:25:00"
IOP,0.0001484,"2017-09-14 12:30:00"
IOP,0.0001484,"2017-09-14 12:35:00"
IOP,0.0001484,"2017-09-14 12:40:00"
IOP,0.0001484,"2017-09-14 12:45:00"
IOP,0.0001484,"2017-09-14 12:50:00"
IOP,0.0001484,"2017-09-14 12:55:00"
IOP,0.0001484,"2017-09-14 13:00:00"
IOP,0.0001484,"2017-09-14 13:05:00"
IOP,0.0001484,"2017-09-14 13:10:00"
IOP,0.0001484,"2017-09-14 13:15:00"
IOP,0.0001484,"2017-09-14 13:20:00"
IOP,0.0001484,"2017-09-14 13:25:00"
IOP,0.00014427,"2017-09-14 13:30:00"
IOP,0.000144,"2017-09-14 13:35:00"
IOP,0.00014429,"2017-09-14 13:40:00"
IOP,0.00015013,"2017-09-14 13:45:00"
IOP,0.00015013,"2017-09-14 13:50:00"
IOP,0.00015013,"2017-09-14 13:55:00"
IOP,0.00014547,"2017-09-14 14:00:00"
IOP,0.00014564,"2017-09-14 14:05:00"
IOP,0.00014564,"2017-09-14 14:10:00"
IOP,0.00014564,"2017-09-14 14:15:00"
IOP,0.00014564,"2017-09-14 14:20:00"
IOP,0.00014401,"2017-09-14 14:25:00"
IOP,0.00014401,"2017-09-14 14:30:00"
IOP,0.00014499,"2017-09-14 14:35:00"
IOP,0.00014499,"2017-09-14 14:40:00"
IOP,0.00014499,"2017-09-14 14:45:00"
IOP,0.00014499,"2017-09-14 14:50:00"
IOP,0.00015073,"2017-09-14 14:55:00"
IOP,0.00015067,"2017-09-14 15:00:00"
IOP,0.00015091,"2017-09-14 15:05:00"
IOP,0.00015091,"2017-09-14 15:10:00"
IOP,0.00015091,"2017-09-14 15:15:00"
IOP,0.00014722,"2017-09-14 15:20:00"
IOP,0.00014744,"2017-09-14 15:25:00"
IOP,0.00014744,"2017-09-14 15:30:00"
IOP,0.00014744,"2017-09-14 15:35:00"
IOP,0.00014744,"2017-09-14 15:40:00"
IOP,0.00014744,"2017-09-14 15:45:00"
IOP,0.00014744,"2017-09-14 15:50:00"
IOP,0.000147,"2017-09-14 15:55:00"
IOP,0.000147,"2017-09-14 16:00:00"
IOP,0.000147,"2017-09-14 16:05:00"
IOP,0.000147,"2017-09-14 16:10:00"
IOP,0.000147,"2017-09-14 16:15:00"
IOP,0.000147,"2017-09-14 16:20:00"
IOP,0.00014482,"2017-09-14 16:25:00"
IOP,0.000144,"2017-09-14 16:30:00"
IOP,0.000144,"2017-09-14 16:35:00"
IOP,0.000144,"2017-09-14 16:40:00"
IOP,0.000144,"2017-09-14 16:45:00"
IOP,0.000144,"2017-09-14 16:50:00"
IOP,0.000144,"2017-09-14 16:55:00"
IOP,0.00014709,"2017-09-14 17:00:00"
IOP,0.00014709,"2017-09-14 17:05:00"
IOP,0.00014709,"2017-09-14 17:10:00"
IOP,0.00014709,"2017-09-14 17:15:00"
IOP,0.00014709,"2017-09-14 17:20:00"
IOP,0.000144,"2017-09-14 17:25:00"
IOP,0.00014708,"2017-09-14 17:30:00"
IOP,0.00014709,"2017-09-14 17:35:00"
IOP,0.00014709,"2017-09-14 17:40:00"
IOP,0.00014709,"2017-09-14 17:45:00"
IOP,0.00014709,"2017-09-14 17:50:00"
IOP,0.00014709,"2017-09-14 17:55:00"
IOP,0.00014709,"2017-09-14 18:00:00"
IOP,0.00014709,"2017-09-14 18:05:00"
IOP,0.00014709,"2017-09-14 18:10:00"
IOP,0.00014709,"2017-09-14 18:15:00"
IOP,0.00014709,"2017-09-14 18:20:00"
IOP,0.00014709,"2017-09-14 18:25:00"
IOP,0.00014709,"2017-09-14 18:30:00"
IOP,0.00014709,"2017-09-14 18:35:00"
IOP,0.00014709,"2017-09-14 18:40:00"
IOP,0.00014709,"2017-09-14 18:45:00"
IOP,0.00014709,"2017-09-14 18:50:00"
IOP,0.00014709,"2017-09-14 18:55:00"
IOP,0.00014709,"2017-09-14 19:00:00"
IOP,0.00014709,"2017-09-14 19:05:00"
IOP,0.00014709,"2017-09-14 19:10:00"
IOP,0.00014401,"2017-09-14 19:15:00"
IOP,0.00014401,"2017-09-14 19:20:00"
IOP,0.00014401,"2017-09-14 19:25:00"
IOP,0.00014401,"2017-09-14 19:30:00"
IOP,0.00014401,"2017-09-14 19:35:00"
IOP,0.00014401,"2017-09-14 19:40:00"
IOP,0.00014401,"2017-09-14 19:45:00"
IOP,0.00014401,"2017-09-14 19:50:00"
IOP,0.00014401,"2017-09-14 19:55:00"
IOP,0.00014401,"2017-09-14 20:00:00"
IOP,0.00014401,"2017-09-14 20:05:00"
IOP,0.00014392,"2017-09-14 20:10:00"
IOP,0.00014392,"2017-09-14 20:15:00"
IOP,0.00014401,"2017-09-14 20:20:00"
IOP,0.00014211,"2017-09-14 20:25:00"
IOP,0.00014211,"2017-09-14 20:30:00"
IOP,0.00014401,"2017-09-14 20:35:00"
IOP,0.00014709,"2017-09-14 20:40:00"
IOP,0.00014709,"2017-09-14 20:45:00"
IOP,0.00014711,"2017-09-14 20:50:00"
IOP,0.00014711,"2017-09-14 20:55:00"
IOP,0.00014711,"2017-09-14 21:00:00"
IOP,0.00014711,"2017-09-14 21:05:00"
IOP,0.00014711,"2017-09-14 21:10:00"
IOP,0.00014711,"2017-09-14 21:15:00"
IOP,0.00014711,"2017-09-14 21:20:00"
IOP,0.00015093,"2017-09-14 21:25:00"
IOP,0.00015093,"2017-09-14 21:30:00"
IOP,0.00015093,"2017-09-14 21:35:00"
IOP,0.00015093,"2017-09-14 21:40:00"
IOP,0.00015093,"2017-09-14 21:45:00"
IOP,0.00015093,"2017-09-14 21:50:00"
IOP,0.00015093,"2017-09-14 21:55:00"
IOP,0.00015093,"2017-09-14 22:00:00"
IOP,0.00015093,"2017-09-14 22:05:00"
IOP,0.00015149,"2017-09-14 22:10:00"
IOP,0.00015149,"2017-09-14 22:15:00"
IOP,0.00015149,"2017-09-14 22:20:00"
IOP,0.00015298,"2017-09-14 22:25:00"
IOP,0.00015298,"2017-09-14 22:30:00"
IOP,0.00015298,"2017-09-14 22:35:00"
IOP,0.00015298,"2017-09-14 22:40:00"
IOP,0.00015298,"2017-09-14 22:45:00"
IOP,0.00015298,"2017-09-14 22:50:00"
IOP,0.00015298,"2017-09-14 22:55:00"
IOP,0.00015298,"2017-09-14 23:00:00"
IOP,0.00015298,"2017-09-14 23:05:00"
IOP,0.00015298,"2017-09-14 23:10:00"
IOP,0.00015298,"2017-09-14 23:15:00"
IOP,0.00015298,"2017-09-14 23:20:00"
IOP,0.00015298,"2017-09-14 23:25:00"
IOP,0.00015298,"2017-09-14 23:30:00"
IOP,0.00015298,"2017-09-14 23:35:00"
IOP,0.00014317,"2017-09-14 23:40:00"
IOP,0.00014317,"2017-09-14 23:45:00"
IOP,0.00014694,"2017-09-14 23:50:00"
IOP,0.00014351,"2017-09-14 23:55:00"
IOP,0.00014351,"2017-09-15 00:00:00"
IOP,0.00014351,"2017-09-15 00:05:00"
IOP,0.00014351,"2017-09-15 00:10:00"
IOP,0.00014351,"2017-09-15 00:15:00"
IOP,0.00014351,"2017-09-15 00:20:00"
IOP,0.00014353,"2017-09-15 00:25:00"
IOP,0.00014353,"2017-09-15 00:30:00"
IOP,0.00014639,"2017-09-15 00:35:00"
IOP,0.00014639,"2017-09-15 00:40:00"
IOP,0.00014639,"2017-09-15 00:45:00"
IOP,0.00014639,"2017-09-15 00:50:00"
IOP,0.0001461,"2017-09-15 00:55:00"
IOP,0.00014639,"2017-09-15 01:00:00"
IOP,0.0001464,"2017-09-15 01:05:00"
IOP,0.00014291,"2017-09-15 01:10:00"
IOP,0.00014634,"2017-09-15 01:15:00"
IOP,0.00014361,"2017-09-15 01:20:00"
IOP,0.00014361,"2017-09-15 01:25:00"
IOP,0.00014306,"2017-09-15 01:30:00"
IOP,0.00014731,"2017-09-15 01:35:00"
IOP,0.00014354,"2017-09-15 01:40:00"
IOP,0.00014354,"2017-09-15 01:45:00"
IOP,0.00014354,"2017-09-15 01:50:00"
IOP,0.00014354,"2017-09-15 01:55:00"
IOP,0.00014585,"2017-09-15 02:00:00"
IOP,0.00014585,"2017-09-15 02:05:00"
IOP,0.00014585,"2017-09-15 02:10:00"
IOP,0.00014585,"2017-09-15 02:15:00"
IOP,0.00014585,"2017-09-15 02:20:00"
IOP,0.00014585,"2017-09-15 02:25:00"
IOP,0.00014585,"2017-09-15 02:30:00"
IOP,0.00014585,"2017-09-15 02:35:00"
IOP,0.00014585,"2017-09-15 02:40:00"
IOP,0.00014585,"2017-09-15 02:45:00"
IOP,0.00014585,"2017-09-15 02:50:00"
IOP,0.00014585,"2017-09-15 02:55:00"
IOP,0.00014585,"2017-09-15 03:00:00"
IOP,0.00014585,"2017-09-15 03:05:00"
IOP,0.00014585,"2017-09-15 03:10:00"
IOP,0.00014585,"2017-09-15 03:15:00"
IOP,0.00014385,"2017-09-15 03:20:00"
IOP,0.00014385,"2017-09-15 03:25:00"
IOP,0.00014385,"2017-09-15 03:30:00"
IOP,0.00014385,"2017-09-15 03:35:00"
IOP,0.00014385,"2017-09-15 03:40:00"
IOP,0.00014385,"2017-09-15 03:45:00"
IOP,0.00014385,"2017-09-15 03:50:00"
IOP,0.00014385,"2017-09-15 03:55:00"
IOP,0.00014385,"2017-09-15 04:00:00"
IOP,0.00014385,"2017-09-15 04:05:00"
IOP,0.00014385,"2017-09-15 04:10:00"
IOP,0.000144,"2017-09-15 04:15:00"
IOP,0.000144,"2017-09-15 04:20:00"
IOP,0.000144,"2017-09-15 04:25:00"
IOP,0.000144,"2017-09-15 04:30:00"
IOP,0.000144,"2017-09-15 04:35:00"
IOP,0.000144,"2017-09-15 04:40:00"
IOP,0.000144,"2017-09-15 04:45:00"
IOP,0.000144,"2017-09-15 04:50:00"
IOP,0.000144,"2017-09-15 04:55:00"
IOP,0.000144,"2017-09-15 05:00:00"
IOP,0.000144,"2017-09-15 05:05:00"
IOP,0.000144,"2017-09-15 05:10:00"
IOP,0.000144,"2017-09-15 05:15:00"
IOP,0.000144,"2017-09-15 05:20:00"
IOP,0.000144,"2017-09-15 05:25:00"
IOP,0.000144,"2017-09-15 05:30:00"
IOP,0.000144,"2017-09-15 05:35:00"
IOP,0.000144,"2017-09-15 05:40:00"
IOP,0.000144,"2017-09-15 05:45:00"
IOP,0.000144,"2017-09-15 05:50:00"
IOP,0.000144,"2017-09-15 05:55:00"
IOP,0.000144,"2017-09-15 06:00:00"
IOP,0.000144,"2017-09-15 06:05:00"
IOP,0.000144,"2017-09-15 06:10:00"
IOP,0.000144,"2017-09-15 06:15:00"
IOP,0.000144,"2017-09-15 06:20:00"
IOP,0.000144,"2017-09-15 06:25:00"
IOP,0.00014283,"2017-09-15 06:30:00"
IOP,0.00014283,"2017-09-15 06:35:00"
IOP,0.00014283,"2017-09-15 06:40:00"
IOP,0.00014283,"2017-09-15 06:45:00"
IOP,0.00014283,"2017-09-15 06:50:00"
IOP,0.00014283,"2017-09-15 06:55:00"
IOP,0.00014283,"2017-09-15 07:00:00"
IOP,0.00014283,"2017-09-15 07:05:00"
IOP,0.00014283,"2017-09-15 07:10:00"
IOP,0.00014283,"2017-09-15 07:15:00"
IOP,0.00014283,"2017-09-15 07:20:00"
IOP,0.00014283,"2017-09-15 07:25:00"
IOP,0.00014283,"2017-09-15 07:30:00"
IOP,0.00014283,"2017-09-15 07:35:00"
IOP,0.00014283,"2017-09-15 07:40:00"
IOP,0.000144,"2017-09-15 07:45:00"
IOP,0.000144,"2017-09-15 07:50:00"
IOP,0.000144,"2017-09-15 07:55:00"
IOP,0.000144,"2017-09-15 08:00:00"
IOP,0.000144,"2017-09-15 08:05:00"
IOP,0.000144,"2017-09-15 08:10:00"
IOP,0.000144,"2017-09-15 08:15:00"
IOP,0.000144,"2017-09-15 08:20:00"
IOP,0.000144,"2017-09-15 08:25:00"
IOP,0.000144,"2017-09-15 08:30:00"
IOP,0.000144,"2017-09-15 08:35:00"
IOP,0.0001412,"2017-09-15 08:40:00"
IOP,0.0001412,"2017-09-15 08:45:00"
IOP,0.00014344,"2017-09-15 08:50:00"
IOP,0.00014344,"2017-09-15 08:55:00"
IOP,0.00014344,"2017-09-15 09:00:00"
IOP,0.00014344,"2017-09-15 09:05:00"
IOP,0.00014344,"2017-09-15 09:10:00"
IOP,0.00014344,"2017-09-15 09:15:00"
IOP,0.00014344,"2017-09-15 09:20:00"
IOP,0.000142,"2017-09-15 09:25:00"
IOP,0.000142,"2017-09-15 09:30:00"
IOP,0.000142,"2017-09-15 09:35:00"
IOP,0.000142,"2017-09-15 09:40:00"
IOP,0.0001412,"2017-09-15 09:45:00"
IOP,0.0001412,"2017-09-15 09:50:00"
IOP,0.0001412,"2017-09-15 09:55:00"
IOP,0.0001412,"2017-09-15 10:00:00"
IOP,0.0001412,"2017-09-15 10:05:00"
IOP,0.0001412,"2017-09-15 10:10:00"
IOP,0.000142,"2017-09-15 10:15:00"
IOP,0.000142,"2017-09-15 10:20:00"
IOP,0.00014499,"2017-09-15 10:25:00"
IOP,0.00014,"2017-09-15 10:30:00"
IOP,0.00014,"2017-09-15 10:35:00"
IOP,0.00014,"2017-09-15 10:40:00"
IOP,0.00014,"2017-09-15 10:45:00"
IOP,0.00014,"2017-09-15 10:50:00"
IOP,0.00014,"2017-09-15 10:55:00"
IOP,0.00014047,"2017-09-15 11:00:00"
IOP,0.00014047,"2017-09-15 11:05:00"
IOP,0.00014047,"2017-09-15 11:10:00"
IOP,0.00014047,"2017-09-15 11:15:00"
IOP,0.00013947,"2017-09-15 11:20:00"
IOP,0.00013947,"2017-09-15 11:25:00"
IOP,0.000139,"2017-09-15 11:30:00"
IOP,0.00013899,"2017-09-15 11:35:00"
IOP,0.00013899,"2017-09-15 11:40:00"
IOP,0.00013899,"2017-09-15 11:45:00"
IOP,0.000137,"2017-09-15 11:50:00"
IOP,0.000137,"2017-09-15 11:55:00"
IOP,0.000137,"2017-09-15 12:00:00"
IOP,0.000137,"2017-09-15 12:05:00"
IOP,0.000137,"2017-09-15 12:10:00"
IOP,0.000137,"2017-09-15 12:15:00"
IOP,0.000137,"2017-09-15 12:20:00"
IOP,0.000137,"2017-09-15 12:25:00"
IOP,0.000137,"2017-09-15 12:30:00"
IOP,0.000137,"2017-09-15 12:35:00"
IOP,0.000137,"2017-09-15 12:40:00"
IOP,0.000137,"2017-09-15 12:45:00"
IOP,0.000137,"2017-09-15 12:50:00"
IOP,0.000137,"2017-09-15 12:55:00"
IOP,0.000137,"2017-09-15 13:00:00"
IOP,0.000137,"2017-09-15 13:05:00"
IOP,0.000137,"2017-09-15 13:10:00"
IOP,0.000137,"2017-09-15 13:15:00"
IOP,0.000135,"2017-09-15 13:20:00"
IOP,0.000135,"2017-09-15 13:25:00"
IOP,0.000135,"2017-09-15 13:30:00"
IOP,0.000135,"2017-09-15 13:35:00"
IOP,0.000135,"2017-09-15 13:40:00"
IOP,0.00013249,"2017-09-15 13:45:00"
IOP,0.00013249,"2017-09-15 13:50:00"
IOP,0.000137,"2017-09-15 13:55:00"
IOP,0.000137,"2017-09-15 14:00:00"
IOP,0.000137,"2017-09-15 14:05:00"
IOP,0.000137,"2017-09-15 14:10:00"
IOP,0.000137,"2017-09-15 14:15:00"
IOP,0.000137,"2017-09-15 14:20:00"
IOP,0.000137,"2017-09-15 14:25:00"
IOP,0.000137,"2017-09-15 14:30:00"
IOP,0.000137,"2017-09-15 14:35:00"
IOP,0.000137,"2017-09-15 14:40:00"
IOP,0.000137,"2017-09-15 14:45:00"
IOP,0.000137,"2017-09-15 14:50:00"
IOP,0.00014179,"2017-09-15 14:55:00"
IOP,0.00014179,"2017-09-15 15:00:00"
IOP,0.00014179,"2017-09-15 15:05:00"
IOP,0.00014179,"2017-09-15 15:10:00"
IOP,0.00013355,"2017-09-15 15:15:00"
IOP,0.00013355,"2017-09-15 15:20:00"
IOP,0.00013355,"2017-09-15 15:25:00"
IOP,0.00013355,"2017-09-15 15:30:00"
IOP,0.00013867,"2017-09-15 15:35:00"
IOP,0.0001401,"2017-09-15 15:40:00"
IOP,0.0001401,"2017-09-15 15:45:00"
IOP,0.0001401,"2017-09-15 15:50:00"
IOP,0.00014016,"2017-09-15 15:55:00"
IOP,0.00014016,"2017-09-15 16:00:00"
IOP,0.0001401,"2017-09-15 16:05:00"
IOP,0.0001401,"2017-09-15 16:10:00"
IOP,0.0001401,"2017-09-15 16:15:00"
IOP,0.0001401,"2017-09-15 16:20:00"
IOP,0.00014016,"2017-09-15 16:25:00"
IOP,0.00014016,"2017-09-15 16:30:00"
IOP,0.00014016,"2017-09-15 16:35:00"
IOP,0.00014016,"2017-09-15 16:40:00"
IOP,0.00014016,"2017-09-15 16:45:00"
IOP,0.00014016,"2017-09-15 16:50:00"
IOP,0.00014011,"2017-09-15 16:55:00"
IOP,0.0001401,"2017-09-15 17:00:00"
IOP,0.00014016,"2017-09-15 17:05:00"
IOP,0.00014016,"2017-09-15 17:10:00"
IOP,0.00013569,"2017-09-15 17:15:00"
IOP,0.00013569,"2017-09-15 17:20:00"
IOP,0.00013569,"2017-09-15 17:25:00"
IOP,0.00013569,"2017-09-15 17:30:00"
IOP,0.00014015,"2017-09-15 17:35:00"
IOP,0.00014015,"2017-09-15 17:45:00"
IOP,0.00014016,"2017-09-15 17:50:00"
IOP,0.00014016,"2017-09-15 17:55:00"
IOP,0.00014016,"2017-09-15 18:00:00"
IOP,0.00014016,"2017-09-15 18:05:00"
IOP,0.00014016,"2017-09-15 18:10:00"
IOP,0.00014016,"2017-09-15 18:15:00"
IOP,0.00014016,"2017-09-15 18:20:00"
IOP,0.00014016,"2017-09-15 18:25:00"
IOP,0.00014016,"2017-09-15 18:30:00"
IOP,0.00013593,"2017-09-15 18:35:00"
IOP,0.0001363,"2017-09-15 18:40:00"
IOP,0.00013608,"2017-09-15 18:45:00"
IOP,0.00013608,"2017-09-15 18:50:00"
IOP,0.00013608,"2017-09-15 18:55:00"
IOP,0.00013608,"2017-09-15 19:00:00"
IOP,0.00013608,"2017-09-15 19:05:00"
IOP,0.00013608,"2017-09-15 19:10:00"
IOP,0.00013608,"2017-09-15 19:15:00"
IOP,0.00013909,"2017-09-15 19:20:00"
IOP,0.00014016,"2017-09-15 19:25:00"
IOP,0.00014016,"2017-09-15 19:30:00"
IOP,0.00014016,"2017-09-15 19:35:00"
IOP,0.00014016,"2017-09-15 19:40:00"
IOP,0.00014016,"2017-09-15 19:45:00"
IOP,0.00014016,"2017-09-15 19:50:00"
IOP,0.00014016,"2017-09-15 19:55:00"
IOP,0.00014016,"2017-09-15 20:00:00"
IOP,0.00014016,"2017-09-15 20:05:00"
IOP,0.00014016,"2017-09-15 20:10:00"
IOP,0.00013608,"2017-09-15 20:15:00"
IOP,0.00013608,"2017-09-15 20:20:00"
IOP,0.00013608,"2017-09-15 20:25:00"
IOP,0.00013608,"2017-09-15 20:30:00"
IOP,0.00013608,"2017-09-15 20:35:00"
IOP,0.00014016,"2017-09-15 20:40:00"
IOP,0.00014016,"2017-09-15 20:45:00"
IOP,0.00014016,"2017-09-15 20:50:00"
IOP,0.00014016,"2017-09-15 20:55:00"
IOP,0.00014016,"2017-09-15 21:00:00"
IOP,0.00014016,"2017-09-15 21:05:00"
IOP,0.00014016,"2017-09-15 21:10:00"
IOP,0.00014016,"2017-09-15 21:15:00"
IOP,0.00014016,"2017-09-15 21:20:00"
IOP,0.00014016,"2017-09-15 21:25:00"
IOP,0.00014203,"2017-09-15 21:30:00"
IOP,0.00014203,"2017-09-15 21:35:00"
IOP,0.00014203,"2017-09-15 21:40:00"
IOP,0.00014203,"2017-09-15 21:45:00"
IOP,0.00014489,"2017-09-15 21:50:00"
IOP,0.00014489,"2017-09-15 21:55:00"
IOP,0.00014493,"2017-09-15 22:00:00"
IOP,0.00014486,"2017-09-15 22:05:00"
IOP,0.00014486,"2017-09-15 22:10:00"
IOP,0.00014482,"2017-09-15 22:15:00"
IOP,0.00014482,"2017-09-15 22:20:00"
IOP,0.00014482,"2017-09-15 22:25:00"
IOP,0.00014473,"2017-09-15 22:30:00"
IOP,0.00014068,"2017-09-15 22:35:00"
IOP,0.00014068,"2017-09-15 22:40:00"
IOP,0.00014068,"2017-09-15 22:45:00"
IOP,0.00014068,"2017-09-15 22:50:00"
IOP,0.00014243,"2017-09-15 22:55:00"
IOP,0.00014243,"2017-09-15 23:00:00"
IOP,0.00014139,"2017-09-15 23:05:00"
IOP,0.00014175,"2017-09-15 23:10:00"
IOP,0.00014175,"2017-09-15 23:15:00"
IOP,0.00014171,"2017-09-15 23:20:00"
IOP,0.00014171,"2017-09-15 23:25:00"
IOP,0.00014171,"2017-09-15 23:30:00"
IOP,0.00014171,"2017-09-15 23:35:00"
IOP,0.00014171,"2017-09-15 23:40:00"
IOP,0.00013846,"2017-09-15 23:45:00"
IOP,0.00013846,"2017-09-15 23:50:00"
IOP,0.00013846,"2017-09-15 23:55:00"
IOP,0.00013846,"2017-09-16 00:00:00"
IOP,0.00013846,"2017-09-16 00:05:00"
IOP,0.00014009,"2017-09-16 00:10:00"
IOP,0.00014009,"2017-09-16 00:15:00"
IOP,0.00014009,"2017-09-16 00:20:00"
IOP,0.00014167,"2017-09-16 00:25:00"
IOP,0.00014167,"2017-09-16 00:30:00"
IOP,0.00014167,"2017-09-16 00:35:00"
IOP,0.00014167,"2017-09-16 00:40:00"
IOP,0.00014167,"2017-09-16 00:45:00"
IOP,0.00014167,"2017-09-16 00:50:00"
IOP,0.00014167,"2017-09-16 00:55:00"
IOP,0.00013499,"2017-09-16 01:00:00"
IOP,0.00013583,"2017-09-16 01:05:00"
IOP,0.00014152,"2017-09-16 01:10:00"
IOP,0.00014152,"2017-09-16 01:15:00"
IOP,0.00014152,"2017-09-16 01:20:00"
IOP,0.00013833,"2017-09-16 01:25:00"
IOP,0.00013833,"2017-09-16 01:30:00"
IOP,0.00013833,"2017-09-16 01:35:00"
IOP,0.00013833,"2017-09-16 01:40:00"
IOP,0.00013833,"2017-09-16 01:45:00"
IOP,0.00013833,"2017-09-16 01:50:00"
IOP,0.00013833,"2017-09-16 01:55:00"
IOP,0.00013833,"2017-09-16 02:00:00"
IOP,0.00013833,"2017-09-16 02:05:00"
IOP,0.00013833,"2017-09-16 02:10:00"
IOP,0.00013833,"2017-09-16 02:15:00"
IOP,0.00013833,"2017-09-16 02:20:00"
IOP,0.00013833,"2017-09-16 02:25:00"
IOP,0.00013833,"2017-09-16 02:30:00"
IOP,0.00013833,"2017-09-16 02:35:00"
IOP,0.00013833,"2017-09-16 02:40:00"
IOP,0.00013833,"2017-09-16 02:45:00"
IOP,0.00013994,"2017-09-16 02:50:00"
IOP,0.00013994,"2017-09-16 02:55:00"
IOP,0.00013994,"2017-09-16 03:00:00"
IOP,0.00013994,"2017-09-16 03:05:00"
IOP,0.00013994,"2017-09-16 03:10:00"
IOP,0.00013994,"2017-09-16 03:15:00"
IOP,0.00013994,"2017-09-16 03:20:00"
IOP,0.00013833,"2017-09-16 03:25:00"
IOP,0.00013833,"2017-09-16 03:30:00"
IOP,0.00013833,"2017-09-16 03:35:00"
IOP,0.00013833,"2017-09-16 03:40:00"
IOP,0.00013833,"2017-09-16 03:45:00"
IOP,0.00013833,"2017-09-16 03:50:00"
IOP,0.00013513,"2017-09-16 03:55:00"
IOP,0.00013513,"2017-09-16 04:00:00"
IOP,0.00013513,"2017-09-16 04:05:00"
IOP,0.00013513,"2017-09-16 04:10:00"
IOP,0.00013513,"2017-09-16 04:15:00"
IOP,0.00013915,"2017-09-16 04:20:00"
IOP,0.00013915,"2017-09-16 04:25:00"
IOP,0.00013915,"2017-09-16 04:30:00"
IOP,0.00013915,"2017-09-16 04:35:00"
IOP,0.00013912,"2017-09-16 04:40:00"
IOP,0.00013912,"2017-09-16 04:45:00"
IOP,0.00013912,"2017-09-16 04:50:00"
IOP,0.00013912,"2017-09-16 04:55:00"
IOP,0.00013912,"2017-09-16 05:00:00"
IOP,0.00013912,"2017-09-16 05:05:00"
IOP,0.00013912,"2017-09-16 05:10:00"
IOP,0.00013912,"2017-09-16 05:15:00"
IOP,0.00013912,"2017-09-16 05:20:00"
IOP,0.00013912,"2017-09-16 05:25:00"
IOP,0.00013912,"2017-09-16 05:30:00"
IOP,0.00013898,"2017-09-16 05:35:00"
IOP,0.00013499,"2017-09-16 05:40:00"
IOP,0.00013499,"2017-09-16 05:45:00"
IOP,0.00013499,"2017-09-16 05:50:00"
IOP,0.000135,"2017-09-16 05:55:00"
IOP,0.00013788,"2017-09-16 06:00:00"
IOP,0.00013811,"2017-09-16 06:05:00"
IOP,0.00013811,"2017-09-16 06:10:00"
IOP,0.00013811,"2017-09-16 06:15:00"
IOP,0.00013811,"2017-09-16 06:20:00"
IOP,0.00013811,"2017-09-16 06:25:00"
IOP,0.00013811,"2017-09-16 06:30:00"
IOP,0.00013811,"2017-09-16 06:35:00"
IOP,0.00013811,"2017-09-16 06:40:00"
IOP,0.00013811,"2017-09-16 06:45:00"
IOP,0.00013811,"2017-09-16 06:50:00"
IOP,0.00013811,"2017-09-16 06:55:00"
IOP,0.00013811,"2017-09-16 07:00:00"
IOP,0.00013811,"2017-09-16 07:05:00"
IOP,0.00013933,"2017-09-16 07:10:00"
IOP,0.00013933,"2017-09-16 07:15:00"
IOP,0.00013933,"2017-09-16 07:20:00"
IOP,0.00014,"2017-09-16 07:25:00"
IOP,0.00014,"2017-09-16 07:30:00"
IOP,0.00014,"2017-09-16 07:35:00"
IOP,0.00014,"2017-09-16 07:40:00"
IOP,0.00014171,"2017-09-16 07:45:00"
IOP,0.00014181,"2017-09-16 07:50:00"
IOP,0.00014181,"2017-09-16 07:55:00"
IOP,0.000145,"2017-09-16 08:00:00"
IOP,0.000145,"2017-09-16 08:05:00"
IOP,0.000145,"2017-09-16 08:10:00"
IOP,0.000145,"2017-09-16 08:15:00"
IOP,0.000145,"2017-09-16 08:20:00"
IOP,0.000145,"2017-09-16 08:25:00"
IOP,0.00013742,"2017-09-16 08:30:00"
IOP,0.00014137,"2017-09-16 08:35:00"
IOP,0.00013655,"2017-09-16 08:40:00"
IOP,0.00013655,"2017-09-16 08:45:00"
IOP,0.00013655,"2017-09-16 08:50:00"
IOP,0.0001425,"2017-09-16 08:55:00"
IOP,0.0001425,"2017-09-16 09:00:00"
IOP,0.0001471,"2017-09-16 09:05:00"
IOP,0.00016005,"2017-09-16 09:10:00"
IOP,0.00015846,"2017-09-16 09:15:00"
IOP,0.00015342,"2017-09-16 09:20:00"
IOP,0.00015533,"2017-09-16 09:25:00"
IOP,0.00014,"2017-09-16 09:30:00"
IOP,0.00014007,"2017-09-16 09:35:00"
IOP,0.00014214,"2017-09-16 09:40:00"
IOP,0.00014707,"2017-09-16 09:45:00"
IOP,0.00015073,"2017-09-16 09:50:00"
IOP,0.00015145,"2017-09-16 09:55:00"
IOP,0.00015148,"2017-09-16 10:00:00"
IOP,0.00015148,"2017-09-16 10:05:00"
IOP,0.00015,"2017-09-16 10:10:00"
IOP,0.00015001,"2017-09-16 10:15:00"
IOP,0.00015001,"2017-09-16 10:20:00"
IOP,0.00015001,"2017-09-16 10:25:00"
IOP,0.0001535,"2017-09-16 10:30:00"
IOP,0.00015351,"2017-09-16 10:35:00"
IOP,0.00015351,"2017-09-16 10:40:00"
IOP,0.00015351,"2017-09-16 10:45:00"
IOP,0.00015351,"2017-09-16 10:50:00"
IOP,0.000155,"2017-09-16 10:55:00"
IOP,0.000155,"2017-09-16 11:00:00"
IOP,0.00015687,"2017-09-16 11:05:00"
IOP,0.00015687,"2017-09-16 11:10:00"
IOP,0.00015687,"2017-09-16 11:15:00"
IOP,0.00015687,"2017-09-16 11:20:00"
IOP,0.000155,"2017-09-16 11:25:00"
IOP,0.000155,"2017-09-16 11:30:00"
IOP,0.00015504,"2017-09-16 11:35:00"
IOP,0.00015999,"2017-09-16 11:40:00"
IOP,0.00015999,"2017-09-16 11:45:00"
IOP,0.00015995,"2017-09-16 11:50:00"
IOP,0.00015689,"2017-09-16 11:55:00"
IOP,0.00015953,"2017-09-16 12:00:00"
IOP,0.00015953,"2017-09-16 12:05:00"
IOP,0.00015552,"2017-09-16 12:10:00"
IOP,0.0001589,"2017-09-16 12:15:00"
IOP,0.00015566,"2017-09-16 12:20:00"
IOP,0.00015566,"2017-09-16 12:25:00"
IOP,0.000155,"2017-09-16 12:30:00"
IOP,0.00015763,"2017-09-16 12:35:00"
IOP,0.00015691,"2017-09-16 12:40:00"
IOP,0.00015691,"2017-09-16 12:45:00"
IOP,0.0001569,"2017-09-16 12:50:00"
IOP,0.0001569,"2017-09-16 12:55:00"
IOP,0.00015689,"2017-09-16 13:00:00"
IOP,0.0001569,"2017-09-16 13:05:00"
IOP,0.0001569,"2017-09-16 13:10:00"
IOP,0.00015351,"2017-09-16 13:15:00"
IOP,0.00015002,"2017-09-16 13:20:00"
IOP,0.00015,"2017-09-16 13:25:00"
IOP,0.00015,"2017-09-16 13:30:00"
IOP,0.00015,"2017-09-16 13:35:00"
IOP,0.00015,"2017-09-16 13:40:00"
IOP,0.00015001,"2017-09-16 13:45:00"
IOP,0.00015,"2017-09-16 13:50:00"
IOP,0.00014967,"2017-09-16 13:55:00"
IOP,0.00015267,"2017-09-16 14:00:00"
IOP,0.00015267,"2017-09-16 14:05:00"
IOP,0.00015267,"2017-09-16 14:10:00"
IOP,0.00015267,"2017-09-16 14:15:00"
IOP,0.00015219,"2017-09-16 14:20:00"
IOP,0.00015219,"2017-09-16 14:25:00"
IOP,0.00015219,"2017-09-16 14:30:00"
IOP,0.00015219,"2017-09-16 14:35:00"
IOP,0.00015043,"2017-09-16 14:40:00"
IOP,0.00015028,"2017-09-16 14:45:00"
IOP,0.00015028,"2017-09-16 14:50:00"
IOP,0.00015028,"2017-09-16 14:55:00"
IOP,0.00015,"2017-09-16 15:00:00"
IOP,0.00015,"2017-09-16 15:05:00"
IOP,0.00015,"2017-09-16 15:10:00"
IOP,0.00015,"2017-09-16 15:15:00"
IOP,0.00015,"2017-09-16 15:20:00"
IOP,0.00015,"2017-09-16 15:25:00"
IOP,0.00015,"2017-09-16 15:30:00"
IOP,0.00015,"2017-09-16 15:35:00"
IOP,0.00015,"2017-09-16 15:40:00"
IOP,0.00015,"2017-09-16 15:45:00"
IOP,0.00015472,"2017-09-16 15:50:00"
IOP,0.00015763,"2017-09-16 15:55:00"
IOP,0.00015927,"2017-09-16 16:00:00"
IOP,0.00015527,"2017-09-16 16:05:00"
IOP,0.00015527,"2017-09-16 16:10:00"
IOP,0.00015527,"2017-09-16 16:15:00"
IOP,0.00015527,"2017-09-16 16:20:00"
IOP,0.00015527,"2017-09-16 16:25:00"
IOP,0.00015527,"2017-09-16 16:30:00"
IOP,0.00015519,"2017-09-16 16:35:00"
IOP,0.00015136,"2017-09-16 16:40:00"
IOP,0.00015017,"2017-09-16 16:45:00"
IOP,0.00015017,"2017-09-16 16:50:00"
IOP,0.00014824,"2017-09-16 16:55:00"
IOP,0.00014824,"2017-09-16 17:00:00"
IOP,0.00015017,"2017-09-16 17:05:00"
IOP,0.00015017,"2017-09-16 17:10:00"
IOP,0.00015017,"2017-09-16 17:15:00"
IOP,0.00015017,"2017-09-16 17:20:00"
IOP,0.00015017,"2017-09-16 17:25:00"
IOP,0.00015017,"2017-09-16 17:30:00"
IOP,0.00015019,"2017-09-16 17:35:00"
IOP,0.00014825,"2017-09-16 17:40:00"
IOP,0.00014825,"2017-09-16 17:45:00"
IOP,0.00014825,"2017-09-16 17:50:00"
IOP,0.00014825,"2017-09-16 17:55:00"
IOP,0.00014825,"2017-09-16 18:00:00"
IOP,0.00014825,"2017-09-16 18:05:00"
IOP,0.00014856,"2017-09-16 18:10:00"
IOP,0.00014856,"2017-09-16 18:15:00"
IOP,0.00014856,"2017-09-16 18:20:00"
IOP,0.00014856,"2017-09-16 18:25:00"
IOP,0.00014856,"2017-09-16 18:30:00"
IOP,0.00015111,"2017-09-16 18:35:00"
IOP,0.00015111,"2017-09-16 18:40:00"
IOP,0.00015111,"2017-09-16 18:45:00"
IOP,0.00015111,"2017-09-16 18:50:00"
IOP,0.00015111,"2017-09-16 18:55:00"
IOP,0.00015111,"2017-09-16 19:00:00"
IOP,0.00015016,"2017-09-16 19:05:00"
IOP,0.00015016,"2017-09-16 19:10:00"
IOP,0.00015001,"2017-09-16 19:15:00"
IOP,0.00015001,"2017-09-16 19:20:00"
IOP,0.00015001,"2017-09-16 19:25:00"
IOP,0.00015001,"2017-09-16 19:30:00"
IOP,0.00015001,"2017-09-16 19:35:00"
IOP,0.00015001,"2017-09-16 19:40:00"
IOP,0.00015001,"2017-09-16 19:45:00"
IOP,0.00015001,"2017-09-16 19:50:00"
IOP,0.00015001,"2017-09-16 19:55:00"
IOP,0.00015001,"2017-09-16 20:00:00"
IOP,0.00015001,"2017-09-16 20:05:00"
IOP,0.00015001,"2017-09-16 20:10:00"
IOP,0.00015001,"2017-09-16 20:15:00"
IOP,0.00015001,"2017-09-16 20:20:00"
IOP,0.00015001,"2017-09-16 20:25:00"
IOP,0.00015001,"2017-09-16 20:30:00"
IOP,0.00015001,"2017-09-16 20:35:00"
IOP,0.00015001,"2017-09-16 20:40:00"
IOP,0.00015001,"2017-09-16 20:45:00"
IOP,0.00015001,"2017-09-16 20:50:00"
IOP,0.00015098,"2017-09-16 20:55:00"
IOP,0.00015055,"2017-09-16 21:00:00"
IOP,0.00015055,"2017-09-16 21:05:00"
IOP,0.00015055,"2017-09-16 21:10:00"
IOP,0.00015055,"2017-09-16 21:15:00"
IOP,0.00015055,"2017-09-16 21:20:00"
IOP,0.00015055,"2017-09-16 21:25:00"
IOP,0.00015055,"2017-09-16 21:30:00"
IOP,0.00014871,"2017-09-16 21:35:00"
IOP,0.00014824,"2017-09-16 21:40:00"
IOP,0.00014824,"2017-09-16 21:45:00"
IOP,0.00014824,"2017-09-16 21:50:00"
IOP,0.00014824,"2017-09-16 21:55:00"
IOP,0.00014824,"2017-09-16 22:00:00"
IOP,0.00014824,"2017-09-16 22:05:00"
IOP,0.00014824,"2017-09-16 22:10:00"
IOP,0.00014824,"2017-09-16 22:15:00"
IOP,0.00014824,"2017-09-16 22:20:00"
IOP,0.00014824,"2017-09-16 22:25:00"
IOP,0.00014871,"2017-09-16 22:30:00"
IOP,0.00014871,"2017-09-16 22:35:00"
IOP,0.00014871,"2017-09-16 22:40:00"
IOP,0.00014824,"2017-09-16 22:45:00"
IOP,0.00014824,"2017-09-16 22:50:00"
IOP,0.00014824,"2017-09-16 22:55:00"
IOP,0.00014824,"2017-09-16 23:00:00"
IOP,0.00014824,"2017-09-16 23:05:00"
IOP,0.00014824,"2017-09-16 23:10:00"
IOP,0.00014824,"2017-09-16 23:15:00"
IOP,0.00014824,"2017-09-16 23:20:00"
IOP,0.00014824,"2017-09-16 23:25:00"
IOP,0.00014516,"2017-09-16 23:30:00"
IOP,0.00014516,"2017-09-16 23:35:00"
IOP,0.00014516,"2017-09-16 23:40:00"
IOP,0.00014526,"2017-09-16 23:45:00"
IOP,0.00014526,"2017-09-16 23:50:00"
IOP,0.00014526,"2017-09-16 23:55:00"
IOP,0.00014526,"2017-09-17 00:00:00"
IOP,0.00014526,"2017-09-17 00:05:00"
IOP,0.00014526,"2017-09-17 00:10:00"
IOP,0.00014527,"2017-09-17 00:15:00"
IOP,0.00014527,"2017-09-17 00:20:00"
IOP,0.00014527,"2017-09-17 00:25:00"
IOP,0.00014527,"2017-09-17 00:30:00"
IOP,0.00014669,"2017-09-17 00:35:00"
IOP,0.00014669,"2017-09-17 00:40:00"
IOP,0.00014669,"2017-09-17 00:45:00"
IOP,0.00014669,"2017-09-17 00:50:00"
IOP,0.00014669,"2017-09-17 00:55:00"
IOP,0.00014669,"2017-09-17 01:00:00"
IOP,0.00014669,"2017-09-17 01:05:00"
IOP,0.00014669,"2017-09-17 01:10:00"
IOP,0.00014669,"2017-09-17 01:15:00"
IOP,0.00014669,"2017-09-17 01:20:00"
IOP,0.00014535,"2017-09-17 01:25:00"
IOP,0.00014535,"2017-09-17 01:30:00"
IOP,0.00014535,"2017-09-17 01:35:00"
IOP,0.00014535,"2017-09-17 01:40:00"
IOP,0.00014535,"2017-09-17 01:45:00"
IOP,0.00014535,"2017-09-17 01:50:00"
IOP,0.00014535,"2017-09-17 01:55:00"
IOP,0.00014535,"2017-09-17 02:00:00"
IOP,0.00014535,"2017-09-17 02:05:00"
IOP,0.00014535,"2017-09-17 02:10:00"
IOP,0.00014535,"2017-09-17 02:15:00"
IOP,0.00014899,"2017-09-17 02:20:00"
IOP,0.00014899,"2017-09-17 02:25:00"
IOP,0.00014899,"2017-09-17 02:30:00"
IOP,0.00014899,"2017-09-17 02:35:00"
IOP,0.00014899,"2017-09-17 02:40:00"
IOP,0.00014899,"2017-09-17 02:45:00"
IOP,0.00014899,"2017-09-17 02:50:00"
IOP,0.00014899,"2017-09-17 02:55:00"
IOP,0.00014899,"2017-09-17 03:00:00"
IOP,0.00014899,"2017-09-17 03:05:00"
IOP,0.00014899,"2017-09-17 03:10:00"
IOP,0.00014899,"2017-09-17 03:15:00"
IOP,0.00014899,"2017-09-17 03:20:00"
IOP,0.00014994,"2017-09-17 03:25:00"
IOP,0.00014994,"2017-09-17 03:30:00"
IOP,0.00014994,"2017-09-17 03:35:00"
IOP,0.00014995,"2017-09-17 03:40:00"
IOP,0.00014995,"2017-09-17 03:45:00"
IOP,0.00014995,"2017-09-17 03:50:00"
IOP,0.00015002,"2017-09-17 03:55:00"
IOP,0.00015002,"2017-09-17 04:00:00"
IOP,0.00015002,"2017-09-17 04:05:00"
IOP,0.00015002,"2017-09-17 04:10:00"
IOP,0.00015055,"2017-09-17 04:15:00"
IOP,0.00016,"2017-09-17 04:20:00"
IOP,0.00016013,"2017-09-17 04:25:00"
IOP,0.00016,"2017-09-17 04:30:00"
IOP,0.00016058,"2017-09-17 04:35:00"
IOP,0.00016058,"2017-09-17 04:40:00"
IOP,0.00015999,"2017-09-17 04:45:00"
IOP,0.00016258,"2017-09-17 04:50:00"
IOP,0.00016553,"2017-09-17 04:55:00"
IOP,0.00016791,"2017-09-17 05:00:00"
IOP,0.00016989,"2017-09-17 05:05:00"
IOP,0.00016711,"2017-09-17 05:10:00"
IOP,0.00017076,"2017-09-17 05:15:00"
IOP,0.00016777,"2017-09-17 05:20:00"
IOP,0.00016589,"2017-09-17 05:25:00"
IOP,0.00015657,"2017-09-17 05:30:00"
IOP,0.00016191,"2017-09-17 05:35:00"
IOP,0.0001618,"2017-09-17 05:40:00"
IOP,0.0001618,"2017-09-17 05:45:00"
IOP,0.000165,"2017-09-17 05:50:00"
IOP,0.0001645,"2017-09-17 05:55:00"
IOP,0.00015972,"2017-09-17 06:00:00"
IOP,0.00015896,"2017-09-17 06:05:00"
IOP,0.00015556,"2017-09-17 06:10:00"
IOP,0.00015556,"2017-09-17 06:15:00"
IOP,0.00015556,"2017-09-17 06:20:00"
IOP,0.00015095,"2017-09-17 06:25:00"
IOP,0.00015396,"2017-09-17 06:30:00"
IOP,0.00015396,"2017-09-17 06:35:00"
IOP,0.00015348,"2017-09-17 06:40:00"
IOP,0.00015348,"2017-09-17 06:45:00"
IOP,0.00015413,"2017-09-17 06:50:00"
IOP,0.00015413,"2017-09-17 06:55:00"
IOP,0.00015655,"2017-09-17 07:00:00"
IOP,0.00015654,"2017-09-17 07:05:00"
IOP,0.00015231,"2017-09-17 07:10:00"
IOP,0.00015231,"2017-09-17 07:15:00"
IOP,0.00015231,"2017-09-17 07:20:00"
IOP,0.00015258,"2017-09-17 07:25:00"
IOP,0.00015572,"2017-09-17 07:30:00"
IOP,0.00015251,"2017-09-17 07:35:00"
IOP,0.00015251,"2017-09-17 07:40:00"
IOP,0.00015251,"2017-09-17 07:45:00"
IOP,0.0001475,"2017-09-17 07:50:00"
IOP,0.0001475,"2017-09-17 07:55:00"
IOP,0.00015389,"2017-09-17 08:00:00"
IOP,0.00015389,"2017-09-17 08:05:00"
IOP,0.00015389,"2017-09-17 08:10:00"
IOP,0.00015389,"2017-09-17 08:15:00"
IOP,0.0001546,"2017-09-17 08:20:00"
IOP,0.0001546,"2017-09-17 08:25:00"
IOP,0.0001546,"2017-09-17 08:30:00"
IOP,0.0001546,"2017-09-17 08:35:00"
IOP,0.00015045,"2017-09-17 08:40:00"
IOP,0.00015346,"2017-09-17 08:45:00"
IOP,0.00015456,"2017-09-17 08:50:00"
IOP,0.00015001,"2017-09-17 08:55:00"
IOP,0.00015022,"2017-09-17 09:00:00"
IOP,0.00015047,"2017-09-17 09:05:00"
IOP,0.00014758,"2017-09-17 09:10:00"
IOP,0.00015133,"2017-09-17 09:15:00"
IOP,0.0001475,"2017-09-17 09:20:00"
IOP,0.0001475,"2017-09-17 09:25:00"
IOP,0.00015034,"2017-09-17 09:30:00"
IOP,0.00015034,"2017-09-17 09:35:00"
IOP,0.00015034,"2017-09-17 09:40:00"
IOP,0.00014802,"2017-09-17 09:45:00"
IOP,0.00015142,"2017-09-17 09:50:00"
IOP,0.00015142,"2017-09-17 09:55:00"
IOP,0.00015142,"2017-09-17 10:00:00"
IOP,0.00015142,"2017-09-17 10:05:00"
IOP,0.00015226,"2017-09-17 10:10:00"
IOP,0.00015228,"2017-09-17 10:15:00"
IOP,0.00015346,"2017-09-17 10:20:00"
IOP,0.00015346,"2017-09-17 10:25:00"
IOP,0.00015226,"2017-09-17 10:30:00"
IOP,0.00015226,"2017-09-17 10:35:00"
IOP,0.00015226,"2017-09-17 10:40:00"
IOP,0.00015226,"2017-09-17 10:45:00"
IOP,0.00015008,"2017-09-17 10:50:00"
IOP,0.00015008,"2017-09-17 10:55:00"
IOP,0.00015489,"2017-09-17 11:00:00"
IOP,0.000155,"2017-09-17 11:05:00"
IOP,0.000155,"2017-09-17 11:10:00"
IOP,0.000155,"2017-09-17 11:15:00"
IOP,0.00015,"2017-09-17 11:20:00"
IOP,0.00015,"2017-09-17 11:25:00"
IOP,0.0001548,"2017-09-17 11:30:00"
IOP,0.0001548,"2017-09-17 11:35:00"
IOP,0.0001548,"2017-09-17 11:40:00"
IOP,0.00015,"2017-09-17 11:45:00"
IOP,0.00015,"2017-09-17 11:50:00"
IOP,0.00015,"2017-09-17 11:55:00"
IOP,0.00015,"2017-09-17 12:00:00"
IOP,0.00015,"2017-09-17 12:05:00"
IOP,0.00015,"2017-09-17 12:10:00"
IOP,0.00015,"2017-09-17 12:15:00"
IOP,0.0001528,"2017-09-17 12:20:00"
IOP,0.00015481,"2017-09-17 12:25:00"
IOP,0.00015481,"2017-09-17 12:30:00"
IOP,0.00015484,"2017-09-17 12:35:00"
IOP,0.000155,"2017-09-17 12:40:00"
IOP,0.00015737,"2017-09-17 12:45:00"
IOP,0.00016,"2017-09-17 12:50:00"
IOP,0.00017489,"2017-09-17 12:55:00"
IOP,0.00017,"2017-09-17 13:00:00"
IOP,0.00016623,"2017-09-17 13:05:00"
IOP,0.00017351,"2017-09-17 13:10:00"
IOP,0.000173,"2017-09-17 13:15:00"
IOP,0.00015998,"2017-09-17 13:20:00"
IOP,0.00016459,"2017-09-17 13:25:00"
IOP,0.00016459,"2017-09-17 13:30:00"
IOP,0.00016558,"2017-09-17 13:35:00"
IOP,0.00016622,"2017-09-17 13:40:00"
IOP,0.00017,"2017-09-17 13:45:00"
IOP,0.00017,"2017-09-17 13:50:00"
IOP,0.00017127,"2017-09-17 13:55:00"
IOP,0.00017128,"2017-09-17 14:00:00"
IOP,0.00017253,"2017-09-17 14:05:00"
IOP,0.00017253,"2017-09-17 14:10:00"
IOP,0.00017253,"2017-09-17 14:15:00"
IOP,0.000173,"2017-09-17 14:20:00"
IOP,0.00017899,"2017-09-17 14:25:00"
IOP,0.0001865,"2017-09-17 14:30:00"
IOP,0.00018307,"2017-09-17 14:35:00"
IOP,0.0001908,"2017-09-17 14:40:00"
IOP,0.000192,"2017-09-17 14:45:00"
IOP,0.00019722,"2017-09-17 14:50:00"
IOP,0.00021,"2017-09-17 14:55:00"
IOP,0.00019933,"2017-09-17 15:00:00"
IOP,0.00020999,"2017-09-17 15:05:00"
IOP,0.0002034,"2017-09-17 15:10:00"
IOP,0.0002095,"2017-09-17 15:15:00"
IOP,0.00020999,"2017-09-17 15:20:00"
IOP,0.00019735,"2017-09-17 15:25:00"
IOP,0.00019903,"2017-09-17 15:30:00"
IOP,0.0001951,"2017-09-17 15:35:00"
IOP,0.000194,"2017-09-17 15:40:00"
IOP,0.00019343,"2017-09-17 15:45:00"
IOP,0.00020133,"2017-09-17 15:50:00"
IOP,0.00020998,"2017-09-17 15:55:00"
IOP,0.000219,"2017-09-17 16:00:00"
IOP,0.00026007,"2017-09-17 16:05:00"
IOP,0.000258,"2017-09-17 16:10:00"
IOP,0.00026256,"2017-09-17 16:15:00"
IOP,0.00025485,"2017-09-17 16:20:00"
IOP,0.00026644,"2017-09-17 16:25:00"
IOP,0.00026599,"2017-09-17 16:30:00"
IOP,0.00027502,"2017-09-17 16:35:00"
IOP,0.00030199,"2017-09-17 16:40:00"
IOP,0.0003121,"2017-09-17 16:45:00"
IOP,0.0003103,"2017-09-17 16:50:00"
IOP,0.00029009,"2017-09-17 16:55:00"
IOP,0.000285,"2017-09-17 17:00:00"
IOP,0.00028,"2017-09-17 17:05:00"
IOP,0.00028,"2017-09-17 17:10:00"
IOP,0.00027123,"2017-09-17 17:15:00"
IOP,0.00027299,"2017-09-17 17:20:00"
IOP,0.00028064,"2017-09-17 17:25:00"
IOP,0.00027299,"2017-09-17 17:30:00"
IOP,0.00026602,"2017-09-17 17:35:00"
IOP,0.00027089,"2017-09-17 17:40:00"
IOP,0.0002578,"2017-09-17 17:45:00"
IOP,0.0002588,"2017-09-17 17:50:00"
IOP,0.00025326,"2017-09-17 17:55:00"
IOP,0.00024668,"2017-09-17 18:00:00"
IOP,0.00025482,"2017-09-17 18:05:00"
IOP,0.00025808,"2017-09-17 18:10:00"
IOP,0.00027841,"2017-09-17 18:15:00"
IOP,0.00026716,"2017-09-17 18:20:00"
IOP,0.000275,"2017-09-17 18:25:00"
IOP,0.000276,"2017-09-17 18:30:00"
IOP,0.00027233,"2017-09-17 18:35:00"
IOP,0.00027696,"2017-09-17 18:40:00"
IOP,0.000265,"2017-09-17 18:45:00"
IOP,0.00026871,"2017-09-17 18:50:00"
IOP,0.00027297,"2017-09-17 18:55:00"
IOP,0.00027298,"2017-09-17 19:00:00"
IOP,0.00027,"2017-09-17 19:05:00"
IOP,0.000272,"2017-09-17 19:10:00"
IOP,0.0002732,"2017-09-17 19:15:00"
IOP,0.000275,"2017-09-17 19:20:00"
IOP,0.00027999,"2017-09-17 19:25:00"
IOP,0.00027497,"2017-09-17 19:30:00"
IOP,0.000267,"2017-09-17 19:35:00"
IOP,0.0002655,"2017-09-17 19:40:00"
IOP,0.00026422,"2017-09-17 19:45:00"
IOP,0.00026424,"2017-09-17 19:50:00"
IOP,0.00026424,"2017-09-17 19:55:00"
IOP,0.00026199,"2017-09-17 20:00:00"
IOP,0.00025655,"2017-09-17 20:05:00"
IOP,0.00026198,"2017-09-17 20:10:00"
IOP,0.000261,"2017-09-17 20:15:00"
IOP,0.00025778,"2017-09-17 20:20:00"
IOP,0.00025526,"2017-09-17 20:25:00"
IOP,0.00025621,"2017-09-17 20:30:00"
IOP,0.00025,"2017-09-17 20:35:00"
IOP,0.00025602,"2017-09-17 20:40:00"
IOP,0.00025,"2017-09-17 20:45:00"
IOP,0.00025,"2017-09-17 20:50:00"
IOP,0.000255,"2017-09-17 20:55:00"
IOP,0.00025332,"2017-09-17 21:00:00"
IOP,0.00025289,"2017-09-17 21:05:00"
IOP,0.000251,"2017-09-17 21:10:00"
IOP,0.00024779,"2017-09-17 21:15:00"
IOP,0.000248,"2017-09-17 21:20:00"
IOP,0.00024801,"2017-09-17 21:25:00"
IOP,0.00024998,"2017-09-17 21:30:00"
IOP,0.000251,"2017-09-17 21:35:00"
IOP,0.0002481,"2017-09-17 21:40:00"
IOP,0.000257,"2017-09-17 21:45:00"
IOP,0.000255,"2017-09-17 21:50:00"
IOP,0.00025888,"2017-09-17 21:55:00"
IOP,0.000265,"2017-09-17 22:00:00"
IOP,0.00026299,"2017-09-17 22:05:00"
IOP,0.00025996,"2017-09-17 22:10:00"
IOP,0.00025142,"2017-09-17 22:15:00"
IOP,0.00025116,"2017-09-17 22:20:00"
IOP,0.00025111,"2017-09-17 22:25:00"
IOP,0.00025333,"2017-09-17 22:30:00"
IOP,0.00025116,"2017-09-17 22:35:00"
IOP,0.00025111,"2017-09-17 22:40:00"
IOP,0.00024802,"2017-09-17 22:45:00"
IOP,0.0002432,"2017-09-17 22:50:00"
IOP,0.00024802,"2017-09-17 22:55:00"
IOP,0.0002475,"2017-09-17 23:00:00"
IOP,0.0002475,"2017-09-17 23:05:00"
IOP,0.00025377,"2017-09-17 23:10:00"
IOP,0.000254,"2017-09-17 23:15:00"
IOP,0.0002566,"2017-09-17 23:20:00"
IOP,0.00025914,"2017-09-17 23:25:00"
IOP,0.00025914,"2017-09-17 23:30:00"
IOP,0.0002517,"2017-09-17 23:35:00"
IOP,0.00024876,"2017-09-17 23:40:00"
IOP,0.00024876,"2017-09-17 23:45:00"
IOP,0.00024161,"2017-09-17 23:50:00"
IOP,0.00025125,"2017-09-17 23:55:00"
IOP,0.0002475,"2017-09-18 00:00:00"
IOP,0.0002475,"2017-09-18 00:05:00"
IOP,0.00024393,"2017-09-18 00:10:00"
IOP,0.00024,"2017-09-18 00:15:00"
IOP,0.00023434,"2017-09-18 00:20:00"
IOP,0.000239,"2017-09-18 00:25:00"
IOP,0.00023998,"2017-09-18 00:30:00"
IOP,0.00023452,"2017-09-18 00:35:00"
IOP,0.00023286,"2017-09-18 00:40:00"
IOP,0.0002372,"2017-09-18 00:45:00"
IOP,0.00024499,"2017-09-18 00:50:00"
IOP,0.00025044,"2017-09-18 00:55:00"
IOP,0.00024999,"2017-09-18 01:00:00"
IOP,0.00024614,"2017-09-18 01:05:00"
IOP,0.00024297,"2017-09-18 01:10:00"
IOP,0.00023904,"2017-09-18 01:15:00"
IOP,0.000234,"2017-09-18 01:20:00"
IOP,0.00023255,"2017-09-18 01:25:00"
IOP,0.0002346,"2017-09-18 01:30:00"
IOP,0.00024,"2017-09-18 01:35:00"
IOP,0.00024275,"2017-09-18 01:40:00"
IOP,0.0002415,"2017-09-18 01:45:00"
IOP,0.0002425,"2017-09-18 01:50:00"
IOP,0.00024225,"2017-09-18 01:55:00"
IOP,0.00024003,"2017-09-18 02:00:00"
IOP,0.00024,"2017-09-18 02:05:00"
IOP,0.00024225,"2017-09-18 02:10:00"
IOP,0.00024,"2017-09-18 02:15:00"
IOP,0.00024,"2017-09-18 02:20:00"
IOP,0.00023755,"2017-09-18 02:25:00"
IOP,0.00023755,"2017-09-18 02:30:00"
IOP,0.00023055,"2017-09-18 02:35:00"
IOP,0.00023753,"2017-09-18 02:40:00"
IOP,0.00023929,"2017-09-18 02:45:00"
IOP,0.00023517,"2017-09-18 02:50:00"
IOP,0.00023045,"2017-09-18 02:55:00"
IOP,0.00023286,"2017-09-18 03:00:00"
IOP,0.000234,"2017-09-18 03:05:00"
IOP,0.00023517,"2017-09-18 03:10:00"
IOP,0.000238,"2017-09-18 03:15:00"
IOP,0.000238,"2017-09-18 03:20:00"
IOP,0.00024111,"2017-09-18 03:25:00"
IOP,0.00023889,"2017-09-18 03:30:00"
IOP,0.00024183,"2017-09-18 03:35:00"
IOP,0.00024225,"2017-09-18 03:40:00"
IOP,0.00024736,"2017-09-18 03:45:00"
IOP,0.000275,"2017-09-18 03:50:00"
IOP,0.00026502,"2017-09-18 03:55:00"
IOP,0.000267,"2017-09-18 04:00:00"
IOP,0.00026979,"2017-09-18 04:05:00"
IOP,0.00025705,"2017-09-18 04:10:00"
IOP,0.00024626,"2017-09-18 04:15:00"
IOP,0.00025305,"2017-09-18 04:20:00"
IOP,0.00025582,"2017-09-18 04:25:00"
IOP,0.00025211,"2017-09-18 04:30:00"
IOP,0.0002592,"2017-09-18 04:35:00"
IOP,0.00026499,"2017-09-18 04:40:00"
IOP,0.00025921,"2017-09-18 04:45:00"
IOP,0.00026299,"2017-09-18 04:50:00"
IOP,0.0002651,"2017-09-18 04:55:00"
IOP,0.00026498,"2017-09-18 05:00:00"
IOP,0.00025152,"2017-09-18 05:05:00"
IOP,0.00025,"2017-09-18 05:10:00"
IOP,0.00024657,"2017-09-18 05:15:00"
IOP,0.00024657,"2017-09-18 05:20:00"
IOP,0.0002499,"2017-09-18 05:25:00"
IOP,0.00024961,"2017-09-18 05:30:00"
IOP,0.00024961,"2017-09-18 05:35:00"
IOP,0.00025153,"2017-09-18 05:40:00"
IOP,0.00025,"2017-09-18 05:45:00"
IOP,0.00025998,"2017-09-18 05:50:00"
IOP,0.0002566,"2017-09-18 05:55:00"
IOP,0.000253,"2017-09-18 06:00:00"
IOP,0.00025,"2017-09-18 06:05:00"
IOP,0.00025,"2017-09-18 06:10:00"
IOP,0.000249,"2017-09-18 06:15:00"
IOP,0.00025343,"2017-09-18 06:20:00"
IOP,0.00025998,"2017-09-18 06:25:00"
IOP,0.00026,"2017-09-18 06:30:00"
IOP,0.0002624,"2017-09-18 06:35:00"
IOP,0.0002669,"2017-09-18 06:40:00"
IOP,0.00026516,"2017-09-18 06:45:00"
IOP,0.00027207,"2017-09-18 06:50:00"
IOP,0.00027207,"2017-09-18 06:55:00"
IOP,0.00028201,"2017-09-18 07:00:00"
IOP,0.000289,"2017-09-18 07:05:00"
IOP,0.00029251,"2017-09-18 07:10:00"
IOP,0.000308,"2017-09-18 07:15:00"
IOP,0.00029252,"2017-09-18 07:20:00"
IOP,0.000295,"2017-09-18 07:25:00"
IOP,0.00029492,"2017-09-18 07:30:00"
IOP,0.00029647,"2017-09-18 07:35:00"
IOP,0.00029801,"2017-09-18 07:40:00"
IOP,0.00030137,"2017-09-18 07:45:00"
IOP,0.00030993,"2017-09-18 07:50:00"
IOP,0.00030993,"2017-09-18 07:55:00"
IOP,0.00030988,"2017-09-18 08:00:00"
IOP,0.000302,"2017-09-18 08:05:00"
IOP,0.000285,"2017-09-18 08:10:00"
IOP,0.00030081,"2017-09-18 08:15:00"
IOP,0.000301,"2017-09-18 08:20:00"
IOP,0.00029,"2017-09-18 08:25:00"
IOP,0.000285,"2017-09-18 08:30:00"
IOP,0.00028116,"2017-09-18 08:35:00"
IOP,0.00028115,"2017-09-18 08:40:00"
IOP,0.00027827,"2017-09-18 08:45:00"
IOP,0.00028,"2017-09-18 08:50:00"
IOP,0.00027655,"2017-09-18 08:55:00"
IOP,0.00028001,"2017-09-18 09:00:00"
IOP,0.00027916,"2017-09-18 09:05:00"
IOP,0.0002723,"2017-09-18 09:10:00"
IOP,0.00027121,"2017-09-18 09:15:00"
IOP,0.00027135,"2017-09-18 09:20:00"
IOP,0.00027136,"2017-09-18 09:25:00"
IOP,0.00027135,"2017-09-18 09:30:00"
IOP,0.00026725,"2017-09-18 09:35:00"
IOP,0.00026954,"2017-09-18 09:40:00"
IOP,0.00027137,"2017-09-18 09:45:00"
IOP,0.00027542,"2017-09-18 09:50:00"
IOP,0.00027694,"2017-09-18 09:55:00"
IOP,0.00028507,"2017-09-18 10:00:00"
IOP,0.00028499,"2017-09-18 10:05:00"
IOP,0.00029494,"2017-09-18 10:10:00"
IOP,0.000305,"2017-09-18 10:15:00"
IOP,0.0003065,"2017-09-18 10:20:00"
IOP,0.00031,"2017-09-18 10:25:00"
IOP,0.000296,"2017-09-18 10:30:00"
IOP,0.00030498,"2017-09-18 10:35:00"
IOP,0.00031001,"2017-09-18 10:40:00"
IOP,0.0003165,"2017-09-18 10:45:00"
IOP,0.00030566,"2017-09-18 10:50:00"
IOP,0.00031302,"2017-09-18 10:55:00"
IOP,0.0002979,"2017-09-18 11:00:00"
IOP,0.00029158,"2017-09-18 11:05:00"
IOP,0.00030001,"2017-09-18 11:10:00"
IOP,0.00030872,"2017-09-18 11:15:00"
IOP,0.00031,"2017-09-18 11:20:00"
IOP,0.000304,"2017-09-18 11:25:00"
IOP,0.000304,"2017-09-18 11:30:00"
IOP,0.00030891,"2017-09-18 11:35:00"
IOP,0.00030765,"2017-09-18 11:40:00"
IOP,0.00030766,"2017-09-18 11:45:00"
IOP,0.00031284,"2017-09-18 11:50:00"
IOP,0.00031086,"2017-09-18 11:55:00"
IOP,0.00031289,"2017-09-18 12:00:00"
IOP,0.0003128,"2017-09-18 12:05:00"
IOP,0.00030766,"2017-09-18 12:10:00"
IOP,0.00030546,"2017-09-18 12:15:00"
IOP,0.000299,"2017-09-18 12:20:00"
IOP,0.00029314,"2017-09-18 12:25:00"
IOP,0.00029088,"2017-09-18 12:30:00"
IOP,0.00029787,"2017-09-18 12:35:00"
IOP,0.0003099,"2017-09-18 12:40:00"
IOP,0.00030217,"2017-09-18 12:45:00"
IOP,0.0003095,"2017-09-18 12:50:00"
IOP,0.00030356,"2017-09-18 12:55:00"
IOP,0.0003031,"2017-09-18 13:00:00"
IOP,0.0003021,"2017-09-18 13:05:00"
IOP,0.00030999,"2017-09-18 13:10:00"
IOP,0.00030503,"2017-09-18 13:15:00"
IOP,0.00030504,"2017-09-18 13:20:00"
IOP,0.00030504,"2017-09-18 13:25:00"
IOP,0.00030503,"2017-09-18 13:30:00"
IOP,0.00030898,"2017-09-18 13:35:00"
IOP,0.000308,"2017-09-18 13:40:00"
IOP,0.0003075,"2017-09-18 13:45:00"
IOP,0.00030898,"2017-09-18 13:50:00"
IOP,0.000307,"2017-09-18 13:55:00"
IOP,0.00029919,"2017-09-18 14:00:00"
IOP,0.00030294,"2017-09-18 14:05:00"
IOP,0.0002992,"2017-09-18 14:10:00"
IOP,0.00029,"2017-09-18 14:15:00"
IOP,0.00029248,"2017-09-18 14:20:00"
IOP,0.000288,"2017-09-18 14:25:00"
IOP,0.0002855,"2017-09-18 14:30:00"
IOP,0.000288,"2017-09-18 14:35:00"
IOP,0.0002958,"2017-09-18 14:40:00"
IOP,0.00030083,"2017-09-18 14:45:00"
IOP,0.000293,"2017-09-18 14:50:00"
IOP,0.000293,"2017-09-18 14:55:00"
IOP,0.00029,"2017-09-18 15:00:00"
IOP,0.00028709,"2017-09-18 15:05:00"
IOP,0.00028802,"2017-09-18 15:10:00"
IOP,0.000287,"2017-09-18 15:15:00"
IOP,0.00027936,"2017-09-18 15:20:00"
IOP,0.00026747,"2017-09-18 15:25:00"
IOP,0.000271,"2017-09-18 15:30:00"
IOP,0.00027556,"2017-09-18 15:35:00"
IOP,0.00026842,"2017-09-18 15:40:00"
IOP,0.00027195,"2017-09-18 15:45:00"
IOP,0.00026704,"2017-09-18 15:50:00"
IOP,0.00026608,"2017-09-18 15:55:00"
IOP,0.00026604,"2017-09-18 16:00:00"
IOP,0.00026589,"2017-09-18 16:05:00"
IOP,0.00026616,"2017-09-18 16:10:00"
IOP,0.00027,"2017-09-18 16:15:00"
IOP,0.00027056,"2017-09-18 16:20:00"
IOP,0.0002715,"2017-09-18 16:25:00"
IOP,0.000275,"2017-09-18 16:30:00"
IOP,0.000275,"2017-09-18 16:35:00"
IOP,0.00027306,"2017-09-18 16:40:00"
IOP,0.00027189,"2017-09-18 16:45:00"
IOP,0.00027189,"2017-09-18 16:50:00"
IOP,0.0002719,"2017-09-18 16:55:00"
IOP,0.00027528,"2017-09-18 17:00:00"
IOP,0.00027528,"2017-09-18 17:05:00"
IOP,0.00027843,"2017-09-18 17:10:00"
IOP,0.00027935,"2017-09-18 17:15:00"
IOP,0.00027879,"2017-09-18 17:20:00"
IOP,0.000276,"2017-09-18 17:25:00"
IOP,0.00027595,"2017-09-18 17:30:00"
IOP,0.00027528,"2017-09-18 17:35:00"
IOP,0.00027528,"2017-09-18 17:40:00"
IOP,0.00027189,"2017-09-18 17:45:00"
IOP,0.00027499,"2017-09-18 17:50:00"
IOP,0.00027499,"2017-09-18 17:55:00"
IOP,0.00027,"2017-09-18 18:00:00"
IOP,0.00027499,"2017-09-18 18:05:00"
IOP,0.000275,"2017-09-18 18:10:00"
IOP,0.00027549,"2017-09-18 18:15:00"
IOP,0.00027001,"2017-09-18 18:20:00"
IOP,0.00027,"2017-09-18 18:25:00"
IOP,0.00027001,"2017-09-18 18:30:00"
IOP,0.00026527,"2017-09-18 18:35:00"
IOP,0.00025519,"2017-09-18 18:40:00"
IOP,0.00025999,"2017-09-18 18:45:00"
IOP,0.00025698,"2017-09-18 18:50:00"
IOP,0.00026012,"2017-09-18 18:55:00"
IOP,0.00025502,"2017-09-18 19:00:00"
IOP,0.00025114,"2017-09-18 19:05:00"
IOP,0.00025107,"2017-09-18 19:10:00"
IOP,0.00025113,"2017-09-18 19:15:00"
IOP,0.00025114,"2017-09-18 19:20:00"
IOP,0.00025114,"2017-09-18 19:25:00"
IOP,0.00025113,"2017-09-18 19:30:00"
IOP,0.00025107,"2017-09-18 19:35:00"
IOP,0.00025035,"2017-09-18 19:40:00"
IOP,0.00025001,"2017-09-18 19:45:00"
IOP,0.00025,"2017-09-18 19:50:00"
IOP,0.00024699,"2017-09-18 19:55:00"
IOP,0.00024701,"2017-09-18 20:00:00"
IOP,0.000247,"2017-09-18 20:05:00"
IOP,0.00024367,"2017-09-18 20:10:00"
IOP,0.00024545,"2017-09-18 20:15:00"
IOP,0.00024544,"2017-09-18 20:20:00"
IOP,0.000245,"2017-09-18 20:25:00"
IOP,0.000245,"2017-09-18 20:30:00"
IOP,0.0002434,"2017-09-18 20:35:00"
IOP,0.00025359,"2017-09-18 20:40:00"
IOP,0.0002618,"2017-09-18 20:45:00"
IOP,0.00028012,"2017-09-18 20:50:00"
IOP,0.0002856,"2017-09-18 20:55:00"
IOP,0.00028699,"2017-09-18 21:00:00"
IOP,0.00029376,"2017-09-18 21:05:00"
IOP,0.00029382,"2017-09-18 21:10:00"
IOP,0.00029999,"2017-09-18 21:15:00"
IOP,0.00029081,"2017-09-18 21:20:00"
IOP,0.000305,"2017-09-18 21:25:00"
IOP,0.00030198,"2017-09-18 21:30:00"
IOP,0.00031,"2017-09-18 21:35:00"
IOP,0.00031014,"2017-09-18 21:40:00"
IOP,0.00029398,"2017-09-18 21:45:00"
IOP,0.00030291,"2017-09-18 21:50:00"
IOP,0.00031,"2017-09-18 21:55:00"
IOP,0.00029992,"2017-09-18 22:00:00"
IOP,0.0002999,"2017-09-18 22:05:00"
IOP,0.00029657,"2017-09-18 22:10:00"
IOP,0.00029028,"2017-09-18 22:15:00"
IOP,0.00028778,"2017-09-18 22:20:00"
IOP,0.00028301,"2017-09-18 22:25:00"
IOP,0.0002836,"2017-09-18 22:30:00"
IOP,0.00028666,"2017-09-18 22:35:00"
IOP,0.000285,"2017-09-18 22:40:00"
IOP,0.00028864,"2017-09-18 22:45:00"
IOP,0.00028822,"2017-09-18 22:50:00"
IOP,0.00028201,"2017-09-18 22:55:00"
IOP,0.00028501,"2017-09-18 23:00:00"
IOP,0.00028788,"2017-09-18 23:05:00"
IOP,0.00029092,"2017-09-18 23:10:00"
IOP,0.000285,"2017-09-18 23:15:00"
IOP,0.000286,"2017-09-18 23:20:00"
IOP,0.0002861,"2017-09-18 23:25:00"
IOP,0.000286,"2017-09-18 23:30:00"
IOP,0.00028789,"2017-09-18 23:35:00"
IOP,0.00028601,"2017-09-18 23:40:00"
IOP,0.00028601,"2017-09-18 23:45:00"
IOP,0.00028974,"2017-09-18 23:50:00"
IOP,0.00028971,"2017-09-18 23:55:00"
IOP,0.0003,"2017-09-19 00:00:00"
IOP,0.00029437,"2017-09-19 00:05:00"
IOP,0.00030983,"2017-09-19 00:10:00"
IOP,0.00029512,"2017-09-19 00:15:00"
IOP,0.00029512,"2017-09-19 00:20:00"
IOP,0.00029566,"2017-09-19 00:25:00"
IOP,0.0003006,"2017-09-19 00:30:00"
IOP,0.0003018,"2017-09-19 00:35:00"
IOP,0.0003018,"2017-09-19 00:40:00"
IOP,0.0003018,"2017-09-19 00:45:00"
IOP,0.00030061,"2017-09-19 00:50:00"
IOP,0.00030062,"2017-09-19 00:55:00"
IOP,0.00030062,"2017-09-19 01:00:00"
IOP,0.00030397,"2017-09-19 01:05:00"
IOP,0.00030398,"2017-09-19 01:10:00"
IOP,0.00030397,"2017-09-19 01:15:00"
IOP,0.00030399,"2017-09-19 01:20:00"
IOP,0.00030399,"2017-09-19 01:25:00"
IOP,0.00030397,"2017-09-19 01:30:00"
IOP,0.000304,"2017-09-19 01:35:00"
IOP,0.000304,"2017-09-19 01:40:00"
IOP,0.00032,"2017-09-19 01:45:00"
IOP,0.00033,"2017-09-19 01:50:00"
IOP,0.000335,"2017-09-19 01:55:00"
IOP,0.00033785,"2017-09-19 02:00:00"
IOP,0.00033,"2017-09-19 02:05:00"
IOP,0.00032701,"2017-09-19 02:10:00"
IOP,0.00031994,"2017-09-19 02:15:00"
IOP,0.00033888,"2017-09-19 02:20:00"
IOP,0.00034498,"2017-09-19 02:25:00"
IOP,0.00033892,"2017-09-19 02:30:00"
IOP,0.00034486,"2017-09-19 02:35:00"
IOP,0.0003459,"2017-09-19 02:40:00"
IOP,0.00036837,"2017-09-19 02:45:00"
IOP,0.00037554,"2017-09-19 02:50:00"
IOP,0.00039111,"2017-09-19 02:55:00"
IOP,0.00040356,"2017-09-19 03:00:00"
IOP,0.00039142,"2017-09-19 03:05:00"
IOP,0.00039603,"2017-09-19 03:10:00"
IOP,0.00039989,"2017-09-19 03:15:00"
IOP,0.000385,"2017-09-19 03:20:00"
IOP,0.0003711,"2017-09-19 03:25:00"
IOP,0.00038019,"2017-09-19 03:30:00"
IOP,0.00038299,"2017-09-19 03:35:00"
IOP,0.00039566,"2017-09-19 03:40:00"
IOP,0.00040347,"2017-09-19 03:45:00"
IOP,0.00043,"2017-09-19 03:50:00"
IOP,0.00040842,"2017-09-19 03:55:00"
IOP,0.00040981,"2017-09-19 04:00:00"
IOP,0.00041279,"2017-09-19 04:05:00"
IOP,0.00043998,"2017-09-19 04:10:00"
IOP,0.00046196,"2017-09-19 04:15:00"
IOP,0.00043998,"2017-09-19 04:20:00"
IOP,0.00045297,"2017-09-19 04:25:00"
IOP,0.00045546,"2017-09-19 04:30:00"
IOP,0.0005299,"2017-09-19 04:35:00"
IOP,0.00053897,"2017-09-19 04:40:00"
IOP,0.00057479,"2017-09-19 04:45:00"
IOP,0.00054497,"2017-09-19 04:50:00"
IOP,0.000557,"2017-09-19 04:55:00"
IOP,0.00054024,"2017-09-19 05:00:00"
IOP,0.00051,"2017-09-19 05:05:00"
IOP,0.00052,"2017-09-19 05:10:00"
IOP,0.00051987,"2017-09-19 05:15:00"
IOP,0.0005135,"2017-09-19 05:20:00"
IOP,0.000514,"2017-09-19 05:25:00"
IOP,0.00051104,"2017-09-19 05:30:00"
IOP,0.0005,"2017-09-19 05:35:00"
IOP,0.00048871,"2017-09-19 05:40:00"
IOP,0.000472,"2017-09-19 05:45:00"
IOP,0.0004763,"2017-09-19 05:50:00"
IOP,0.00047697,"2017-09-19 05:55:00"
IOP,0.00047127,"2017-09-19 06:00:00"
IOP,0.000483,"2017-09-19 06:05:00"
IOP,0.00052003,"2017-09-19 06:10:00"
IOP,0.00052998,"2017-09-19 06:15:00"
IOP,0.0005101,"2017-09-19 06:20:00"
IOP,0.00048839,"2017-09-19 06:25:00"
IOP,0.000505,"2017-09-19 06:30:00"
IOP,0.00050501,"2017-09-19 06:35:00"
IOP,0.00050499,"2017-09-19 06:40:00"
IOP,0.000514,"2017-09-19 06:45:00"
IOP,0.00049899,"2017-09-19 06:50:00"
IOP,0.00048814,"2017-09-19 06:55:00"
IOP,0.00048111,"2017-09-19 07:00:00"
IOP,0.00046999,"2017-09-19 07:05:00"
IOP,0.00046724,"2017-09-19 07:10:00"
IOP,0.00048176,"2017-09-19 07:15:00"
IOP,0.00047044,"2017-09-19 07:20:00"
IOP,0.00045011,"2017-09-19 07:25:00"
IOP,0.00043776,"2017-09-19 07:30:00"
IOP,0.00043278,"2017-09-19 07:35:00"
IOP,0.00043279,"2017-09-19 07:40:00"
IOP,0.00045124,"2017-09-19 07:45:00"
IOP,0.00043844,"2017-09-19 07:50:00"
IOP,0.00044793,"2017-09-19 07:55:00"
IOP,0.000452,"2017-09-19 08:00:00"
IOP,0.00046935,"2017-09-19 08:05:00"
IOP,0.00047983,"2017-09-19 08:10:00"
IOP,0.000509,"2017-09-19 08:15:00"
IOP,0.00048216,"2017-09-19 08:20:00"
IOP,0.00046805,"2017-09-19 08:25:00"
IOP,0.00048198,"2017-09-19 08:30:00"
IOP,0.00047999,"2017-09-19 08:35:00"
IOP,0.00047897,"2017-09-19 08:40:00"
IOP,0.000478,"2017-09-19 08:45:00"
IOP,0.00047897,"2017-09-19 08:50:00"
IOP,0.0004778,"2017-09-19 08:55:00"
IOP,0.00048397,"2017-09-19 09:00:00"
IOP,0.0005399,"2017-09-19 09:05:00"
IOP,0.00050091,"2017-09-19 09:10:00"
IOP,0.00049818,"2017-09-19 09:15:00"
IOP,0.00050499,"2017-09-19 09:20:00"
IOP,0.00052133,"2017-09-19 09:25:00"
IOP,0.00053177,"2017-09-19 09:30:00"
IOP,0.00053922,"2017-09-19 09:35:00"
IOP,0.00052999,"2017-09-19 09:40:00"
IOP,0.00052502,"2017-09-19 09:45:00"
IOP,0.000515,"2017-09-19 09:50:00"
IOP,0.00052105,"2017-09-19 09:55:00"
IOP,0.00052146,"2017-09-19 10:00:00"
IOP,0.0005339,"2017-09-19 10:05:00"
IOP,0.00054445,"2017-09-19 10:10:00"
IOP,0.0005412,"2017-09-19 10:15:00"
IOP,0.000544,"2017-09-19 10:20:00"
IOP,0.00053001,"2017-09-19 10:25:00"
IOP,0.00051417,"2017-09-19 10:30:00"
IOP,0.00052445,"2017-09-19 10:35:00"
IOP,0.00053826,"2017-09-19 10:40:00"
IOP,0.00053,"2017-09-19 10:45:00"
IOP,0.0005412,"2017-09-19 10:50:00"
IOP,0.000542,"2017-09-19 10:55:00"
IOP,0.0005306,"2017-09-19 11:00:00"
IOP,0.00054199,"2017-09-19 11:05:00"
IOP,0.00053997,"2017-09-19 11:10:00"
IOP,0.0005389,"2017-09-19 11:15:00"
IOP,0.0005325,"2017-09-19 11:20:00"
IOP,0.00053205,"2017-09-19 11:25:00"
IOP,0.00053499,"2017-09-19 11:30:00"
IOP,0.0005389,"2017-09-19 11:35:00"
IOP,0.0005885,"2017-09-19 11:40:00"
IOP,0.00054502,"2017-09-19 11:45:00"
IOP,0.00056938,"2017-09-19 11:50:00"
IOP,0.000597,"2017-09-19 11:55:00"
IOP,0.00057795,"2017-09-19 12:00:00"
IOP,0.00061205,"2017-09-19 12:05:00"
IOP,0.00064355,"2017-09-19 12:10:00"
IOP,0.00062986,"2017-09-19 12:15:00"
IOP,0.000616,"2017-09-19 12:20:00"
IOP,0.00059998,"2017-09-19 12:25:00"
IOP,0.00061066,"2017-09-19 12:30:00"
IOP,0.00061,"2017-09-19 12:35:00"
IOP,0.000615,"2017-09-19 12:40:00"
IOP,0.00063999,"2017-09-19 12:45:00"
IOP,0.00063,"2017-09-19 12:50:00"
IOP,0.00064,"2017-09-19 12:55:00"
IOP,0.00064799,"2017-09-19 13:00:00"
IOP,0.000698,"2017-09-19 13:05:00"
IOP,0.00070414,"2017-09-19 13:10:00"
IOP,0.00071,"2017-09-19 13:15:00"
IOP,0.00072488,"2017-09-19 13:20:00"
IOP,0.00069,"2017-09-19 13:25:00"
IOP,0.00067497,"2017-09-19 13:30:00"
IOP,0.00063999,"2017-09-19 13:35:00"
IOP,0.00063099,"2017-09-19 13:40:00"
IOP,0.0006264,"2017-09-19 13:45:00"
IOP,0.0006396,"2017-09-19 13:50:00"
IOP,0.00064483,"2017-09-19 13:55:00"
IOP,0.00062501,"2017-09-19 14:00:00"
IOP,0.00062027,"2017-09-19 14:05:00"
IOP,0.00060374,"2017-09-19 14:10:00"
IOP,0.000619,"2017-09-19 14:15:00"
IOP,0.00061001,"2017-09-19 14:20:00"
IOP,0.00063005,"2017-09-19 14:25:00"
IOP,0.00062999,"2017-09-19 14:30:00"
IOP,0.00063136,"2017-09-19 14:35:00"
IOP,0.00063002,"2017-09-19 14:40:00"
IOP,0.00064,"2017-09-19 14:45:00"
IOP,0.000638,"2017-09-19 14:50:00"
IOP,0.000665,"2017-09-19 14:55:00"
IOP,0.000684,"2017-09-19 15:00:00"
IOP,0.00068333,"2017-09-19 15:05:00"
IOP,0.00065,"2017-09-19 15:10:00"
IOP,0.00062612,"2017-09-19 15:15:00"
IOP,0.00064381,"2017-09-19 15:20:00"
IOP,0.00064999,"2017-09-19 15:25:00"
IOP,0.0006262,"2017-09-19 15:30:00"
IOP,0.00061,"2017-09-19 15:35:00"
IOP,0.00061,"2017-09-19 15:40:00"
IOP,0.0006108,"2017-09-19 15:45:00"
IOP,0.00061601,"2017-09-19 15:50:00"
IOP,0.00061396,"2017-09-19 15:55:00"
IOP,0.00062002,"2017-09-19 16:00:00"
IOP,0.0006,"2017-09-19 16:05:00"
IOP,0.00056838,"2017-09-19 16:10:00"
IOP,0.00056004,"2017-09-19 16:15:00"
IOP,0.00058777,"2017-09-19 16:20:00"
IOP,0.000569,"2017-09-19 16:25:00"
IOP,0.000587,"2017-09-19 16:30:00"
IOP,0.00057167,"2017-09-19 16:35:00"
IOP,0.00056,"2017-09-19 16:40:00"
IOP,0.00054724,"2017-09-19 16:45:00"
IOP,0.00055,"2017-09-19 16:50:00"
IOP,0.00052955,"2017-09-19 16:55:00"
IOP,0.000534,"2017-09-19 17:00:00"
IOP,0.00056,"2017-09-19 17:05:00"
IOP,0.00055236,"2017-09-19 17:10:00"
IOP,0.00057,"2017-09-19 17:15:00"
IOP,0.0005925,"2017-09-19 17:20:00"
IOP,0.00057552,"2017-09-19 17:25:00"
IOP,0.000585,"2017-09-19 17:30:00"
IOP,0.00058,"2017-09-19 17:35:00"
IOP,0.000572,"2017-09-19 17:40:00"
IOP,0.00058,"2017-09-19 17:45:00"
IOP,0.00058369,"2017-09-19 17:50:00"
IOP,0.000589,"2017-09-19 17:55:00"
IOP,0.00062,"2017-09-19 18:00:00"
IOP,0.00061868,"2017-09-19 18:05:00"
IOP,0.00063487,"2017-09-19 18:10:00"
IOP,0.00064117,"2017-09-19 18:15:00"
IOP,0.00063468,"2017-09-19 18:20:00"
IOP,0.00064,"2017-09-19 18:25:00"
IOP,0.00063494,"2017-09-19 18:30:00"
IOP,0.00061009,"2017-09-19 18:35:00"
IOP,0.00060971,"2017-09-19 18:40:00"
IOP,0.00058409,"2017-09-19 18:45:00"
IOP,0.00057589,"2017-09-19 18:50:00"
IOP,0.0006,"2017-09-19 18:55:00"
IOP,0.000602,"2017-09-19 19:00:00"
IOP,0.00060001,"2017-09-19 19:05:00"
IOP,0.00058727,"2017-09-19 19:10:00"
IOP,0.00059809,"2017-09-19 19:15:00"
IOP,0.000597,"2017-09-19 19:20:00"
IOP,0.000597,"2017-09-19 19:25:00"
IOP,0.00059518,"2017-09-19 19:30:00"
IOP,0.00058599,"2017-09-19 19:35:00"
IOP,0.00058801,"2017-09-19 19:40:00"
IOP,0.000596,"2017-09-19 19:45:00"
IOP,0.00063,"2017-09-19 19:50:00"
IOP,0.000628,"2017-09-19 19:55:00"
IOP,0.00062542,"2017-09-19 20:00:00"
IOP,0.00062011,"2017-09-19 20:05:00"
IOP,0.000615,"2017-09-19 20:10:00"
IOP,0.000625,"2017-09-19 20:15:00"
IOP,0.0006275,"2017-09-19 20:20:00"
IOP,0.000645,"2017-09-19 20:25:00"
IOP,0.00067557,"2017-09-19 20:30:00"
IOP,0.00068311,"2017-09-19 20:35:00"
IOP,0.00067323,"2017-09-19 20:40:00"
IOP,0.00070099,"2017-09-19 20:45:00"
IOP,0.00069827,"2017-09-19 20:50:00"
IOP,0.00069705,"2017-09-19 20:55:00"
IOP,0.000715,"2017-09-19 21:00:00"
IOP,0.0007365,"2017-09-19 21:05:00"
IOP,0.00076399,"2017-09-19 21:10:00"
IOP,0.000789,"2017-09-19 21:15:00"
IOP,0.00079574,"2017-09-19 21:20:00"
IOP,0.00082899,"2017-09-19 21:25:00"
IOP,0.00082,"2017-09-19 21:30:00"
IOP,0.00077,"2017-09-19 21:35:00"
IOP,0.000777,"2017-09-19 21:40:00"
IOP,0.000801,"2017-09-19 21:45:00"
IOP,0.000822,"2017-09-19 21:50:00"
IOP,0.000815,"2017-09-19 21:55:00"
IOP,0.00081092,"2017-09-19 22:00:00"
IOP,0.00080004,"2017-09-19 22:05:00"
IOP,0.00082146,"2017-09-19 22:10:00"
IOP,0.0008231,"2017-09-19 22:15:00"
IOP,0.00084103,"2017-09-19 22:20:00"
IOP,0.00088,"2017-09-19 22:25:00"
IOP,0.00092,"2017-09-19 22:30:00"
IOP,0.0010788,"2017-09-19 22:35:00"
IOP,0.00137319,"2017-09-19 22:40:00"
IOP,0.00117346,"2017-09-19 22:45:00"
IOP,0.00113899,"2017-09-19 22:50:00"
IOP,0.00111,"2017-09-19 22:55:00"
IOP,0.00105813,"2017-09-19 23:00:00"
IOP,0.00115,"2017-09-19 23:05:00"
IOP,0.00121999,"2017-09-19 23:10:00"
IOP,0.001199,"2017-09-19 23:15:00"
IOP,0.00113,"2017-09-19 23:20:00"
IOP,0.00107999,"2017-09-19 23:25:00"
IOP,0.0011219,"2017-09-19 23:30:00"
IOP,0.00113,"2017-09-19 23:35:00"
IOP,0.001087,"2017-09-19 23:40:00"
IOP,0.00104,"2017-09-19 23:45:00"
IOP,0.001036,"2017-09-19 23:50:00"
IOP,0.0010527,"2017-09-19 23:55:00"
IOP,0.00109005,"2017-09-20 00:00:00"
IOP,0.00109,"2017-09-20 00:05:00"
IOP,0.001078,"2017-09-20 00:10:00"
IOP,0.00106833,"2017-09-20 00:15:00"
IOP,0.00108,"2017-09-20 00:20:00"
IOP,0.00106106,"2017-09-20 00:25:00"
IOP,0.00101333,"2017-09-20 00:30:00"
IOP,0.000969,"2017-09-20 00:35:00"
IOP,0.00092072,"2017-09-20 00:40:00"
IOP,0.00090004,"2017-09-20 00:45:00"
IOP,0.00092,"2017-09-20 00:50:00"
IOP,0.00090069,"2017-09-20 00:55:00"
IOP,0.00089,"2017-09-20 01:00:00"
IOP,0.00087156,"2017-09-20 01:05:00"
IOP,0.00093174,"2017-09-20 01:10:00"
IOP,0.000934,"2017-09-20 01:15:00"
IOP,0.000916,"2017-09-20 01:20:00"
IOP,0.000914,"2017-09-20 01:25:00"
IOP,0.0009278,"2017-09-20 01:30:00"
IOP,0.000988,"2017-09-20 01:35:00"
IOP,0.001,"2017-09-20 01:40:00"
IOP,0.001066,"2017-09-20 01:45:00"
IOP,0.00103507,"2017-09-20 01:50:00"
IOP,0.00102,"2017-09-20 01:55:00"
IOP,0.0009722,"2017-09-20 02:00:00"
IOP,0.00100865,"2017-09-20 02:05:00"
IOP,0.00106399,"2017-09-20 02:10:00"
IOP,0.00105,"2017-09-20 02:15:00"
IOP,0.0010271,"2017-09-20 02:20:00"
IOP,0.00103101,"2017-09-20 02:25:00"
IOP,0.00103,"2017-09-20 02:30:00"
IOP,0.00105679,"2017-09-20 02:35:00"
IOP,0.00103512,"2017-09-20 02:40:00"
IOP,0.00104399,"2017-09-20 02:45:00"
IOP,0.00108381,"2017-09-20 02:50:00"
IOP,0.00114072,"2017-09-20 02:55:00"
IOP,0.00125999,"2017-09-20 03:00:00"
IOP,0.00121899,"2017-09-20 03:05:00"
IOP,0.0012,"2017-09-20 03:10:00"
IOP,0.001182,"2017-09-20 03:15:00"
IOP,0.00111011,"2017-09-20 03:20:00"
IOP,0.00112002,"2017-09-20 03:25:00"
IOP,0.00115,"2017-09-20 03:30:00"
IOP,0.0011625,"2017-09-20 03:35:00"
IOP,0.00115574,"2017-09-20 03:40:00"
IOP,0.001185,"2017-09-20 03:45:00"
IOP,0.001179,"2017-09-20 03:50:00"
IOP,0.001172,"2017-09-20 03:55:00"
IOP,0.00112967,"2017-09-20 04:00:00"
IOP,0.00109,"2017-09-20 04:05:00"
IOP,0.0011559,"2017-09-20 04:10:00"
IOP,0.00115498,"2017-09-20 04:15:00"
IOP,0.00111675,"2017-09-20 04:20:00"
IOP,0.00115253,"2017-09-20 04:25:00"
IOP,0.001176,"2017-09-20 04:30:00"
IOP,0.00114828,"2017-09-20 04:35:00"
IOP,0.001151,"2017-09-20 04:40:00"
IOP,0.00114548,"2017-09-20 04:45:00"
IOP,0.001144,"2017-09-20 04:50:00"
IOP,0.00111,"2017-09-20 04:55:00"
IOP,0.00111,"2017-09-20 05:00:00"
IOP,0.00113,"2017-09-20 05:05:00"
IOP,0.00114,"2017-09-20 05:10:00"
IOP,0.00111237,"2017-09-20 05:15:00"
IOP,0.0011287,"2017-09-20 05:20:00"
IOP,0.00111201,"2017-09-20 05:25:00"
IOP,0.0011141,"2017-09-20 05:30:00"
IOP,0.00111289,"2017-09-20 05:35:00"
IOP,0.00106016,"2017-09-20 05:40:00"
IOP,0.00106501,"2017-09-20 05:45:00"
IOP,0.00110643,"2017-09-20 05:50:00"
IOP,0.00114,"2017-09-20 05:55:00"
IOP,0.001121,"2017-09-20 06:00:00"
IOP,0.00113,"2017-09-20 06:05:00"
IOP,0.001121,"2017-09-20 06:10:00"
IOP,0.00111939,"2017-09-20 06:15:00"
IOP,0.00109533,"2017-09-20 06:20:00"
IOP,0.00109541,"2017-09-20 06:25:00"
IOP,0.0010954,"2017-09-20 06:30:00"
IOP,0.00106,"2017-09-20 06:35:00"
IOP,0.0010868,"2017-09-20 06:40:00"
IOP,0.0011,"2017-09-20 06:45:00"
IOP,0.00108003,"2017-09-20 06:50:00"
IOP,0.00109,"2017-09-20 06:55:00"
IOP,0.00107116,"2017-09-20 07:00:00"
IOP,0.00106,"2017-09-20 07:05:00"
IOP,0.001057,"2017-09-20 07:10:00"
IOP,0.001056,"2017-09-20 07:15:00"
IOP,0.00103999,"2017-09-20 07:20:00"
IOP,0.00102922,"2017-09-20 07:25:00"
IOP,0.000985,"2017-09-20 07:30:00"
IOP,0.001,"2017-09-20 07:35:00"
IOP,0.001,"2017-09-20 07:40:00"
IOP,0.001007,"2017-09-20 07:45:00"
IOP,0.00103801,"2017-09-20 07:50:00"
IOP,0.00104401,"2017-09-20 07:55:00"
IOP,0.00104427,"2017-09-20 08:00:00"
IOP,0.001,"2017-09-20 08:05:00"
IOP,0.001015,"2017-09-20 08:10:00"
IOP,0.00100784,"2017-09-20 08:15:00"
IOP,0.00099347,"2017-09-20 08:20:00"
IOP,0.00098,"2017-09-20 08:25:00"
IOP,0.00095011,"2017-09-20 08:30:00"
IOP,0.00096581,"2017-09-20 08:35:00"
IOP,0.00096638,"2017-09-20 08:40:00"
IOP,0.00097,"2017-09-20 08:45:00"
IOP,0.00096602,"2017-09-20 08:50:00"
IOP,0.000943,"2017-09-20 08:55:00"
IOP,0.000926,"2017-09-20 09:00:00"
IOP,0.00091126,"2017-09-20 09:05:00"
IOP,0.00092925,"2017-09-20 09:10:00"
IOP,0.0009405,"2017-09-20 09:15:00"
IOP,0.00092028,"2017-09-20 09:20:00"
IOP,0.000907,"2017-09-20 09:25:00"
IOP,0.000895,"2017-09-20 09:30:00"
IOP,0.000938,"2017-09-20 09:35:00"
IOP,0.00095,"2017-09-20 09:40:00"
IOP,0.00093928,"2017-09-20 09:45:00"
IOP,0.00096,"2017-09-20 09:50:00"
IOP,0.00097,"2017-09-20 09:55:00"
IOP,0.00095,"2017-09-20 10:00:00"
IOP,0.00097269,"2017-09-20 10:05:00"
IOP,0.00108298,"2017-09-20 10:10:00"
IOP,0.0010685,"2017-09-20 10:15:00"
IOP,0.0010293,"2017-09-20 10:20:00"
IOP,0.00105999,"2017-09-20 10:25:00"
IOP,0.00106049,"2017-09-20 10:30:00"
IOP,0.00103801,"2017-09-20 10:35:00"
IOP,0.00103801,"2017-09-20 10:40:00"
IOP,0.001002,"2017-09-20 10:45:00"
IOP,0.000999,"2017-09-20 10:50:00"
IOP,0.00103499,"2017-09-20 10:55:00"
IOP,0.00103001,"2017-09-20 11:00:00"
IOP,0.00102998,"2017-09-20 11:05:00"
IOP,0.00103248,"2017-09-20 11:10:00"
IOP,0.0010119,"2017-09-20 11:15:00"
IOP,0.00097847,"2017-09-20 11:20:00"
IOP,0.00102,"2017-09-20 11:25:00"
IOP,0.00098001,"2017-09-20 11:30:00"
IOP,0.00102,"2017-09-20 11:35:00"
IOP,0.00101709,"2017-09-20 11:40:00"
IOP,0.00101,"2017-09-20 11:45:00"
IOP,0.001,"2017-09-20 11:50:00"
IOP,0.00100102,"2017-09-20 11:55:00"
IOP,0.00100103,"2017-09-20 12:00:00"
IOP,0.0009998,"2017-09-20 12:05:00"
IOP,0.00101158,"2017-09-20 12:10:00"
IOP,0.00100157,"2017-09-20 12:15:00"
IOP,0.0010112,"2017-09-20 12:20:00"
IOP,0.0009918,"2017-09-20 12:25:00"
IOP,0.00097145,"2017-09-20 12:30:00"
IOP,0.00097,"2017-09-20 12:35:00"
IOP,0.0009787,"2017-09-20 12:40:00"
IOP,0.0009799,"2017-09-20 12:45:00"
IOP,0.00097974,"2017-09-20 12:50:00"
IOP,0.00095756,"2017-09-20 12:55:00"
IOP,0.00094107,"2017-09-20 13:00:00"
IOP,0.00095989,"2017-09-20 13:05:00"
IOP,0.00095,"2017-09-20 13:10:00"
IOP,0.00094999,"2017-09-20 13:15:00"
IOP,0.00095,"2017-09-20 13:20:00"
IOP,0.00093243,"2017-09-20 13:25:00"
IOP,0.000935,"2017-09-20 13:30:00"
IOP,0.0009255,"2017-09-20 13:35:00"
IOP,0.00092085,"2017-09-20 13:40:00"
IOP,0.00091,"2017-09-20 13:45:00"
IOP,0.00091975,"2017-09-20 13:50:00"
IOP,0.00090925,"2017-09-20 13:55:00"
IOP,0.000912,"2017-09-20 14:00:00"
IOP,0.00091788,"2017-09-20 14:05:00"
IOP,0.00091001,"2017-09-20 14:10:00"
IOP,0.0009243,"2017-09-20 14:15:00"
IOP,0.000917,"2017-09-20 14:20:00"
IOP,0.0009145,"2017-09-20 14:25:00"
IOP,0.00092818,"2017-09-20 14:30:00"
IOP,0.00092187,"2017-09-20 14:35:00"
IOP,0.00089452,"2017-09-20 14:40:00"
IOP,0.00082702,"2017-09-20 14:45:00"
IOP,0.000838,"2017-09-20 14:50:00"
IOP,0.00082558,"2017-09-20 14:55:00"
IOP,0.00082007,"2017-09-20 15:00:00"
IOP,0.0007866,"2017-09-20 15:05:00"
IOP,0.00078596,"2017-09-20 15:10:00"
IOP,0.000815,"2017-09-20 15:15:00"
IOP,0.00078596,"2017-09-20 15:20:00"
IOP,0.00078898,"2017-09-20 15:25:00"
IOP,0.00078766,"2017-09-20 15:30:00"
IOP,0.000789,"2017-09-20 15:35:00"
IOP,0.00081829,"2017-09-20 15:40:00"
IOP,0.00081975,"2017-09-20 15:45:00"
IOP,0.000818,"2017-09-20 15:50:00"
IOP,0.00082416,"2017-09-20 15:55:00"
IOP,0.000835,"2017-09-20 16:00:00"
IOP,0.00082113,"2017-09-20 16:05:00"
IOP,0.00081538,"2017-09-20 16:10:00"
IOP,0.000807,"2017-09-20 16:15:00"
IOP,0.00080609,"2017-09-20 16:20:00"
IOP,0.00078205,"2017-09-20 16:25:00"
IOP,0.00078434,"2017-09-20 16:30:00"
IOP,0.00080974,"2017-09-20 16:35:00"
IOP,0.000813,"2017-09-20 16:40:00"
IOP,0.00080107,"2017-09-20 16:45:00"
IOP,0.00080105,"2017-09-20 16:50:00"
IOP,0.00079176,"2017-09-20 16:55:00"
IOP,0.0007853,"2017-09-20 17:00:00"
IOP,0.00076123,"2017-09-20 17:05:00"
IOP,0.00074137,"2017-09-20 17:10:00"
IOP,0.0007669,"2017-09-20 17:15:00"
IOP,0.00076055,"2017-09-20 17:20:00"
IOP,0.00074942,"2017-09-20 17:25:00"
IOP,0.00073001,"2017-09-20 17:30:00"
IOP,0.000749,"2017-09-20 17:35:00"
IOP,0.00074166,"2017-09-20 17:40:00"
IOP,0.00077,"2017-09-20 17:45:00"
IOP,0.000761,"2017-09-20 17:50:00"
IOP,0.00076899,"2017-09-20 17:55:00"
IOP,0.00076199,"2017-09-20 18:00:00"
IOP,0.00073002,"2017-09-20 18:05:00"
IOP,0.00074599,"2017-09-20 18:10:00"
IOP,0.00074542,"2017-09-20 18:15:00"
IOP,0.000745,"2017-09-20 18:20:00"
IOP,0.00075599,"2017-09-20 18:25:00"
IOP,0.00074575,"2017-09-20 18:30:00"
IOP,0.00073839,"2017-09-20 18:35:00"
IOP,0.00074,"2017-09-20 18:40:00"
IOP,0.00074492,"2017-09-20 18:45:00"
IOP,0.00073857,"2017-09-20 18:50:00"
IOP,0.00074541,"2017-09-20 18:55:00"
IOP,0.00073003,"2017-09-20 19:00:00"
IOP,0.0007375,"2017-09-20 19:05:00"
IOP,0.00074653,"2017-09-20 19:10:00"
IOP,0.000772,"2017-09-20 19:15:00"
IOP,0.000834,"2017-09-20 19:20:00"
IOP,0.00081581,"2017-09-20 19:25:00"
IOP,0.000823,"2017-09-20 19:30:00"
IOP,0.00082612,"2017-09-20 19:35:00"
IOP,0.00087447,"2017-09-20 19:40:00"
IOP,0.00090878,"2017-09-20 19:45:00"
IOP,0.00099,"2017-09-20 19:50:00"
IOP,0.001,"2017-09-20 19:55:00"
IOP,0.00100553,"2017-09-20 20:00:00"
IOP,0.00095,"2017-09-20 20:05:00"
IOP,0.00095495,"2017-09-20 20:10:00"
IOP,0.00095899,"2017-09-20 20:15:00"
IOP,0.00091977,"2017-09-20 20:20:00"
IOP,0.000935,"2017-09-20 20:25:00"
IOP,0.000887,"2017-09-20 20:30:00"
IOP,0.0009,"2017-09-20 20:35:00"
IOP,0.00088001,"2017-09-20 20:40:00"
IOP,0.00087269,"2017-09-20 20:45:00"
IOP,0.00086136,"2017-09-20 20:50:00"
IOP,0.0009,"2017-09-20 20:55:00"
IOP,0.00090889,"2017-09-20 21:00:00"
IOP,0.00089197,"2017-09-20 21:05:00"
IOP,0.00090373,"2017-09-20 21:10:00"
IOP,0.0009,"2017-09-20 21:15:00"
IOP,0.00091036,"2017-09-20 21:20:00"
IOP,0.00091,"2017-09-20 21:25:00"
IOP,0.00089801,"2017-09-20 21:30:00"
IOP,0.000875,"2017-09-20 21:35:00"
IOP,0.00086527,"2017-09-20 21:40:00"
IOP,0.00082489,"2017-09-20 21:45:00"
IOP,0.000825,"2017-09-20 21:50:00"
IOP,0.000821,"2017-09-20 21:55:00"
IOP,0.00081559,"2017-09-20 22:00:00"
IOP,0.00083036,"2017-09-20 22:05:00"
IOP,0.0008181,"2017-09-20 22:10:00"
IOP,0.00083325,"2017-09-20 22:15:00"
IOP,0.00081871,"2017-09-20 22:20:00"
IOP,0.00081949,"2017-09-20 22:25:00"
IOP,0.00080618,"2017-09-20 22:30:00"
IOP,0.00078401,"2017-09-20 22:35:00"
IOP,0.000801,"2017-09-20 22:40:00"
IOP,0.00079501,"2017-09-20 22:45:00"
IOP,0.00078,"2017-09-20 22:50:00"
IOP,0.000755,"2017-09-20 22:55:00"
IOP,0.000812,"2017-09-20 23:00:00"
IOP,0.00083749,"2017-09-20 23:05:00"
IOP,0.00083793,"2017-09-20 23:10:00"
IOP,0.00084955,"2017-09-20 23:15:00"
IOP,0.00080969,"2017-09-20 23:20:00"
IOP,0.00081501,"2017-09-20 23:25:00"
IOP,0.0008,"2017-09-20 23:30:00"
IOP,0.00079302,"2017-09-20 23:35:00"
IOP,0.00077,"2017-09-20 23:40:00"
IOP,0.00078101,"2017-09-20 23:45:00"
IOP,0.0007758,"2017-09-20 23:50:00"
IOP,0.00076694,"2017-09-20 23:55:00"
IOP,0.000775,"2017-09-21 00:00:00"
IOP,0.000775,"2017-09-21 00:05:00"
IOP,0.00079173,"2017-09-21 00:10:00"
IOP,0.00080983,"2017-09-21 00:15:00"
IOP,0.00080046,"2017-09-21 00:20:00"
IOP,0.0008,"2017-09-21 00:25:00"
IOP,0.00080017,"2017-09-21 00:30:00"
IOP,0.00077785,"2017-09-21 00:35:00"
IOP,0.00077812,"2017-09-21 00:40:00"
IOP,0.00078775,"2017-09-21 00:45:00"
IOP,0.0008,"2017-09-21 00:50:00"
IOP,0.00082259,"2017-09-21 00:55:00"
IOP,0.0008126,"2017-09-21 01:00:00"
IOP,0.00081766,"2017-09-21 01:05:00"
IOP,0.00083899,"2017-09-21 01:10:00"
IOP,0.00084502,"2017-09-21 01:15:00"
IOP,0.0008535,"2017-09-21 01:20:00"
IOP,0.00084,"2017-09-21 01:25:00"
IOP,0.000825,"2017-09-21 01:30:00"
IOP,0.0008184,"2017-09-21 01:35:00"
IOP,0.000808,"2017-09-21 01:40:00"
IOP,0.00079978,"2017-09-21 01:45:00"
IOP,0.00079449,"2017-09-21 01:50:00"
IOP,0.00080953,"2017-09-21 01:55:00"
IOP,0.000817,"2017-09-21 02:00:00"
IOP,0.00082962,"2017-09-21 02:05:00"
IOP,0.00081,"2017-09-21 02:10:00"
IOP,0.00079655,"2017-09-21 02:15:00"
IOP,0.0008,"2017-09-21 02:20:00"
IOP,0.0008,"2017-09-21 02:25:00"
IOP,0.00080422,"2017-09-21 02:30:00"
IOP,0.00080001,"2017-09-21 02:35:00"
IOP,0.00080798,"2017-09-21 02:40:00"
IOP,0.00079682,"2017-09-21 02:45:00"
IOP,0.00079093,"2017-09-21 02:50:00"
IOP,0.0008,"2017-09-21 02:55:00"
IOP,0.00076098,"2017-09-21 03:00:00"
IOP,0.00076,"2017-09-21 03:05:00"
IOP,0.00075998,"2017-09-21 03:10:00"
IOP,0.00073951,"2017-09-21 03:15:00"
IOP,0.00073321,"2017-09-21 03:20:00"
IOP,0.000739,"2017-09-21 03:25:00"
IOP,0.000768,"2017-09-21 03:30:00"
IOP,0.00075301,"2017-09-21 03:35:00"
IOP,0.0007531,"2017-09-21 03:40:00"
IOP,0.00074,"2017-09-21 03:45:00"
IOP,0.00073993,"2017-09-21 03:50:00"
IOP,0.00073201,"2017-09-21 03:55:00"
IOP,0.00073205,"2017-09-21 04:00:00"
IOP,0.00074076,"2017-09-21 04:05:00"
IOP,0.000756,"2017-09-21 04:10:00"
IOP,0.00076535,"2017-09-21 04:15:00"
IOP,0.000777,"2017-09-21 04:20:00"
IOP,0.00075,"2017-09-21 04:25:00"
IOP,0.00075301,"2017-09-21 04:30:00"
IOP,0.00077221,"2017-09-21 04:35:00"
IOP,0.00075001,"2017-09-21 04:40:00"
IOP,0.0007467,"2017-09-21 04:45:00"
IOP,0.00074992,"2017-09-21 04:50:00"
IOP,0.000748,"2017-09-21 04:55:00"
IOP,0.0007361,"2017-09-21 05:00:00"
IOP,0.00072899,"2017-09-21 05:05:00"
IOP,0.00072717,"2017-09-21 05:10:00"
IOP,0.00070301,"2017-09-21 05:15:00"
IOP,0.00069975,"2017-09-21 05:20:00"
IOP,0.0007221,"2017-09-21 05:25:00"
IOP,0.00071115,"2017-09-21 05:30:00"
IOP,0.00071975,"2017-09-21 05:35:00"
IOP,0.00072018,"2017-09-21 05:40:00"
IOP,0.00070125,"2017-09-21 05:45:00"
IOP,0.00069999,"2017-09-21 05:50:00"
IOP,0.00067908,"2017-09-21 05:55:00"
IOP,0.00065001,"2017-09-21 06:00:00"
IOP,0.00065675,"2017-09-21 06:05:00"
IOP,0.00065403,"2017-09-21 06:10:00"
IOP,0.00064212,"2017-09-21 06:15:00"
IOP,0.00068062,"2017-09-21 06:20:00"
IOP,0.00066726,"2017-09-21 06:25:00"
IOP,0.00068,"2017-09-21 06:30:00"
IOP,0.00070144,"2017-09-21 06:35:00"
IOP,0.00071502,"2017-09-21 06:40:00"
IOP,0.00066113,"2017-09-21 06:45:00"
IOP,0.00067975,"2017-09-21 06:50:00"
IOP,0.000689,"2017-09-21 06:55:00"
IOP,0.00070488,"2017-09-21 07:00:00"
IOP,0.00068841,"2017-09-21 07:05:00"
IOP,0.00069493,"2017-09-21 07:10:00"
IOP,0.00067999,"2017-09-21 07:15:00"
IOP,0.00069,"2017-09-21 07:20:00"
IOP,0.00068843,"2017-09-21 07:25:00"
IOP,0.0006765,"2017-09-21 07:30:00"
IOP,0.00065896,"2017-09-21 07:35:00"
IOP,0.00065108,"2017-09-21 07:40:00"
IOP,0.00065108,"2017-09-21 07:45:00"
IOP,0.00066782,"2017-09-21 07:50:00"
IOP,0.00065109,"2017-09-21 07:55:00"
IOP,0.00064922,"2017-09-21 08:00:00"
IOP,0.00064,"2017-09-21 08:05:00"
IOP,0.00064906,"2017-09-21 08:10:00"
IOP,0.00063842,"2017-09-21 08:15:00"
IOP,0.00063834,"2017-09-21 08:20:00"
IOP,0.00064198,"2017-09-21 08:25:00"
IOP,0.00062728,"2017-09-21 08:30:00"
IOP,0.00062,"2017-09-21 08:35:00"
IOP,0.00061552,"2017-09-21 08:40:00"
IOP,0.0006287,"2017-09-21 08:45:00"
IOP,0.0006225,"2017-09-21 08:50:00"
IOP,0.0006401,"2017-09-21 08:55:00"
IOP,0.00063018,"2017-09-21 09:00:00"
IOP,0.00062919,"2017-09-21 09:05:00"
IOP,0.00062851,"2017-09-21 09:10:00"
IOP,0.000627,"2017-09-21 09:15:00"
IOP,0.00063018,"2017-09-21 09:20:00"
IOP,0.00063911,"2017-09-21 09:25:00"
IOP,0.00063018,"2017-09-21 09:30:00"
IOP,0.000635,"2017-09-21 09:35:00"
IOP,0.00063699,"2017-09-21 09:40:00"
IOP,0.000639,"2017-09-21 09:45:00"
IOP,0.00063999,"2017-09-21 09:50:00"
IOP,0.00064854,"2017-09-21 09:55:00"
IOP,0.00063963,"2017-09-21 10:00:00"
IOP,0.0006486,"2017-09-21 10:05:00"
IOP,0.00065463,"2017-09-21 10:10:00"
IOP,0.00065026,"2017-09-21 10:15:00"
IOP,0.00065027,"2017-09-21 10:20:00"
IOP,0.00064134,"2017-09-21 10:25:00"
IOP,0.00064,"2017-09-21 10:30:00"
IOP,0.00064134,"2017-09-21 10:35:00"
IOP,0.0006365,"2017-09-21 10:40:00"
IOP,0.00064999,"2017-09-21 10:45:00"
IOP,0.000646,"2017-09-21 10:50:00"
IOP,0.0006317,"2017-09-21 10:55:00"
IOP,0.00062025,"2017-09-21 11:00:00"
IOP,0.00062567,"2017-09-21 11:05:00"
IOP,0.00062968,"2017-09-21 11:10:00"
IOP,0.00063239,"2017-09-21 11:15:00"
IOP,0.00060627,"2017-09-21 11:20:00"
IOP,0.000602,"2017-09-21 11:25:00"
IOP,0.00061995,"2017-09-21 11:30:00"
IOP,0.00061838,"2017-09-21 11:35:00"
IOP,0.00060341,"2017-09-21 11:40:00"
IOP,0.00061309,"2017-09-21 11:45:00"
IOP,0.0006099,"2017-09-21 11:50:00"
IOP,0.0006125,"2017-09-21 11:55:00"
IOP,0.000617,"2017-09-21 12:00:00"
IOP,0.0006099,"2017-09-21 12:05:00"
IOP,0.00060518,"2017-09-21 12:10:00"
IOP,0.0006052,"2017-09-21 12:15:00"
IOP,0.000607,"2017-09-21 12:20:00"
IOP,0.00061656,"2017-09-21 12:25:00"
IOP,0.00062327,"2017-09-21 12:30:00"
IOP,0.00062,"2017-09-21 12:35:00"
IOP,0.00061219,"2017-09-21 12:40:00"
IOP,0.00061,"2017-09-21 12:45:00"
IOP,0.00060432,"2017-09-21 12:50:00"
IOP,0.00060205,"2017-09-21 12:55:00"
IOP,0.00062264,"2017-09-21 13:00:00"
IOP,0.00062975,"2017-09-21 13:05:00"
IOP,0.00064085,"2017-09-21 13:10:00"
IOP,0.00063001,"2017-09-21 13:15:00"
IOP,0.00065,"2017-09-21 13:20:00"
IOP,0.00065417,"2017-09-21 13:25:00"
IOP,0.00064505,"2017-09-21 13:30:00"
IOP,0.00063951,"2017-09-21 13:35:00"
IOP,0.000638,"2017-09-21 13:40:00"
IOP,0.00064,"2017-09-21 13:45:00"
IOP,0.00064895,"2017-09-21 13:50:00"
IOP,0.00064533,"2017-09-21 13:55:00"
IOP,0.000665,"2017-09-21 14:00:00"
IOP,0.00064922,"2017-09-21 14:05:00"
IOP,0.000651,"2017-09-21 14:10:00"
IOP,0.00064011,"2017-09-21 14:15:00"
IOP,0.00064097,"2017-09-21 14:20:00"
IOP,0.0006473,"2017-09-21 14:25:00"
IOP,0.000635,"2017-09-21 14:30:00"
IOP,0.00062229,"2017-09-21 14:35:00"
IOP,0.00063,"2017-09-21 14:40:00"
IOP,0.00062576,"2017-09-21 14:45:00"
IOP,0.00062536,"2017-09-21 14:50:00"
IOP,0.00063145,"2017-09-21 14:55:00"
IOP,0.00061214,"2017-09-21 15:00:00"
IOP,0.00062087,"2017-09-21 15:05:00"
IOP,0.00062649,"2017-09-21 15:10:00"
IOP,0.00061341,"2017-09-21 15:15:00"
IOP,0.00062092,"2017-09-21 15:20:00"
IOP,0.00062005,"2017-09-21 15:25:00"
IOP,0.00062927,"2017-09-21 15:30:00"
IOP,0.00062031,"2017-09-21 15:35:00"
IOP,0.00061009,"2017-09-21 15:40:00"
IOP,0.00061044,"2017-09-21 15:45:00"
IOP,0.00061001,"2017-09-21 15:50:00"
IOP,0.00061468,"2017-09-21 15:55:00"
IOP,0.00059745,"2017-09-21 16:00:00"
IOP,0.00057999,"2017-09-21 16:05:00"
IOP,0.000556,"2017-09-21 16:10:00"
IOP,0.00057024,"2017-09-21 16:15:00"
IOP,0.000599,"2017-09-21 16:20:00"
IOP,0.00056781,"2017-09-21 16:25:00"
IOP,0.00056208,"2017-09-21 16:30:00"
IOP,0.00057003,"2017-09-21 16:35:00"
IOP,0.0005555,"2017-09-21 16:40:00"
IOP,0.00055923,"2017-09-21 16:45:00"
IOP,0.00055751,"2017-09-21 16:50:00"
IOP,0.00058496,"2017-09-21 16:55:00"
IOP,0.000572,"2017-09-21 17:00:00"
IOP,0.00055922,"2017-09-21 17:05:00"
IOP,0.00055028,"2017-09-21 17:10:00"
IOP,0.00055532,"2017-09-21 17:15:00"
IOP,0.00054512,"2017-09-21 17:20:00"
IOP,0.00053501,"2017-09-21 17:25:00"
IOP,0.00053488,"2017-09-21 17:30:00"
IOP,0.00054115,"2017-09-21 17:35:00"
IOP,0.00053632,"2017-09-21 17:40:00"
IOP,0.00053993,"2017-09-21 17:45:00"
IOP,0.000536,"2017-09-21 17:50:00"
IOP,0.00053002,"2017-09-21 17:55:00"
IOP,0.00053866,"2017-09-21 18:00:00"
IOP,0.0005399,"2017-09-21 18:05:00"
IOP,0.00054704,"2017-09-21 18:10:00"
IOP,0.000555,"2017-09-21 18:15:00"
IOP,0.000549,"2017-09-21 18:20:00"
IOP,0.00055569,"2017-09-21 18:25:00"
IOP,0.00054329,"2017-09-21 18:30:00"
IOP,0.00055028,"2017-09-21 18:35:00"
IOP,0.00054566,"2017-09-21 18:40:00"
IOP,0.00053498,"2017-09-21 18:45:00"
IOP,0.00053494,"2017-09-21 18:50:00"
IOP,0.00054375,"2017-09-21 18:55:00"
IOP,0.00055249,"2017-09-21 19:00:00"
IOP,0.00056504,"2017-09-21 19:05:00"
IOP,0.000545,"2017-09-21 19:10:00"
IOP,0.00055053,"2017-09-21 19:15:00"
IOP,0.00055496,"2017-09-21 19:20:00"
IOP,0.00056781,"2017-09-21 19:25:00"
IOP,0.00057888,"2017-09-21 19:30:00"
IOP,0.0005758,"2017-09-21 19:35:00"
IOP,0.00061171,"2017-09-21 19:40:00"
IOP,0.0005807,"2017-09-21 19:45:00"
IOP,0.00057975,"2017-09-21 19:50:00"
IOP,0.00060265,"2017-09-21 19:55:00"
IOP,0.00061188,"2017-09-21 20:00:00"
IOP,0.00059001,"2017-09-21 20:05:00"
IOP,0.00059536,"2017-09-21 20:10:00"
IOP,0.00058506,"2017-09-21 20:15:00"
IOP,0.00059099,"2017-09-21 20:20:00"
IOP,0.00059135,"2017-09-21 20:25:00"
IOP,0.00059872,"2017-09-21 20:30:00"
IOP,0.000591,"2017-09-21 20:35:00"
IOP,0.00058,"2017-09-21 20:40:00"
IOP,0.00056945,"2017-09-21 20:45:00"
IOP,0.000575,"2017-09-21 20:50:00"
IOP,0.00057633,"2017-09-21 20:55:00"
IOP,0.00057723,"2017-09-21 21:00:00"
IOP,0.0005518,"2017-09-21 21:05:00"
IOP,0.00055,"2017-09-21 21:10:00"
IOP,0.000546,"2017-09-21 21:15:00"
IOP,0.0005439,"2017-09-21 21:20:00"
IOP,0.00054,"2017-09-21 21:25:00"
IOP,0.0005399,"2017-09-21 21:30:00"
IOP,0.00055899,"2017-09-21 21:35:00"
IOP,0.00056945,"2017-09-21 21:40:00"
IOP,0.00054337,"2017-09-21 21:45:00"
IOP,0.00054703,"2017-09-21 21:50:00"
IOP,0.00056699,"2017-09-21 21:55:00"
IOP,0.00052777,"2017-09-21 22:00:00"
IOP,0.00051355,"2017-09-21 22:05:00"
IOP,0.00049421,"2017-09-21 22:10:00"
IOP,0.00050777,"2017-09-21 22:15:00"
IOP,0.00048606,"2017-09-21 22:20:00"
IOP,0.00049506,"2017-09-21 22:25:00"
IOP,0.0005,"2017-09-21 22:30:00"
IOP,0.00050405,"2017-09-21 22:35:00"
IOP,0.000516,"2017-09-21 22:40:00"
IOP,0.000516,"2017-09-21 22:45:00"
IOP,0.00052164,"2017-09-21 22:50:00"
IOP,0.00052193,"2017-09-21 22:55:00"
IOP,0.00052701,"2017-09-21 23:00:00"
IOP,0.00051256,"2017-09-21 23:05:00"
IOP,0.00049643,"2017-09-21 23:10:00"
IOP,0.00051549,"2017-09-21 23:15:00"
IOP,0.0005146,"2017-09-21 23:20:00"
IOP,0.00051194,"2017-09-21 23:25:00"
IOP,0.00051203,"2017-09-21 23:30:00"
IOP,0.00051514,"2017-09-21 23:35:00"
IOP,0.00050692,"2017-09-21 23:40:00"
IOP,0.00050697,"2017-09-21 23:45:00"
IOP,0.00051198,"2017-09-21 23:50:00"
IOP,0.0005132,"2017-09-21 23:55:00"
IOP,0.00053286,"2017-09-22 00:00:00"
IOP,0.00052472,"2017-09-22 00:05:00"
IOP,0.0005298,"2017-09-22 00:10:00"
IOP,0.00051493,"2017-09-22 00:15:00"
IOP,0.00051731,"2017-09-22 00:20:00"
IOP,0.00051731,"2017-09-22 00:25:00"
IOP,0.00050695,"2017-09-22 00:30:00"
IOP,0.00050346,"2017-09-22 00:35:00"
IOP,0.00049988,"2017-09-22 00:40:00"
IOP,0.00050128,"2017-09-22 00:45:00"
IOP,0.00050128,"2017-09-22 00:50:00"
IOP,0.0004961,"2017-09-22 00:55:00"
IOP,0.00049612,"2017-09-22 01:00:00"
IOP,0.0004961,"2017-09-22 01:05:00"
IOP,0.00048872,"2017-09-22 01:10:00"
IOP,0.00046614,"2017-09-22 01:15:00"
IOP,0.00046507,"2017-09-22 01:20:00"
IOP,0.00047011,"2017-09-22 01:25:00"
IOP,0.00047,"2017-09-22 01:30:00"
IOP,0.00046536,"2017-09-22 01:35:00"
IOP,0.00045949,"2017-09-22 01:40:00"
IOP,0.00047,"2017-09-22 01:45:00"
IOP,0.0004756,"2017-09-22 01:50:00"
IOP,0.0004756,"2017-09-22 01:55:00"
IOP,0.00047561,"2017-09-22 02:00:00"
IOP,0.00047995,"2017-09-22 02:05:00"
IOP,0.00047563,"2017-09-22 02:10:00"
IOP,0.00047959,"2017-09-22 02:15:00"
IOP,0.0004768,"2017-09-22 02:20:00"
IOP,0.00046095,"2017-09-22 02:25:00"
IOP,0.00046945,"2017-09-22 02:30:00"
IOP,0.00046275,"2017-09-22 02:35:00"
IOP,0.00047988,"2017-09-22 02:40:00"
IOP,0.0004799,"2017-09-22 02:45:00"
IOP,0.00049613,"2017-09-22 02:50:00"
IOP,0.00048001,"2017-09-22 02:55:00"
IOP,0.00047518,"2017-09-22 03:00:00"
IOP,0.00047517,"2017-09-22 03:05:00"
IOP,0.0004735,"2017-09-22 03:10:00"
IOP,0.00047005,"2017-09-22 03:15:00"
IOP,0.0004778,"2017-09-22 03:20:00"
IOP,0.00046,"2017-09-22 03:25:00"
IOP,0.000462,"2017-09-22 03:30:00"
IOP,0.00045712,"2017-09-22 03:35:00"
IOP,0.00047422,"2017-09-22 03:40:00"
IOP,0.000475,"2017-09-22 03:45:00"
IOP,0.00048093,"2017-09-22 03:50:00"
IOP,0.00047593,"2017-09-22 03:55:00"
IOP,0.000473,"2017-09-22 04:00:00"
IOP,0.00047698,"2017-09-22 04:05:00"
IOP,0.00049939,"2017-09-22 04:10:00"
IOP,0.0005113,"2017-09-22 04:15:00"
IOP,0.00051547,"2017-09-22 04:20:00"
IOP,0.000523,"2017-09-22 04:25:00"
IOP,0.00051516,"2017-09-22 04:30:00"
IOP,0.00050485,"2017-09-22 04:35:00"
IOP,0.00049613,"2017-09-22 04:40:00"
IOP,0.000523,"2017-09-22 04:45:00"
IOP,0.00052,"2017-09-22 04:50:00"
IOP,0.00050746,"2017-09-22 04:55:00"
IOP,0.00050773,"2017-09-22 05:00:00"
IOP,0.00051364,"2017-09-22 05:05:00"
IOP,0.00050563,"2017-09-22 05:10:00"
IOP,0.00049239,"2017-09-22 05:15:00"
IOP,0.00048977,"2017-09-22 05:20:00"
IOP,0.00048977,"2017-09-22 05:25:00"
IOP,0.00048987,"2017-09-22 05:30:00"
IOP,0.00049907,"2017-09-22 05:35:00"
IOP,0.00050284,"2017-09-22 05:40:00"
IOP,0.00049627,"2017-09-22 05:45:00"
IOP,0.0005038,"2017-09-22 05:50:00"
IOP,0.00052,"2017-09-22 05:55:00"
IOP,0.00052194,"2017-09-22 06:00:00"
IOP,0.00052727,"2017-09-22 06:05:00"
IOP,0.00052279,"2017-09-22 06:10:00"
IOP,0.00052095,"2017-09-22 06:15:00"
IOP,0.0005251,"2017-09-22 06:20:00"
IOP,0.00052533,"2017-09-22 06:25:00"
IOP,0.00052349,"2017-09-22 06:30:00"
IOP,0.00052348,"2017-09-22 06:35:00"
IOP,0.00051882,"2017-09-22 06:40:00"
IOP,0.000521,"2017-09-22 06:45:00"
IOP,0.00051879,"2017-09-22 06:50:00"
IOP,0.00051879,"2017-09-22 06:55:00"
IOP,0.0005188,"2017-09-22 07:00:00"
IOP,0.00053447,"2017-09-22 07:05:00"
IOP,0.00054018,"2017-09-22 07:10:00"
IOP,0.00054214,"2017-09-22 07:15:00"
IOP,0.00055,"2017-09-22 07:20:00"
IOP,0.000557,"2017-09-22 07:25:00"
IOP,0.000543,"2017-09-22 07:30:00"
IOP,0.00055,"2017-09-22 07:35:00"
IOP,0.0005385,"2017-09-22 07:40:00"
IOP,0.00055542,"2017-09-22 07:45:00"
IOP,0.00057389,"2017-09-22 07:50:00"
IOP,0.00065568,"2017-09-22 07:55:00"
IOP,0.00062299,"2017-09-22 08:00:00"
IOP,0.00058945,"2017-09-22 08:05:00"
IOP,0.000626,"2017-09-22 08:10:00"
IOP,0.00062087,"2017-09-22 08:15:00"
IOP,0.00062862,"2017-09-22 08:20:00"
IOP,0.00061188,"2017-09-22 08:25:00"
IOP,0.0006187,"2017-09-22 08:30:00"
IOP,0.00062039,"2017-09-22 08:35:00"
IOP,0.0006135,"2017-09-22 08:40:00"
IOP,0.00061,"2017-09-22 08:45:00"
IOP,0.00061,"2017-09-22 08:50:00"
IOP,0.00056975,"2017-09-22 08:55:00"
IOP,0.0005849,"2017-09-22 09:00:00"
IOP,0.00058,"2017-09-22 09:05:00"
IOP,0.00057021,"2017-09-22 09:10:00"
IOP,0.0005612,"2017-09-22 09:15:00"
IOP,0.00055705,"2017-09-22 09:20:00"
IOP,0.00055249,"2017-09-22 09:25:00"
IOP,0.00056477,"2017-09-22 09:30:00"
IOP,0.00056718,"2017-09-22 09:35:00"
IOP,0.00057617,"2017-09-22 09:40:00"
IOP,0.00057588,"2017-09-22 09:45:00"
IOP,0.00055942,"2017-09-22 09:50:00"
IOP,0.000555,"2017-09-22 09:55:00"
IOP,0.00054999,"2017-09-22 10:00:00"
IOP,0.00055003,"2017-09-22 10:05:00"
IOP,0.00055003,"2017-09-22 10:10:00"
IOP,0.00055,"2017-09-22 10:15:00"
IOP,0.000546,"2017-09-22 10:20:00"
IOP,0.000535,"2017-09-22 10:25:00"
IOP,0.00054656,"2017-09-22 10:30:00"
IOP,0.00054787,"2017-09-22 10:35:00"
IOP,0.00054981,"2017-09-22 10:40:00"
IOP,0.00054787,"2017-09-22 10:45:00"
IOP,0.00053801,"2017-09-22 10:50:00"
IOP,0.00053802,"2017-09-22 10:55:00"
IOP,0.00054567,"2017-09-22 11:00:00"
IOP,0.00053501,"2017-09-22 11:05:00"
IOP,0.00053797,"2017-09-22 11:10:00"
IOP,0.00053527,"2017-09-22 11:15:00"
IOP,0.00053503,"2017-09-22 11:20:00"
IOP,0.000537,"2017-09-22 11:25:00"
IOP,0.00053,"2017-09-22 11:30:00"
IOP,0.0005405,"2017-09-22 11:35:00"
IOP,0.000543,"2017-09-22 11:40:00"
IOP,0.00053254,"2017-09-22 11:45:00"
IOP,0.00054,"2017-09-22 11:50:00"
IOP,0.0005425,"2017-09-22 11:55:00"
IOP,0.0005415,"2017-09-22 12:00:00"
IOP,0.00053228,"2017-09-22 12:05:00"
IOP,0.00052056,"2017-09-22 12:10:00"
IOP,0.00052157,"2017-09-22 12:15:00"
IOP,0.00052196,"2017-09-22 12:20:00"
IOP,0.000515,"2017-09-22 12:25:00"
IOP,0.000515,"2017-09-22 12:30:00"
IOP,0.00051459,"2017-09-22 12:35:00"
IOP,0.00050551,"2017-09-22 12:40:00"
IOP,0.00051516,"2017-09-22 12:45:00"
IOP,0.00050746,"2017-09-22 12:50:00"
IOP,0.00051151,"2017-09-22 12:55:00"
IOP,0.00051516,"2017-09-22 13:00:00"
IOP,0.00052687,"2017-09-22 13:05:00"
IOP,0.00053331,"2017-09-22 13:10:00"
IOP,0.0005416,"2017-09-22 13:15:00"
IOP,0.00055173,"2017-09-22 13:20:00"
IOP,0.00055092,"2017-09-22 13:25:00"
IOP,0.000556,"2017-09-22 13:30:00"
IOP,0.00055624,"2017-09-22 13:35:00"
IOP,0.00055092,"2017-09-22 13:40:00"
IOP,0.00054648,"2017-09-22 13:45:00"
IOP,0.00053257,"2017-09-22 13:50:00"
IOP,0.00052807,"2017-09-22 13:55:00"
IOP,0.00052707,"2017-09-22 14:00:00"
IOP,0.00053171,"2017-09-22 14:05:00"
IOP,0.00054038,"2017-09-22 14:10:00"
IOP,0.000542,"2017-09-22 14:15:00"
IOP,0.00055032,"2017-09-22 14:20:00"
IOP,0.00055314,"2017-09-22 14:25:00"
IOP,0.00056049,"2017-09-22 14:30:00"
IOP,0.00055883,"2017-09-22 14:35:00"
IOP,0.00055291,"2017-09-22 14:40:00"
IOP,0.00053662,"2017-09-22 14:45:00"
IOP,0.00054003,"2017-09-22 14:50:00"
IOP,0.00054528,"2017-09-22 14:55:00"
IOP,0.00054501,"2017-09-22 15:00:00"
IOP,0.0005355,"2017-09-22 15:05:00"
IOP,0.000545,"2017-09-22 15:10:00"
IOP,0.00054,"2017-09-22 15:15:00"
IOP,0.00054,"2017-09-22 15:20:00"
IOP,0.00053534,"2017-09-22 15:25:00"
IOP,0.00054456,"2017-09-22 15:30:00"
IOP,0.00054217,"2017-09-22 15:35:00"
IOP,0.00054217,"2017-09-22 15:40:00"
IOP,0.00053558,"2017-09-22 15:45:00"
IOP,0.00054499,"2017-09-22 15:50:00"
IOP,0.00054463,"2017-09-22 15:55:00"
IOP,0.000545,"2017-09-22 16:00:00"
IOP,0.00054075,"2017-09-22 16:05:00"
IOP,0.00056763,"2017-09-22 16:10:00"
IOP,0.00058413,"2017-09-22 16:15:00"
IOP,0.000599,"2017-09-22 16:20:00"
IOP,0.00057633,"2017-09-22 16:25:00"
IOP,0.00056781,"2017-09-22 16:30:00"
IOP,0.00057633,"2017-09-22 16:35:00"
IOP,0.000584,"2017-09-22 16:40:00"
IOP,0.00056781,"2017-09-22 16:45:00"
IOP,0.00057225,"2017-09-22 16:50:00"
IOP,0.00057667,"2017-09-22 16:55:00"
IOP,0.00057528,"2017-09-22 17:00:00"
IOP,0.00055915,"2017-09-22 17:05:00"
IOP,0.00056263,"2017-09-22 17:10:00"
IOP,0.00057,"2017-09-22 17:15:00"
IOP,0.00056995,"2017-09-22 17:20:00"
IOP,0.00056263,"2017-09-22 17:25:00"
IOP,0.00056973,"2017-09-22 17:30:00"
IOP,0.000569,"2017-09-22 17:35:00"
IOP,0.00055611,"2017-09-22 17:40:00"
IOP,0.00055,"2017-09-22 17:45:00"
IOP,0.00055877,"2017-09-22 17:50:00"
IOP,0.00054545,"2017-09-22 17:55:00"
IOP,0.00054697,"2017-09-22 18:00:00"
IOP,0.00054697,"2017-09-22 18:05:00"
IOP,0.00055,"2017-09-22 18:10:00"
IOP,0.0005615,"2017-09-22 18:15:00"
IOP,0.00055721,"2017-09-22 18:20:00"
IOP,0.00056,"2017-09-22 18:25:00"
IOP,0.0005615,"2017-09-22 18:30:00"
IOP,0.00056,"2017-09-22 18:35:00"
IOP,0.00056,"2017-09-22 18:40:00"
IOP,0.0005707,"2017-09-22 18:45:00"
IOP,0.00055943,"2017-09-22 18:50:00"
IOP,0.00054813,"2017-09-22 18:55:00"
IOP,0.00054846,"2017-09-22 19:00:00"
IOP,0.00054973,"2017-09-22 19:05:00"
IOP,0.0005454,"2017-09-22 19:10:00"
IOP,0.00054539,"2017-09-22 19:15:00"
IOP,0.00054,"2017-09-22 19:20:00"
IOP,0.00054,"2017-09-22 19:25:00"
IOP,0.0005395,"2017-09-22 19:30:00"
IOP,0.0005365,"2017-09-22 19:35:00"
IOP,0.0005365,"2017-09-22 19:40:00"
IOP,0.000535,"2017-09-22 19:45:00"
IOP,0.00053497,"2017-09-22 19:50:00"
IOP,0.000533,"2017-09-22 19:55:00"
IOP,0.0005192,"2017-09-22 20:00:00"
IOP,0.00052034,"2017-09-22 20:05:00"
IOP,0.00051952,"2017-09-22 20:10:00"
IOP,0.00052248,"2017-09-22 20:15:00"
IOP,0.00052695,"2017-09-22 20:20:00"
IOP,0.0005269,"2017-09-22 20:25:00"
IOP,0.000523,"2017-09-22 20:30:00"
IOP,0.000525,"2017-09-22 20:35:00"
IOP,0.00051926,"2017-09-22 20:40:00"
IOP,0.00051923,"2017-09-22 20:45:00"
IOP,0.00051318,"2017-09-22 20:50:00"
IOP,0.00051066,"2017-09-22 20:55:00"
IOP,0.00051911,"2017-09-22 21:00:00"
IOP,0.00051099,"2017-09-22 21:05:00"
IOP,0.000504,"2017-09-22 21:10:00"
IOP,0.00050056,"2017-09-22 21:15:00"
IOP,0.00051098,"2017-09-22 21:20:00"
IOP,0.00051978,"2017-09-22 21:25:00"
IOP,0.00052487,"2017-09-22 21:30:00"
IOP,0.0005249,"2017-09-22 21:35:00"
IOP,0.00052408,"2017-09-22 21:40:00"
IOP,0.0005275,"2017-09-22 21:45:00"
IOP,0.00051412,"2017-09-22 21:50:00"
IOP,0.00052312,"2017-09-22 21:55:00"
IOP,0.00052312,"2017-09-22 22:00:00"
IOP,0.000517,"2017-09-22 22:05:00"
IOP,0.00052302,"2017-09-22 22:10:00"
IOP,0.00051706,"2017-09-22 22:15:00"
IOP,0.00052255,"2017-09-22 22:20:00"
IOP,0.00052255,"2017-09-22 22:25:00"
IOP,0.0005237,"2017-09-22 22:30:00"
IOP,0.00052506,"2017-09-22 22:35:00"
IOP,0.00053949,"2017-09-22 22:40:00"
IOP,0.00054167,"2017-09-22 22:45:00"
IOP,0.00054174,"2017-09-22 22:50:00"
IOP,0.00053209,"2017-09-22 22:55:00"
IOP,0.00053268,"2017-09-22 23:00:00"
IOP,0.00052601,"2017-09-22 23:05:00"
IOP,0.00052537,"2017-09-22 23:10:00"
IOP,0.00052874,"2017-09-22 23:15:00"
IOP,0.00052081,"2017-09-22 23:20:00"
IOP,0.00051928,"2017-09-22 23:25:00"
IOP,0.00052225,"2017-09-22 23:30:00"
IOP,0.00052225,"2017-09-22 23:35:00"
IOP,0.00052707,"2017-09-22 23:40:00"
IOP,0.00052315,"2017-09-22 23:45:00"
IOP,0.00051338,"2017-09-22 23:50:00"
IOP,0.00051038,"2017-09-22 23:55:00"
IOP,0.00052,"2017-09-23 00:00:00"
IOP,0.00052701,"2017-09-23 00:05:00"
IOP,0.000525,"2017-09-23 00:10:00"
IOP,0.00053329,"2017-09-23 00:15:00"
IOP,0.00052712,"2017-09-23 00:20:00"
IOP,0.00051926,"2017-09-23 00:25:00"
IOP,0.000533,"2017-09-23 00:30:00"
IOP,0.00052707,"2017-09-23 00:35:00"
IOP,0.000527,"2017-09-23 00:40:00"
IOP,0.000527,"2017-09-23 00:45:00"
IOP,0.00052839,"2017-09-23 00:50:00"
IOP,0.00053481,"2017-09-23 00:55:00"
IOP,0.00053366,"2017-09-23 01:00:00"
IOP,0.00054714,"2017-09-23 01:05:00"
IOP,0.00056273,"2017-09-23 01:10:00"
IOP,0.00057,"2017-09-23 01:15:00"
IOP,0.00059899,"2017-09-23 01:20:00"
IOP,0.00058497,"2017-09-23 01:25:00"
IOP,0.00056253,"2017-09-23 01:30:00"
IOP,0.00056268,"2017-09-23 01:35:00"
IOP,0.00056197,"2017-09-23 01:40:00"
IOP,0.00056267,"2017-09-23 01:45:00"
IOP,0.00056781,"2017-09-23 01:50:00"
IOP,0.00056502,"2017-09-23 01:55:00"
IOP,0.00057221,"2017-09-23 02:00:00"
IOP,0.00059368,"2017-09-23 02:05:00"
IOP,0.00063,"2017-09-23 02:10:00"
IOP,0.000638,"2017-09-23 02:15:00"
IOP,0.0006335,"2017-09-23 02:20:00"
IOP,0.00062,"2017-09-23 02:25:00"
IOP,0.0006233,"2017-09-23 02:30:00"
IOP,0.00063,"2017-09-23 02:35:00"
IOP,0.00065,"2017-09-23 02:40:00"
IOP,0.00064,"2017-09-23 02:45:00"
IOP,0.00062087,"2017-09-23 02:50:00"
IOP,0.0006,"2017-09-23 02:55:00"
IOP,0.00060717,"2017-09-23 03:00:00"
IOP,0.00060001,"2017-09-23 03:05:00"
IOP,0.00059713,"2017-09-23 03:10:00"
IOP,0.00061,"2017-09-23 03:15:00"
IOP,0.000611,"2017-09-23 03:20:00"
IOP,0.00059414,"2017-09-23 03:25:00"
IOP,0.0005919,"2017-09-23 03:30:00"
IOP,0.0005822,"2017-09-23 03:35:00"
IOP,0.00059181,"2017-09-23 03:40:00"
IOP,0.00056599,"2017-09-23 03:45:00"
IOP,0.00056442,"2017-09-23 03:50:00"
IOP,0.00057465,"2017-09-23 03:55:00"
IOP,0.00058232,"2017-09-23 04:00:00"
IOP,0.00058626,"2017-09-23 04:05:00"
IOP,0.00058495,"2017-09-23 04:10:00"
IOP,0.00058497,"2017-09-23 04:15:00"
IOP,0.00059269,"2017-09-23 04:20:00"
IOP,0.0005767,"2017-09-23 04:25:00"
IOP,0.0005771,"2017-09-23 04:30:00"
IOP,0.00058299,"2017-09-23 04:35:00"
IOP,0.0005751,"2017-09-23 04:40:00"
IOP,0.0005751,"2017-09-23 04:45:00"
IOP,0.0005751,"2017-09-23 04:50:00"
IOP,0.00056781,"2017-09-23 04:55:00"
IOP,0.00055613,"2017-09-23 05:00:00"
IOP,0.00054425,"2017-09-23 05:05:00"
IOP,0.00054371,"2017-09-23 05:10:00"
IOP,0.0005295,"2017-09-23 05:15:00"
IOP,0.00053883,"2017-09-23 05:20:00"
IOP,0.00053894,"2017-09-23 05:25:00"
IOP,0.00054,"2017-09-23 05:30:00"
IOP,0.00054971,"2017-09-23 05:35:00"
IOP,0.00054694,"2017-09-23 05:40:00"
IOP,0.00053519,"2017-09-23 05:45:00"
IOP,0.00054957,"2017-09-23 05:50:00"
IOP,0.00055322,"2017-09-23 05:55:00"
IOP,0.00055847,"2017-09-23 06:00:00"
IOP,0.00055945,"2017-09-23 06:05:00"
IOP,0.00055942,"2017-09-23 06:10:00"
IOP,0.000552,"2017-09-23 06:15:00"
IOP,0.000552,"2017-09-23 06:20:00"
IOP,0.00056001,"2017-09-23 06:25:00"
IOP,0.00057632,"2017-09-23 06:30:00"
IOP,0.00057499,"2017-09-23 06:35:00"
IOP,0.00056699,"2017-09-23 06:40:00"
IOP,0.0005735,"2017-09-23 06:45:00"
IOP,0.00061648,"2017-09-23 06:50:00"
IOP,0.00059374,"2017-09-23 06:55:00"
IOP,0.00058296,"2017-09-23 07:00:00"
IOP,0.00059051,"2017-09-23 07:05:00"
IOP,0.00059374,"2017-09-23 07:10:00"
IOP,0.00059,"2017-09-23 07:15:00"
IOP,0.00058497,"2017-09-23 07:20:00"
IOP,0.00058497,"2017-09-23 07:25:00"
IOP,0.00058997,"2017-09-23 07:30:00"
IOP,0.00058997,"2017-09-23 07:35:00"
IOP,0.00058995,"2017-09-23 07:40:00"
IOP,0.00057633,"2017-09-23 07:45:00"
IOP,0.00057001,"2017-09-23 07:50:00"
IOP,0.00056581,"2017-09-23 07:55:00"
IOP,0.00056422,"2017-09-23 08:00:00"
IOP,0.0005678,"2017-09-23 08:05:00"
IOP,0.00056833,"2017-09-23 08:10:00"
IOP,0.000578,"2017-09-23 08:15:00"
IOP,0.000578,"2017-09-23 08:20:00"
IOP,0.000578,"2017-09-23 08:25:00"
IOP,0.000578,"2017-09-23 08:30:00"
IOP,0.00056781,"2017-09-23 08:35:00"
IOP,0.00056781,"2017-09-23 08:40:00"
IOP,0.00056771,"2017-09-23 08:45:00"
IOP,0.00056781,"2017-09-23 08:50:00"
IOP,0.00056781,"2017-09-23 08:55:00"
IOP,0.00056112,"2017-09-23 09:00:00"
IOP,0.00056785,"2017-09-23 09:05:00"
IOP,0.00057214,"2017-09-23 09:10:00"
IOP,0.00056402,"2017-09-23 09:15:00"
IOP,0.00057528,"2017-09-23 09:20:00"
IOP,0.00056332,"2017-09-23 09:25:00"
IOP,0.00056997,"2017-09-23 09:30:00"
IOP,0.00056106,"2017-09-23 09:35:00"
IOP,0.00056106,"2017-09-23 09:40:00"
IOP,0.00057071,"2017-09-23 09:45:00"
IOP,0.000562,"2017-09-23 09:50:00"
IOP,0.00055944,"2017-09-23 09:55:00"
IOP,0.00057,"2017-09-23 10:00:00"
IOP,0.000575,"2017-09-23 10:05:00"
IOP,0.00057622,"2017-09-23 10:10:00"
IOP,0.000581,"2017-09-23 10:15:00"
IOP,0.000575,"2017-09-23 10:20:00"
IOP,0.00058,"2017-09-23 10:25:00"
IOP,0.00057303,"2017-09-23 10:30:00"
IOP,0.00057989,"2017-09-23 10:35:00"
IOP,0.00057987,"2017-09-23 10:40:00"
IOP,0.00058,"2017-09-23 10:45:00"
IOP,0.00057483,"2017-09-23 10:50:00"
IOP,0.00057483,"2017-09-23 10:55:00"
IOP,0.00057483,"2017-09-23 11:00:00"
IOP,0.00057483,"2017-09-23 11:05:00"
IOP,0.00057,"2017-09-23 11:10:00"
IOP,0.00057,"2017-09-23 11:15:00"
IOP,0.00056657,"2017-09-23 11:20:00"
IOP,0.00056,"2017-09-23 11:25:00"
IOP,0.00056188,"2017-09-23 11:30:00"
IOP,0.00056195,"2017-09-23 11:35:00"
IOP,0.0005651,"2017-09-23 11:40:00"
IOP,0.000569,"2017-09-23 11:45:00"
IOP,0.00057605,"2017-09-23 11:50:00"
IOP,0.00057958,"2017-09-23 11:55:00"
IOP,0.00058,"2017-09-23 12:00:00"
IOP,0.00061,"2017-09-23 12:05:00"
IOP,0.00059416,"2017-09-23 12:10:00"
IOP,0.00059365,"2017-09-23 12:15:00"
IOP,0.0006,"2017-09-23 12:20:00"
IOP,0.00061229,"2017-09-23 12:25:00"
IOP,0.00061,"2017-09-23 12:30:00"
IOP,0.00060508,"2017-09-23 12:35:00"
IOP,0.000595,"2017-09-23 12:40:00"
IOP,0.00059497,"2017-09-23 12:45:00"
IOP,0.00059497,"2017-09-23 12:50:00"
IOP,0.00059495,"2017-09-23 12:55:00"
IOP,0.000601,"2017-09-23 13:00:00"
IOP,0.00060135,"2017-09-23 13:05:00"
IOP,0.00060233,"2017-09-23 13:10:00"
IOP,0.00060846,"2017-09-23 13:15:00"
IOP,0.00060601,"2017-09-23 13:20:00"
IOP,0.00060333,"2017-09-23 13:25:00"
IOP,0.00060333,"2017-09-23 13:30:00"
IOP,0.0006,"2017-09-23 13:35:00"
IOP,0.00060592,"2017-09-23 13:40:00"
IOP,0.00060471,"2017-09-23 13:45:00"
IOP,0.0006126,"2017-09-23 13:50:00"
IOP,0.00061782,"2017-09-23 13:55:00"
IOP,0.000635,"2017-09-23 14:00:00"
IOP,0.00064897,"2017-09-23 14:05:00"
IOP,0.00064,"2017-09-23 14:10:00"
IOP,0.00064526,"2017-09-23 14:15:00"
IOP,0.0006356,"2017-09-23 14:20:00"
IOP,0.00063399,"2017-09-23 14:25:00"
IOP,0.00063398,"2017-09-23 14:30:00"
IOP,0.00063,"2017-09-23 14:35:00"
IOP,0.000614,"2017-09-23 14:40:00"
IOP,0.00060802,"2017-09-23 14:45:00"
IOP,0.00060283,"2017-09-23 14:50:00"
IOP,0.000625,"2017-09-23 14:55:00"
IOP,0.000615,"2017-09-23 15:00:00"
IOP,0.00062016,"2017-09-23 15:05:00"
IOP,0.00061497,"2017-09-23 15:10:00"
IOP,0.00061086,"2017-09-23 15:15:00"
IOP,0.00060991,"2017-09-23 15:20:00"
IOP,0.00060179,"2017-09-23 15:25:00"
IOP,0.00060991,"2017-09-23 15:30:00"
IOP,0.00060105,"2017-09-23 15:35:00"
IOP,0.00059929,"2017-09-23 15:40:00"
IOP,0.00060105,"2017-09-23 15:45:00"
IOP,0.00059674,"2017-09-23 15:50:00"
IOP,0.0006051,"2017-09-23 15:55:00"
IOP,0.0006051,"2017-09-23 16:00:00"
IOP,0.0006051,"2017-09-23 16:05:00"
IOP,0.00060511,"2017-09-23 16:10:00"
IOP,0.0006081,"2017-09-23 16:15:00"
IOP,0.0006081,"2017-09-23 16:20:00"
IOP,0.00062287,"2017-09-23 16:25:00"
IOP,0.00061086,"2017-09-23 16:30:00"
IOP,0.000612,"2017-09-23 16:35:00"
IOP,0.00062749,"2017-09-23 16:40:00"
IOP,0.0006388,"2017-09-23 16:45:00"
IOP,0.00062,"2017-09-23 16:50:00"
IOP,0.00063307,"2017-09-23 16:55:00"
IOP,0.00063,"2017-09-23 17:00:00"
IOP,0.00062999,"2017-09-23 17:05:00"
IOP,0.000636,"2017-09-23 17:10:00"
IOP,0.00062709,"2017-09-23 17:15:00"
IOP,0.00062715,"2017-09-23 17:20:00"
IOP,0.00063284,"2017-09-23 17:25:00"
IOP,0.00064,"2017-09-23 17:30:00"
IOP,0.000642,"2017-09-23 17:35:00"
IOP,0.00064526,"2017-09-23 17:40:00"
IOP,0.0006655,"2017-09-23 17:45:00"
IOP,0.00071,"2017-09-23 17:50:00"
IOP,0.00077,"2017-09-23 17:55:00"
IOP,0.00072,"2017-09-23 18:00:00"
IOP,0.00069261,"2017-09-23 18:05:00"
IOP,0.000695,"2017-09-23 18:10:00"
IOP,0.00072228,"2017-09-23 18:15:00"
IOP,0.0007238,"2017-09-23 18:20:00"
IOP,0.00071999,"2017-09-23 18:25:00"
IOP,0.00071,"2017-09-23 18:30:00"
IOP,0.00071352,"2017-09-23 18:35:00"
IOP,0.00070146,"2017-09-23 18:40:00"
IOP,0.00069,"2017-09-23 18:45:00"
IOP,0.00067831,"2017-09-23 18:50:00"
IOP,0.000686,"2017-09-23 18:55:00"
IOP,0.00071,"2017-09-23 19:00:00"
IOP,0.000764,"2017-09-23 19:05:00"
IOP,0.00077399,"2017-09-23 19:10:00"
IOP,0.00079,"2017-09-23 19:15:00"
IOP,0.000826,"2017-09-23 19:20:00"
IOP,0.00082,"2017-09-23 19:25:00"
IOP,0.00085,"2017-09-23 19:30:00"
IOP,0.00087904,"2017-09-23 19:35:00"
IOP,0.00088499,"2017-09-23 19:40:00"
IOP,0.000947,"2017-09-23 19:45:00"
IOP,0.00097811,"2017-09-23 19:50:00"
IOP,0.000975,"2017-09-23 19:55:00"
IOP,0.000949,"2017-09-23 20:00:00"
IOP,0.00091491,"2017-09-23 20:05:00"
IOP,0.00092,"2017-09-23 20:10:00"
IOP,0.00088,"2017-09-23 20:15:00"
IOP,0.00088492,"2017-09-23 20:20:00"
IOP,0.0008455,"2017-09-23 20:25:00"
IOP,0.00087028,"2017-09-23 20:30:00"
IOP,0.0008724,"2017-09-23 20:35:00"
IOP,0.00087998,"2017-09-23 20:40:00"
IOP,0.0008625,"2017-09-23 20:45:00"
IOP,0.000871,"2017-09-23 20:50:00"
IOP,0.00086511,"2017-09-23 20:55:00"
IOP,0.0008799,"2017-09-23 21:00:00"
IOP,0.0009239,"2017-09-23 21:05:00"
IOP,0.00091899,"2017-09-23 21:10:00"
IOP,0.00095111,"2017-09-23 21:15:00"
IOP,0.00093732,"2017-09-23 21:20:00"
IOP,0.0009425,"2017-09-23 21:25:00"
IOP,0.0009598,"2017-09-23 21:30:00"
IOP,0.000925,"2017-09-23 21:35:00"
IOP,0.00092003,"2017-09-23 21:40:00"
IOP,0.00092,"2017-09-23 21:45:00"
IOP,0.000913,"2017-09-23 21:50:00"
IOP,0.00090201,"2017-09-23 21:55:00"
IOP,0.00090984,"2017-09-23 22:00:00"
IOP,0.000894,"2017-09-23 22:05:00"
IOP,0.000885,"2017-09-23 22:10:00"
IOP,0.0008621,"2017-09-23 22:15:00"
IOP,0.000885,"2017-09-23 22:20:00"
IOP,0.00088,"2017-09-23 22:25:00"
IOP,0.00088,"2017-09-23 22:30:00"
IOP,0.00087474,"2017-09-23 22:35:00"
IOP,0.00088169,"2017-09-23 22:40:00"
IOP,0.00088884,"2017-09-23 22:45:00"
IOP,0.00090099,"2017-09-23 22:50:00"
IOP,0.00090442,"2017-09-23 22:55:00"
IOP,0.00090974,"2017-09-23 23:00:00"
IOP,0.00089,"2017-09-23 23:05:00"
IOP,0.00089747,"2017-09-23 23:10:00"
IOP,0.00089,"2017-09-23 23:15:00"
IOP,0.00087911,"2017-09-23 23:20:00"
IOP,0.00088452,"2017-09-23 23:25:00"
IOP,0.00088,"2017-09-23 23:30:00"
IOP,0.00086,"2017-09-23 23:35:00"
IOP,0.00085747,"2017-09-23 23:40:00"
IOP,0.00085765,"2017-09-23 23:45:00"
IOP,0.000872,"2017-09-23 23:50:00"
IOP,0.00084807,"2017-09-23 23:55:00"
IOP,0.00084315,"2017-09-24 00:00:00"
IOP,0.000825,"2017-09-24 00:05:00"
IOP,0.000805,"2017-09-24 00:10:00"
IOP,0.00082912,"2017-09-24 00:15:00"
IOP,0.000828,"2017-09-24 00:20:00"
IOP,0.0008267,"2017-09-24 00:25:00"
IOP,0.000828,"2017-09-24 00:30:00"
IOP,0.00082902,"2017-09-24 00:35:00"
IOP,0.00085157,"2017-09-24 00:40:00"
IOP,0.0008699,"2017-09-24 00:45:00"
IOP,0.0008828,"2017-09-24 00:50:00"
IOP,0.0008755,"2017-09-24 00:55:00"
IOP,0.00084011,"2017-09-24 01:00:00"
IOP,0.0008617,"2017-09-24 01:05:00"
IOP,0.0008666,"2017-09-24 01:10:00"
IOP,0.000868,"2017-09-24 01:15:00"
IOP,0.00086001,"2017-09-24 01:20:00"
IOP,0.00086004,"2017-09-24 01:25:00"
IOP,0.00083188,"2017-09-24 01:30:00"
IOP,0.00084334,"2017-09-24 01:35:00"
IOP,0.000845,"2017-09-24 01:40:00"
IOP,0.00084412,"2017-09-24 01:45:00"
IOP,0.00085,"2017-09-24 01:50:00"
IOP,0.0008448,"2017-09-24 01:55:00"
IOP,0.0008449,"2017-09-24 02:00:00"
IOP,0.0008415,"2017-09-24 02:05:00"
IOP,0.00084057,"2017-09-24 02:10:00"
IOP,0.00083627,"2017-09-24 02:15:00"
IOP,0.00083,"2017-09-24 02:20:00"
IOP,0.000825,"2017-09-24 02:25:00"
IOP,0.000825,"2017-09-24 02:30:00"
IOP,0.000822,"2017-09-24 02:35:00"
IOP,0.00081321,"2017-09-24 02:40:00"
IOP,0.00080107,"2017-09-24 02:45:00"
IOP,0.00081,"2017-09-24 02:50:00"
IOP,0.00080114,"2017-09-24 02:55:00"
IOP,0.00081533,"2017-09-24 03:00:00"
IOP,0.0008155,"2017-09-24 03:05:00"
IOP,0.00081702,"2017-09-24 03:10:00"
IOP,0.00081,"2017-09-24 03:15:00"
IOP,0.0008168,"2017-09-24 03:20:00"
IOP,0.00081681,"2017-09-24 03:25:00"
IOP,0.000805,"2017-09-24 03:30:00"
IOP,0.00081288,"2017-09-24 03:35:00"
IOP,0.00081218,"2017-09-24 03:40:00"
IOP,0.00081217,"2017-09-24 03:45:00"
IOP,0.00081208,"2017-09-24 03:50:00"
IOP,0.000812,"2017-09-24 03:55:00"
IOP,0.000812,"2017-09-24 04:00:00"
IOP,0.00085896,"2017-09-24 04:05:00"
IOP,0.00085457,"2017-09-24 04:10:00"
IOP,0.00085,"2017-09-24 04:15:00"
IOP,0.000867,"2017-09-24 04:20:00"
IOP,0.000861,"2017-09-24 04:25:00"
IOP,0.000867,"2017-09-24 04:30:00"
IOP,0.00087595,"2017-09-24 04:35:00"
IOP,0.00091,"2017-09-24 04:40:00"
IOP,0.000935,"2017-09-24 04:45:00"
IOP,0.000925,"2017-09-24 04:50:00"
IOP,0.00093,"2017-09-24 04:55:00"
IOP,0.0009343,"2017-09-24 05:00:00"
IOP,0.0009311,"2017-09-24 05:05:00"
IOP,0.00094,"2017-09-24 05:10:00"
IOP,0.00093,"2017-09-24 05:15:00"
IOP,0.00094,"2017-09-24 05:20:00"
IOP,0.00097,"2017-09-24 05:25:00"
IOP,0.00098,"2017-09-24 05:30:00"
IOP,0.00098799,"2017-09-24 05:35:00"
IOP,0.00097378,"2017-09-24 05:40:00"
IOP,0.00096301,"2017-09-24 05:45:00"
IOP,0.000963,"2017-09-24 05:50:00"
IOP,0.0009551,"2017-09-24 05:55:00"
IOP,0.00095103,"2017-09-24 06:00:00"
IOP,0.00096,"2017-09-24 06:05:00"
IOP,0.00093801,"2017-09-24 06:10:00"
IOP,0.00092,"2017-09-24 06:15:00"
IOP,0.00092379,"2017-09-24 06:20:00"
IOP,0.00091236,"2017-09-24 06:25:00"
IOP,0.00092,"2017-09-24 06:30:00"
IOP,0.000918,"2017-09-24 06:35:00"
IOP,0.000911,"2017-09-24 06:40:00"
IOP,0.00092,"2017-09-24 06:45:00"
IOP,0.00092301,"2017-09-24 06:50:00"
IOP,0.000915,"2017-09-24 06:55:00"
IOP,0.00092001,"2017-09-24 07:00:00"
IOP,0.0009236,"2017-09-24 07:05:00"
IOP,0.00093798,"2017-09-24 07:10:00"
IOP,0.00097401,"2017-09-24 07:15:00"
IOP,0.00094501,"2017-09-24 07:20:00"
IOP,0.00095215,"2017-09-24 07:25:00"
IOP,0.00095999,"2017-09-24 07:30:00"
IOP,0.000968,"2017-09-24 07:35:00"
IOP,0.000951,"2017-09-24 07:40:00"
IOP,0.00095,"2017-09-24 07:45:00"
IOP,0.00095,"2017-09-24 07:50:00"
IOP,0.00095,"2017-09-24 07:55:00"
IOP,0.00096,"2017-09-24 08:00:00"
IOP,0.00094228,"2017-09-24 08:05:00"
IOP,0.000941,"2017-09-24 08:10:00"
IOP,0.00093,"2017-09-24 08:15:00"
IOP,0.000949,"2017-09-24 08:20:00"
IOP,0.00094623,"2017-09-24 08:25:00"
IOP,0.00094,"2017-09-24 08:30:00"
IOP,0.00094966,"2017-09-24 08:35:00"
IOP,0.00094003,"2017-09-24 08:40:00"
IOP,0.00094,"2017-09-24 08:45:00"
IOP,0.0009411,"2017-09-24 08:50:00"
IOP,0.000925,"2017-09-24 08:55:00"
IOP,0.0009382,"2017-09-24 09:00:00"
IOP,0.000931,"2017-09-24 09:05:00"
IOP,0.000901,"2017-09-24 09:10:00"
IOP,0.00087798,"2017-09-24 09:15:00"
IOP,0.00087858,"2017-09-24 09:20:00"
IOP,0.00087884,"2017-09-24 09:25:00"
IOP,0.00087042,"2017-09-24 09:30:00"
IOP,0.00088,"2017-09-24 09:35:00"
IOP,0.0008771,"2017-09-24 09:40:00"
IOP,0.00087822,"2017-09-24 09:45:00"
IOP,0.00088499,"2017-09-24 09:50:00"
IOP,0.00089,"2017-09-24 09:55:00"
IOP,0.000901,"2017-09-24 10:00:00"
IOP,0.000899,"2017-09-24 10:05:00"
IOP,0.0008901,"2017-09-24 10:10:00"
IOP,0.000883,"2017-09-24 10:15:00"
IOP,0.00088299,"2017-09-24 10:20:00"
IOP,0.000881,"2017-09-24 10:25:00"
IOP,0.000889,"2017-09-24 10:30:00"
IOP,0.000881,"2017-09-24 10:35:00"
IOP,0.000889,"2017-09-24 10:40:00"
IOP,0.00089238,"2017-09-24 10:45:00"
IOP,0.0008901,"2017-09-24 10:50:00"
IOP,0.00088408,"2017-09-24 10:55:00"
IOP,0.000885,"2017-09-24 11:00:00"
IOP,0.00089684,"2017-09-24 11:05:00"
IOP,0.00089761,"2017-09-24 11:10:00"
IOP,0.0008976,"2017-09-24 11:15:00"
IOP,0.0008978,"2017-09-24 11:20:00"
IOP,0.00089799,"2017-09-24 11:25:00"
IOP,0.00088606,"2017-09-24 11:30:00"
IOP,0.00091491,"2017-09-24 11:35:00"
IOP,0.00092501,"2017-09-24 11:40:00"
IOP,0.00093,"2017-09-24 11:45:00"
IOP,0.00092705,"2017-09-24 11:50:00"
IOP,0.000933,"2017-09-24 11:55:00"
IOP,0.0009331,"2017-09-24 12:00:00"
IOP,0.00093313,"2017-09-24 12:05:00"
IOP,0.00091036,"2017-09-24 12:10:00"
IOP,0.00091493,"2017-09-24 12:15:00"
IOP,0.000912,"2017-09-24 12:20:00"
IOP,0.000923,"2017-09-24 12:25:00"
IOP,0.00093116,"2017-09-24 12:30:00"
IOP,0.00093899,"2017-09-24 12:35:00"
IOP,0.0009315,"2017-09-24 12:40:00"
IOP,0.0009315,"2017-09-24 12:45:00"
IOP,0.0009265,"2017-09-24 12:50:00"
IOP,0.00092651,"2017-09-24 12:55:00"
IOP,0.00093098,"2017-09-24 13:00:00"
IOP,0.00093,"2017-09-24 13:05:00"
IOP,0.00093,"2017-09-24 13:10:00"
IOP,0.0009296,"2017-09-24 13:15:00"
IOP,0.000929,"2017-09-24 13:20:00"
IOP,0.0009289,"2017-09-24 13:25:00"
IOP,0.00092756,"2017-09-24 13:30:00"
IOP,0.000931,"2017-09-24 13:35:00"
IOP,0.000931,"2017-09-24 13:40:00"
IOP,0.000924,"2017-09-24 13:45:00"
IOP,0.00091491,"2017-09-24 13:50:00"
IOP,0.00093,"2017-09-24 13:55:00"
IOP,0.00091791,"2017-09-24 14:00:00"
IOP,0.000918,"2017-09-24 14:05:00"
IOP,0.00093,"2017-09-24 14:10:00"
IOP,0.00093098,"2017-09-24 14:15:00"
IOP,0.00092945,"2017-09-24 14:20:00"
IOP,0.00093097,"2017-09-24 14:25:00"
IOP,0.000931,"2017-09-24 14:30:00"
IOP,0.000931,"2017-09-24 14:35:00"
IOP,0.0009255,"2017-09-24 14:40:00"
IOP,0.0009186,"2017-09-24 14:45:00"
IOP,0.00091999,"2017-09-24 14:50:00"
IOP,0.0009189,"2017-09-24 14:55:00"
IOP,0.0009,"2017-09-24 15:00:00"
IOP,0.00089684,"2017-09-24 15:05:00"
IOP,0.00090583,"2017-09-24 15:10:00"
IOP,0.00092,"2017-09-24 15:15:00"
IOP,0.00092408,"2017-09-24 15:20:00"
IOP,0.00092,"2017-09-24 15:25:00"
IOP,0.00092,"2017-09-24 15:30:00"
IOP,0.00092494,"2017-09-24 15:35:00"
IOP,0.00091747,"2017-09-24 15:40:00"
IOP,0.00091492,"2017-09-24 15:45:00"
IOP,0.000908,"2017-09-24 15:50:00"
IOP,0.00090802,"2017-09-24 15:55:00"
IOP,0.00090686,"2017-09-24 16:00:00"
IOP,0.00090475,"2017-09-24 16:05:00"
IOP,0.00090001,"2017-09-24 16:10:00"
IOP,0.000903,"2017-09-24 16:15:00"
IOP,0.00090315,"2017-09-24 16:20:00"
IOP,0.00091388,"2017-09-24 16:25:00"
IOP,0.000914,"2017-09-24 16:30:00"
IOP,0.00091031,"2017-09-24 16:35:00"
IOP,0.000913,"2017-09-24 16:40:00"
IOP,0.00091165,"2017-09-24 16:45:00"
IOP,0.000914,"2017-09-24 16:50:00"
IOP,0.0009202,"2017-09-24 16:55:00"
IOP,0.00093334,"2017-09-24 17:00:00"
IOP,0.00097,"2017-09-24 17:05:00"
IOP,0.001,"2017-09-24 17:10:00"
IOP,0.00108,"2017-09-24 17:15:00"
IOP,0.00106031,"2017-09-24 17:20:00"
IOP,0.001063,"2017-09-24 17:25:00"
IOP,0.00105,"2017-09-24 17:30:00"
IOP,0.00106066,"2017-09-24 17:35:00"
IOP,0.0010398,"2017-09-24 17:40:00"
IOP,0.0010472,"2017-09-24 17:45:00"
IOP,0.00104999,"2017-09-24 17:50:00"
IOP,0.0010495,"2017-09-24 17:55:00"
IOP,0.001044,"2017-09-24 18:00:00"
IOP,0.00103032,"2017-09-24 18:05:00"
IOP,0.00101839,"2017-09-24 18:10:00"
IOP,0.00102555,"2017-09-24 18:15:00"
IOP,0.00101468,"2017-09-24 18:20:00"
IOP,0.0010153,"2017-09-24 18:25:00"
IOP,0.0010275,"2017-09-24 18:30:00"
IOP,0.00101998,"2017-09-24 18:35:00"
IOP,0.00103,"2017-09-24 18:40:00"
IOP,0.00103475,"2017-09-24 18:45:00"
IOP,0.00102628,"2017-09-24 18:50:00"
IOP,0.00102628,"2017-09-24 18:55:00"
IOP,0.0010455,"2017-09-24 19:00:00"
IOP,0.00106905,"2017-09-24 19:05:00"
IOP,0.0010553,"2017-09-24 19:10:00"
IOP,0.00105598,"2017-09-24 19:15:00"
IOP,0.0010565,"2017-09-24 19:20:00"
IOP,0.001056,"2017-09-24 19:25:00"
IOP,0.001051,"2017-09-24 19:30:00"
IOP,0.001055,"2017-09-24 19:35:00"
IOP,0.00105278,"2017-09-24 19:40:00"
IOP,0.00104651,"2017-09-24 19:45:00"
IOP,0.00105584,"2017-09-24 19:50:00"
IOP,0.00102842,"2017-09-24 19:55:00"
IOP,0.00104744,"2017-09-24 20:00:00"
IOP,0.00103643,"2017-09-24 20:05:00"
IOP,0.001038,"2017-09-24 20:10:00"
IOP,0.00102512,"2017-09-24 20:15:00"
IOP,0.00104133,"2017-09-24 20:20:00"
IOP,0.00102501,"2017-09-24 20:25:00"
IOP,0.001043,"2017-09-24 20:30:00"
IOP,0.00105,"2017-09-24 20:35:00"
IOP,0.001025,"2017-09-24 20:40:00"
IOP,0.00104997,"2017-09-24 20:45:00"
IOP,0.00104107,"2017-09-24 20:50:00"
IOP,0.00103975,"2017-09-24 20:55:00"
IOP,0.00104157,"2017-09-24 21:00:00"
IOP,0.0010293,"2017-09-24 21:05:00"
IOP,0.00103,"2017-09-24 21:10:00"
IOP,0.0010325,"2017-09-24 21:15:00"
IOP,0.0010392,"2017-09-24 21:20:00"
IOP,0.00104147,"2017-09-24 21:25:00"
IOP,0.00103258,"2017-09-24 21:30:00"
IOP,0.00103404,"2017-09-24 21:35:00"
IOP,0.00103402,"2017-09-24 21:40:00"
IOP,0.00104148,"2017-09-24 21:45:00"
IOP,0.00105651,"2017-09-24 21:50:00"
IOP,0.001065,"2017-09-24 21:55:00"
IOP,0.0010529,"2017-09-24 22:00:00"
IOP,0.00106,"2017-09-24 22:05:00"
IOP,0.00108009,"2017-09-24 22:10:00"
IOP,0.00111,"2017-09-24 22:15:00"
IOP,0.00109,"2017-09-24 22:20:00"
IOP,0.001084,"2017-09-24 22:25:00"
IOP,0.00111,"2017-09-24 22:30:00"
IOP,0.00109759,"2017-09-24 22:35:00"
IOP,0.00108975,"2017-09-24 22:40:00"
IOP,0.0011,"2017-09-24 22:45:00"
IOP,0.0010956,"2017-09-24 22:50:00"
IOP,0.0010956,"2017-09-24 22:55:00"
IOP,0.00109501,"2017-09-24 23:00:00"
IOP,0.00108397,"2017-09-24 23:05:00"
IOP,0.001056,"2017-09-24 23:10:00"
IOP,0.0010758,"2017-09-24 23:15:00"
IOP,0.0010672,"2017-09-24 23:20:00"
IOP,0.00106001,"2017-09-24 23:25:00"
IOP,0.00103586,"2017-09-24 23:30:00"
IOP,0.00105,"2017-09-24 23:35:00"
IOP,0.00105201,"2017-09-24 23:40:00"
IOP,0.00106699,"2017-09-24 23:45:00"
IOP,0.0010551,"2017-09-24 23:50:00"
IOP,0.001064,"2017-09-24 23:55:00"
IOP,0.00105,"2017-09-25 00:00:00"
IOP,0.00106179,"2017-09-25 00:05:00"
IOP,0.00106185,"2017-09-25 00:10:00"
IOP,0.00105999,"2017-09-25 00:15:00"
IOP,0.00105733,"2017-09-25 00:20:00"
IOP,0.00106174,"2017-09-25 00:25:00"
IOP,0.00106184,"2017-09-25 00:30:00"
IOP,0.001059,"2017-09-25 00:35:00"
IOP,0.001065,"2017-09-25 00:40:00"
IOP,0.001073,"2017-09-25 00:45:00"
IOP,0.00108465,"2017-09-25 00:50:00"
IOP,0.001072,"2017-09-25 00:55:00"
IOP,0.00108,"2017-09-25 01:00:00"
IOP,0.001075,"2017-09-25 01:05:00"
IOP,0.001069,"2017-09-25 01:10:00"
IOP,0.00107505,"2017-09-25 01:15:00"
IOP,0.00109503,"2017-09-25 01:20:00"
IOP,0.0010951,"2017-09-25 01:25:00"
IOP,0.00108953,"2017-09-25 01:30:00"
IOP,0.001095,"2017-09-25 01:35:00"
IOP,0.0010999,"2017-09-25 01:40:00"
IOP,0.00109,"2017-09-25 01:45:00"
IOP,0.00108576,"2017-09-25 01:50:00"
IOP,0.00109,"2017-09-25 01:55:00"
IOP,0.001085,"2017-09-25 02:00:00"
IOP,0.0010855,"2017-09-25 02:05:00"
IOP,0.001113,"2017-09-25 02:10:00"
IOP,0.00111754,"2017-09-25 02:15:00"
IOP,0.00113474,"2017-09-25 02:20:00"
IOP,0.00114734,"2017-09-25 02:25:00"
IOP,0.00114597,"2017-09-25 02:30:00"
IOP,0.00114602,"2017-09-25 02:35:00"
IOP,0.0011253,"2017-09-25 02:40:00"
IOP,0.001135,"2017-09-25 02:45:00"
IOP,0.00114,"2017-09-25 02:50:00"
IOP,0.00114002,"2017-09-25 02:55:00"
IOP,0.001149,"2017-09-25 03:00:00"
IOP,0.00113987,"2017-09-25 03:05:00"
IOP,0.0011335,"2017-09-25 03:10:00"
IOP,0.00114,"2017-09-25 03:15:00"
IOP,0.00114,"2017-09-25 03:20:00"
IOP,0.0011301,"2017-09-25 03:25:00"
IOP,0.00114729,"2017-09-25 03:30:00"
IOP,0.001185,"2017-09-25 03:35:00"
IOP,0.00118,"2017-09-25 03:40:00"
IOP,0.00118393,"2017-09-25 03:45:00"
IOP,0.00118021,"2017-09-25 03:50:00"
IOP,0.001185,"2017-09-25 03:55:00"
IOP,0.00121029,"2017-09-25 04:00:00"
IOP,0.00123159,"2017-09-25 04:05:00"
IOP,0.00122001,"2017-09-25 04:10:00"
IOP,0.0012,"2017-09-25 04:15:00"
IOP,0.001196,"2017-09-25 04:20:00"
IOP,0.00117988,"2017-09-25 04:25:00"
IOP,0.001163,"2017-09-25 04:30:00"
IOP,0.001144,"2017-09-25 04:35:00"
IOP,0.00115819,"2017-09-25 04:40:00"
IOP,0.0011729,"2017-09-25 04:45:00"
IOP,0.00117891,"2017-09-25 04:50:00"
IOP,0.00118265,"2017-09-25 04:55:00"
IOP,0.001154,"2017-09-25 05:00:00"
IOP,0.0011212,"2017-09-25 05:05:00"
IOP,0.001132,"2017-09-25 05:10:00"
IOP,0.001138,"2017-09-25 05:15:00"
IOP,0.00112,"2017-09-25 05:20:00"
IOP,0.00111679,"2017-09-25 05:25:00"
IOP,0.00115083,"2017-09-25 05:30:00"
IOP,0.001148,"2017-09-25 05:35:00"
IOP,0.00112,"2017-09-25 05:40:00"
IOP,0.00112677,"2017-09-25 05:45:00"
IOP,0.00112709,"2017-09-25 05:50:00"
IOP,0.00112201,"2017-09-25 05:55:00"
IOP,0.00109501,"2017-09-25 06:00:00"
IOP,0.00107403,"2017-09-25 06:05:00"
IOP,0.00106101,"2017-09-25 06:10:00"
IOP,0.00105292,"2017-09-25 06:15:00"
IOP,0.001069,"2017-09-25 06:20:00"
IOP,0.0010805,"2017-09-25 06:25:00"
IOP,0.0010791,"2017-09-25 06:30:00"
IOP,0.00107,"2017-09-25 06:35:00"
IOP,0.00108373,"2017-09-25 06:40:00"
IOP,0.00108397,"2017-09-25 06:45:00"
IOP,0.00111142,"2017-09-25 06:50:00"
IOP,0.00108939,"2017-09-25 06:55:00"
IOP,0.00109473,"2017-09-25 07:00:00"
IOP,0.00108001,"2017-09-25 07:05:00"
IOP,0.00106661,"2017-09-25 07:10:00"
IOP,0.00106041,"2017-09-25 07:15:00"
IOP,0.0010459,"2017-09-25 07:20:00"
IOP,0.0010455,"2017-09-25 07:25:00"
IOP,0.0010155,"2017-09-25 07:30:00"
IOP,0.0010129,"2017-09-25 07:35:00"
IOP,0.001038,"2017-09-25 07:40:00"
IOP,0.001008,"2017-09-25 07:45:00"
IOP,0.00101486,"2017-09-25 07:50:00"
IOP,0.00101985,"2017-09-25 07:55:00"
IOP,0.00100151,"2017-09-25 08:00:00"
IOP,0.00100084,"2017-09-25 08:05:00"
IOP,0.00101642,"2017-09-25 08:10:00"
IOP,0.00102758,"2017-09-25 08:15:00"
IOP,0.0010305,"2017-09-25 08:20:00"
IOP,0.00103,"2017-09-25 08:25:00"
IOP,0.00102101,"2017-09-25 08:30:00"
IOP,0.0010261,"2017-09-25 08:35:00"
IOP,0.001036,"2017-09-25 08:40:00"
IOP,0.00104,"2017-09-25 08:45:00"
IOP,0.00104412,"2017-09-25 08:50:00"
IOP,0.001042,"2017-09-25 08:55:00"
IOP,0.001035,"2017-09-25 09:00:00"
IOP,0.00101601,"2017-09-25 09:05:00"
IOP,0.00100967,"2017-09-25 09:10:00"
IOP,0.00100132,"2017-09-25 09:15:00"
IOP,0.00101892,"2017-09-25 09:20:00"
IOP,0.00101592,"2017-09-25 09:25:00"
IOP,0.00100409,"2017-09-25 09:30:00"
IOP,0.00099592,"2017-09-25 09:35:00"
IOP,0.00098066,"2017-09-25 09:40:00"
IOP,0.00096,"2017-09-25 09:45:00"
IOP,0.00096,"2017-09-25 09:50:00"
IOP,0.000957,"2017-09-25 09:55:00"
IOP,0.0009616,"2017-09-25 10:00:00"
IOP,0.00094569,"2017-09-25 10:05:00"
IOP,0.00094,"2017-09-25 10:10:00"
IOP,0.00095276,"2017-09-25 10:15:00"
IOP,0.00097049,"2017-09-25 10:20:00"
IOP,0.00097282,"2017-09-25 10:25:00"
IOP,0.00098999,"2017-09-25 10:30:00"
IOP,0.00097949,"2017-09-25 10:35:00"
IOP,0.00096123,"2017-09-25 10:40:00"
IOP,0.0009467,"2017-09-25 10:45:00"
IOP,0.00095991,"2017-09-25 10:50:00"
IOP,0.000945,"2017-09-25 10:55:00"
IOP,0.00093601,"2017-09-25 11:00:00"
IOP,0.00092641,"2017-09-25 11:05:00"
IOP,0.000927,"2017-09-25 11:10:00"
IOP,0.0009261,"2017-09-25 11:15:00"
IOP,0.00094,"2017-09-25 11:20:00"
IOP,0.00095991,"2017-09-25 11:25:00"
IOP,0.00094492,"2017-09-25 11:30:00"
IOP,0.00096515,"2017-09-25 11:35:00"
IOP,0.00097236,"2017-09-25 11:40:00"
IOP,0.00096658,"2017-09-25 11:45:00"
IOP,0.00096411,"2017-09-25 11:50:00"
IOP,0.00094956,"2017-09-25 11:55:00"
IOP,0.00096262,"2017-09-25 12:00:00"
IOP,0.0009555,"2017-09-25 12:05:00"
IOP,0.00096209,"2017-09-25 12:10:00"
IOP,0.00096208,"2017-09-25 12:15:00"
IOP,0.00096206,"2017-09-25 12:20:00"
IOP,0.00096206,"2017-09-25 12:25:00"
IOP,0.0009665,"2017-09-25 12:30:00"
IOP,0.00098697,"2017-09-25 12:35:00"
IOP,0.00098957,"2017-09-25 12:40:00"
IOP,0.00099,"2017-09-25 12:45:00"
IOP,0.00099,"2017-09-25 12:50:00"
IOP,0.00097355,"2017-09-25 12:55:00"
IOP,0.00099023,"2017-09-25 13:00:00"
IOP,0.0009984,"2017-09-25 13:05:00"
IOP,0.00099799,"2017-09-25 13:10:00"
IOP,0.00099899,"2017-09-25 13:15:00"
IOP,0.001003,"2017-09-25 13:20:00"
IOP,0.001032,"2017-09-25 13:25:00"
IOP,0.00103,"2017-09-25 13:30:00"
IOP,0.00102743,"2017-09-25 13:35:00"
IOP,0.00101717,"2017-09-25 13:40:00"
IOP,0.00101989,"2017-09-25 13:45:00"
IOP,0.00102,"2017-09-25 13:50:00"
IOP,0.0010171,"2017-09-25 13:55:00"
IOP,0.001009,"2017-09-25 14:00:00"
IOP,0.0009894,"2017-09-25 14:05:00"
IOP,0.00099711,"2017-09-25 14:10:00"
IOP,0.00098357,"2017-09-25 14:15:00"
IOP,0.00097133,"2017-09-25 14:20:00"
IOP,0.00096302,"2017-09-25 14:25:00"
IOP,0.00096004,"2017-09-25 14:30:00"
IOP,0.00098,"2017-09-25 14:35:00"
IOP,0.00099091,"2017-09-25 14:40:00"
IOP,0.000992,"2017-09-25 14:45:00"
IOP,0.00099349,"2017-09-25 14:50:00"
IOP,0.00098202,"2017-09-25 14:55:00"
IOP,0.00099,"2017-09-25 15:00:00"
IOP,0.00099349,"2017-09-25 15:05:00"
IOP,0.00100584,"2017-09-25 15:10:00"
IOP,0.00101336,"2017-09-25 15:15:00"
IOP,0.001015,"2017-09-25 15:20:00"
IOP,0.001,"2017-09-25 15:25:00"
IOP,0.00098961,"2017-09-25 15:30:00"
IOP,0.000996,"2017-09-25 15:35:00"
IOP,0.00100803,"2017-09-25 15:40:00"
IOP,0.00099676,"2017-09-25 15:45:00"
IOP,0.00100584,"2017-09-25 15:50:00"
IOP,0.00101,"2017-09-25 15:55:00"
IOP,0.001009,"2017-09-25 16:00:00"
IOP,0.001,"2017-09-25 16:05:00"
IOP,0.00100902,"2017-09-25 16:10:00"
IOP,0.0010075,"2017-09-25 16:15:00"
IOP,0.001003,"2017-09-25 16:20:00"
IOP,0.00098657,"2017-09-25 16:25:00"
IOP,0.000967,"2017-09-25 16:30:00"
IOP,0.00095999,"2017-09-25 16:35:00"
IOP,0.00099933,"2017-09-25 16:40:00"
IOP,0.00098,"2017-09-25 16:45:00"
IOP,0.0009791,"2017-09-25 16:50:00"
IOP,0.0009795,"2017-09-25 16:55:00"
IOP,0.00095002,"2017-09-25 17:00:00"
IOP,0.00092963,"2017-09-25 17:05:00"
IOP,0.00092034,"2017-09-25 17:10:00"
IOP,0.0009074,"2017-09-25 17:15:00"
IOP,0.0009287,"2017-09-25 17:20:00"
IOP,0.0009225,"2017-09-25 17:25:00"
IOP,0.00092502,"2017-09-25 17:30:00"
IOP,0.00092,"2017-09-25 17:35:00"
IOP,0.0009249,"2017-09-25 17:40:00"
IOP,0.00091502,"2017-09-25 17:45:00"
IOP,0.00090738,"2017-09-25 17:50:00"
IOP,0.0009287,"2017-09-25 17:55:00"
IOP,0.00093056,"2017-09-25 18:00:00"
IOP,0.00091849,"2017-09-25 18:05:00"
IOP,0.0009258,"2017-09-25 18:10:00"
IOP,0.00091491,"2017-09-25 18:15:00"
IOP,0.00090125,"2017-09-25 18:20:00"
IOP,0.00091,"2017-09-25 18:25:00"
IOP,0.00089684,"2017-09-25 18:30:00"
IOP,0.00088432,"2017-09-25 18:35:00"
IOP,0.000864,"2017-09-25 18:40:00"
IOP,0.0008746,"2017-09-25 18:45:00"
IOP,0.0008789,"2017-09-25 18:50:00"
IOP,0.00087728,"2017-09-25 18:55:00"
IOP,0.0008861,"2017-09-25 19:00:00"
IOP,0.000895,"2017-09-25 19:05:00"
IOP,0.0008879,"2017-09-25 19:10:00"
IOP,0.0009,"2017-09-25 19:15:00"
IOP,0.00091,"2017-09-25 19:20:00"
IOP,0.00092404,"2017-09-25 19:25:00"
IOP,0.00091357,"2017-09-25 19:30:00"
IOP,0.00091564,"2017-09-25 19:35:00"
IOP,0.00091058,"2017-09-25 19:40:00"
IOP,0.00088794,"2017-09-25 19:45:00"
IOP,0.00089137,"2017-09-25 19:50:00"
IOP,0.00090564,"2017-09-25 19:55:00"
IOP,0.00091421,"2017-09-25 20:00:00"
IOP,0.00090303,"2017-09-25 20:05:00"
IOP,0.00089307,"2017-09-25 20:10:00"
IOP,0.00090213,"2017-09-25 20:15:00"
IOP,0.00090506,"2017-09-25 20:20:00"
IOP,0.0009121,"2017-09-25 20:25:00"
IOP,0.0009,"2017-09-25 20:30:00"
IOP,0.0009,"2017-09-25 20:35:00"
IOP,0.00090114,"2017-09-25 20:40:00"
IOP,0.00091667,"2017-09-25 20:45:00"
IOP,0.00091575,"2017-09-25 20:50:00"
IOP,0.00090942,"2017-09-25 20:55:00"
IOP,0.00090708,"2017-09-25 21:00:00"
IOP,0.00091,"2017-09-25 21:05:00"
IOP,0.00090583,"2017-09-25 21:10:00"
IOP,0.0009055,"2017-09-25 21:15:00"
IOP,0.0009,"2017-09-25 21:20:00"
IOP,0.0009055,"2017-09-25 21:25:00"
IOP,0.00091491,"2017-09-25 21:30:00"
IOP,0.000917,"2017-09-25 21:35:00"
IOP,0.00091796,"2017-09-25 21:40:00"
IOP,0.00091717,"2017-09-25 21:45:00"
IOP,0.00091647,"2017-09-25 21:50:00"
IOP,0.00091701,"2017-09-25 21:55:00"
IOP,0.00091999,"2017-09-25 22:00:00"
IOP,0.00092081,"2017-09-25 22:05:00"
IOP,0.00092499,"2017-09-25 22:10:00"
IOP,0.00093531,"2017-09-25 22:15:00"
IOP,0.00093,"2017-09-25 22:20:00"
IOP,0.0009347,"2017-09-25 22:25:00"
IOP,0.00094725,"2017-09-25 22:30:00"
IOP,0.00098107,"2017-09-25 22:35:00"
IOP,0.00097,"2017-09-25 22:40:00"
IOP,0.00096648,"2017-09-25 22:45:00"
IOP,0.00096004,"2017-09-25 22:50:00"
IOP,0.00094761,"2017-09-25 22:55:00"
IOP,0.00094,"2017-09-25 23:00:00"
IOP,0.0009411,"2017-09-25 23:05:00"
IOP,0.000935,"2017-09-25 23:10:00"
IOP,0.00091,"2017-09-25 23:15:00"
IOP,0.00090201,"2017-09-25 23:20:00"
IOP,0.00091034,"2017-09-25 23:25:00"
IOP,0.00091033,"2017-09-25 23:30:00"
IOP,0.00090551,"2017-09-25 23:35:00"
IOP,0.0009043,"2017-09-25 23:40:00"
IOP,0.00090203,"2017-09-25 23:45:00"
IOP,0.0009055,"2017-09-25 23:50:00"
IOP,0.0009025,"2017-09-25 23:55:00"
IOP,0.00089456,"2017-09-26 00:00:00"
IOP,0.00088954,"2017-09-26 00:05:00"
IOP,0.00089447,"2017-09-26 00:10:00"
IOP,0.0009,"2017-09-26 00:15:00"
IOP,0.000899,"2017-09-26 00:20:00"
IOP,0.000899,"2017-09-26 00:25:00"
IOP,0.00089655,"2017-09-26 00:30:00"
IOP,0.000899,"2017-09-26 00:35:00"
IOP,0.00089555,"2017-09-26 00:40:00"
IOP,0.0009055,"2017-09-26 00:45:00"
IOP,0.00089891,"2017-09-26 00:50:00"
IOP,0.00090899,"2017-09-26 00:55:00"
IOP,0.00089593,"2017-09-26 01:00:00"
IOP,0.00088874,"2017-09-26 01:05:00"
IOP,0.00089992,"2017-09-26 01:10:00"
IOP,0.000895,"2017-09-26 01:15:00"
IOP,0.00089203,"2017-09-26 01:20:00"
IOP,0.000883,"2017-09-26 01:25:00"
IOP,0.00087338,"2017-09-26 01:30:00"
IOP,0.000886,"2017-09-26 01:35:00"
IOP,0.00088051,"2017-09-26 01:40:00"
IOP,0.0008795,"2017-09-26 01:45:00"
IOP,0.00089,"2017-09-26 01:50:00"
IOP,0.00090709,"2017-09-26 01:55:00"
IOP,0.00091131,"2017-09-26 02:00:00"
IOP,0.000893,"2017-09-26 02:05:00"
IOP,0.00089809,"2017-09-26 02:10:00"
IOP,0.00089694,"2017-09-26 02:15:00"
IOP,0.00089592,"2017-09-26 02:20:00"
IOP,0.00089276,"2017-09-26 02:25:00"
IOP,0.00088994,"2017-09-26 02:30:00"
IOP,0.00088827,"2017-09-26 02:35:00"
IOP,0.00088794,"2017-09-26 02:40:00"
IOP,0.00088794,"2017-09-26 02:45:00"
IOP,0.00089197,"2017-09-26 02:50:00"
IOP,0.00088769,"2017-09-26 02:55:00"
IOP,0.00087554,"2017-09-26 03:00:00"
IOP,0.000875,"2017-09-26 03:05:00"
IOP,0.000875,"2017-09-26 03:10:00"
IOP,0.00088678,"2017-09-26 03:15:00"
IOP,0.00088683,"2017-09-26 03:20:00"
IOP,0.00087214,"2017-09-26 03:25:00"
IOP,0.00087317,"2017-09-26 03:30:00"
IOP,0.00089199,"2017-09-26 03:35:00"
IOP,0.00089197,"2017-09-26 03:40:00"
IOP,0.00088844,"2017-09-26 03:45:00"
IOP,0.00088844,"2017-09-26 03:50:00"
IOP,0.000889,"2017-09-26 03:55:00"
IOP,0.00089195,"2017-09-26 04:00:00"
IOP,0.00089195,"2017-09-26 04:05:00"
IOP,0.00089307,"2017-09-26 04:10:00"
IOP,0.00089445,"2017-09-26 04:15:00"
IOP,0.00089307,"2017-09-26 04:20:00"
IOP,0.00089193,"2017-09-26 04:25:00"
IOP,0.00089001,"2017-09-26 04:30:00"
IOP,0.000895,"2017-09-26 04:35:00"
IOP,0.00091,"2017-09-26 04:40:00"
IOP,0.00091,"2017-09-26 04:45:00"
IOP,0.00093143,"2017-09-26 04:50:00"
IOP,0.00093972,"2017-09-26 04:55:00"
IOP,0.00093444,"2017-09-26 05:00:00"
IOP,0.00094488,"2017-09-26 05:05:00"
IOP,0.0009465,"2017-09-26 05:10:00"
IOP,0.00094898,"2017-09-26 05:15:00"
IOP,0.00094016,"2017-09-26 05:20:00"
IOP,0.000945,"2017-09-26 05:25:00"
IOP,0.00094256,"2017-09-26 05:30:00"
IOP,0.0009446,"2017-09-26 05:35:00"
IOP,0.00094907,"2017-09-26 05:40:00"
IOP,0.00096644,"2017-09-26 05:45:00"
IOP,0.00097615,"2017-09-26 05:50:00"
IOP,0.00098,"2017-09-26 05:55:00"
IOP,0.000985,"2017-09-26 06:00:00"
IOP,0.00096169,"2017-09-26 06:05:00"
IOP,0.0009511,"2017-09-26 06:10:00"
IOP,0.00096155,"2017-09-26 06:15:00"
IOP,0.00096994,"2017-09-26 06:20:00"
IOP,0.00095436,"2017-09-26 06:25:00"
IOP,0.00093501,"2017-09-26 06:30:00"
IOP,0.00093525,"2017-09-26 06:35:00"
IOP,0.000942,"2017-09-26 06:40:00"
IOP,0.000948,"2017-09-26 06:45:00"
IOP,0.00094,"2017-09-26 06:50:00"
IOP,0.00093029,"2017-09-26 06:55:00"
IOP,0.00093029,"2017-09-26 07:00:00"
IOP,0.00094,"2017-09-26 07:05:00"
IOP,0.00093998,"2017-09-26 07:10:00"
IOP,0.00093009,"2017-09-26 07:15:00"
IOP,0.00093,"2017-09-26 07:20:00"
IOP,0.00092101,"2017-09-26 07:25:00"
IOP,0.00093076,"2017-09-26 07:30:00"
IOP,0.00093077,"2017-09-26 07:35:00"
IOP,0.00093099,"2017-09-26 07:40:00"
IOP,0.00093778,"2017-09-26 07:45:00"
IOP,0.000931,"2017-09-26 07:50:00"
IOP,0.000938,"2017-09-26 07:55:00"
IOP,0.000938,"2017-09-26 08:00:00"
IOP,0.000938,"2017-09-26 08:05:00"
IOP,0.000934,"2017-09-26 08:10:00"
IOP,0.00093075,"2017-09-26 08:15:00"
IOP,0.00092,"2017-09-26 08:20:00"
IOP,0.00091491,"2017-09-26 08:25:00"
IOP,0.00091,"2017-09-26 08:30:00"
IOP,0.00090132,"2017-09-26 08:35:00"
IOP,0.0009044,"2017-09-26 08:40:00"
IOP,0.0009032,"2017-09-26 08:45:00"
IOP,0.000918,"2017-09-26 08:50:00"
IOP,0.00092701,"2017-09-26 08:55:00"
IOP,0.0009283,"2017-09-26 09:00:00"
IOP,0.00093801,"2017-09-26 09:05:00"
IOP,0.00094987,"2017-09-26 09:10:00"
IOP,0.000952,"2017-09-26 09:15:00"
IOP,0.0009439,"2017-09-26 09:20:00"
IOP,0.00094383,"2017-09-26 09:25:00"
IOP,0.00093662,"2017-09-26 09:30:00"
IOP,0.0009366,"2017-09-26 09:35:00"
IOP,0.00093342,"2017-09-26 09:40:00"
IOP,0.00093006,"2017-09-26 09:45:00"
IOP,0.0009336,"2017-09-26 09:50:00"
IOP,0.0009304,"2017-09-26 09:55:00"
IOP,0.00094414,"2017-09-26 10:00:00"
IOP,0.00094402,"2017-09-26 10:05:00"
IOP,0.00092905,"2017-09-26 10:10:00"
IOP,0.000935,"2017-09-26 10:15:00"
IOP,0.000935,"2017-09-26 10:20:00"
IOP,0.00094192,"2017-09-26 10:25:00"
IOP,0.000939,"2017-09-26 10:30:00"
IOP,0.00094,"2017-09-26 10:35:00"
IOP,0.000941,"2017-09-26 10:40:00"
IOP,0.00094772,"2017-09-26 10:45:00"
IOP,0.00097,"2017-09-26 10:50:00"
IOP,0.000956,"2017-09-26 10:55:00"
IOP,0.00095481,"2017-09-26 11:00:00"
IOP,0.00096562,"2017-09-26 11:05:00"
IOP,0.00096899,"2017-09-26 11:10:00"
IOP,0.0009635,"2017-09-26 11:15:00"
IOP,0.000963,"2017-09-26 11:20:00"
IOP,0.000955,"2017-09-26 11:25:00"
IOP,0.0009485,"2017-09-26 11:30:00"
IOP,0.00095032,"2017-09-26 11:35:00"
IOP,0.00094821,"2017-09-26 11:40:00"
IOP,0.00094999,"2017-09-26 11:45:00"
IOP,0.00095406,"2017-09-26 11:50:00"
IOP,0.00095431,"2017-09-26 11:55:00"
IOP,0.000944,"2017-09-26 12:00:00"
IOP,0.00096,"2017-09-26 12:05:00"
IOP,0.000964,"2017-09-26 12:10:00"
IOP,0.00096,"2017-09-26 12:15:00"
IOP,0.00095583,"2017-09-26 12:20:00"
IOP,0.00095584,"2017-09-26 12:25:00"
IOP,0.00095583,"2017-09-26 12:30:00"
IOP,0.00094897,"2017-09-26 12:35:00"
IOP,0.00094,"2017-09-26 12:40:00"
IOP,0.00094431,"2017-09-26 12:45:00"
IOP,0.00094431,"2017-09-26 12:50:00"
IOP,0.0009338,"2017-09-26 12:55:00"
IOP,0.00094234,"2017-09-26 13:00:00"
IOP,0.00094182,"2017-09-26 13:05:00"
IOP,0.000941,"2017-09-26 13:10:00"
IOP,0.000932,"2017-09-26 13:15:00"
IOP,0.00093619,"2017-09-26 13:20:00"
IOP,0.00094203,"2017-09-26 13:25:00"
IOP,0.00094739,"2017-09-26 13:30:00"
IOP,0.000938,"2017-09-26 13:35:00"
IOP,0.00093199,"2017-09-26 13:40:00"
IOP,0.00094199,"2017-09-26 13:45:00"
IOP,0.0009323,"2017-09-26 13:50:00"
IOP,0.0009407,"2017-09-26 13:55:00"
IOP,0.00094,"2017-09-26 14:00:00"
IOP,0.0009348,"2017-09-26 14:05:00"
IOP,0.000939,"2017-09-26 14:10:00"
IOP,0.0009387,"2017-09-26 14:15:00"
IOP,0.000934,"2017-09-26 14:20:00"
IOP,0.00093066,"2017-09-26 14:25:00"
IOP,0.00093066,"2017-09-26 14:30:00"
IOP,0.00093066,"2017-09-26 14:35:00"
IOP,0.00093067,"2017-09-26 14:40:00"
IOP,0.0009364,"2017-09-26 14:45:00"
IOP,0.0009305,"2017-09-26 14:50:00"
IOP,0.0009301,"2017-09-26 14:55:00"
IOP,0.0009315,"2017-09-26 15:00:00"
IOP,0.0009301,"2017-09-26 15:05:00"
IOP,0.00093,"2017-09-26 15:10:00"
IOP,0.0009301,"2017-09-26 15:15:00"
IOP,0.00092604,"2017-09-26 15:20:00"
IOP,0.00091153,"2017-09-26 15:25:00"
IOP,0.00090805,"2017-09-26 15:30:00"
IOP,0.00090484,"2017-09-26 15:35:00"
IOP,0.00090805,"2017-09-26 15:40:00"
IOP,0.0009081,"2017-09-26 15:45:00"
IOP,0.00090502,"2017-09-26 15:50:00"
IOP,0.0009,"2017-09-26 15:55:00"
IOP,0.00090502,"2017-09-26 16:00:00"
IOP,0.0009,"2017-09-26 16:05:00"
IOP,0.0009081,"2017-09-26 16:10:00"
IOP,0.00091648,"2017-09-26 16:15:00"
IOP,0.00091899,"2017-09-26 16:20:00"
IOP,0.00091945,"2017-09-26 16:25:00"
IOP,0.00091706,"2017-09-26 16:30:00"
IOP,0.0009081,"2017-09-26 16:35:00"
IOP,0.00090009,"2017-09-26 16:40:00"
IOP,0.00090009,"2017-09-26 16:45:00"
IOP,0.0009017,"2017-09-26 16:50:00"
IOP,0.000891,"2017-09-26 16:55:00"
IOP,0.00089,"2017-09-26 17:00:00"
IOP,0.00089176,"2017-09-26 17:05:00"
IOP,0.00088212,"2017-09-26 17:10:00"
IOP,0.00088008,"2017-09-26 17:15:00"
IOP,0.00088751,"2017-09-26 17:20:00"
IOP,0.0008826,"2017-09-26 17:25:00"
IOP,0.00088665,"2017-09-26 17:30:00"
IOP,0.00088837,"2017-09-26 17:35:00"
IOP,0.00090132,"2017-09-26 17:40:00"
IOP,0.00090202,"2017-09-26 17:45:00"
IOP,0.00090814,"2017-09-26 17:50:00"
IOP,0.00092176,"2017-09-26 17:55:00"
IOP,0.000918,"2017-09-26 18:00:00"
IOP,0.00090814,"2017-09-26 18:05:00"
IOP,0.00091,"2017-09-26 18:10:00"
IOP,0.000903,"2017-09-26 18:15:00"
IOP,0.00090809,"2017-09-26 18:20:00"
IOP,0.00090807,"2017-09-26 18:25:00"
IOP,0.000901,"2017-09-26 18:30:00"
IOP,0.00089684,"2017-09-26 18:35:00"
IOP,0.00089004,"2017-09-26 18:40:00"
IOP,0.0008987,"2017-09-26 18:45:00"
IOP,0.00089005,"2017-09-26 18:50:00"
IOP,0.0008914,"2017-09-26 18:55:00"
IOP,0.00089499,"2017-09-26 19:00:00"
IOP,0.00089792,"2017-09-26 19:05:00"
IOP,0.00089351,"2017-09-26 19:10:00"
IOP,0.0008915,"2017-09-26 19:15:00"
IOP,0.00088,"2017-09-26 19:20:00"
IOP,0.00088742,"2017-09-26 19:25:00"
IOP,0.00087986,"2017-09-26 19:30:00"
IOP,0.00088019,"2017-09-26 19:35:00"
IOP,0.00088701,"2017-09-26 19:40:00"
IOP,0.00088002,"2017-09-26 19:45:00"
IOP,0.00088003,"2017-09-26 19:50:00"
IOP,0.00088777,"2017-09-26 19:55:00"
IOP,0.00089098,"2017-09-26 20:00:00"
IOP,0.00089102,"2017-09-26 20:05:00"
IOP,0.000886,"2017-09-26 20:10:00"
IOP,0.00088555,"2017-09-26 20:15:00"
IOP,0.00089098,"2017-09-26 20:20:00"
IOP,0.0008904,"2017-09-26 20:25:00"
IOP,0.00088704,"2017-09-26 20:30:00"
IOP,0.00088036,"2017-09-26 20:35:00"
IOP,0.000881,"2017-09-26 20:40:00"
IOP,0.000881,"2017-09-26 20:45:00"
IOP,0.0008777,"2017-09-26 20:50:00"
IOP,0.00087999,"2017-09-26 20:55:00"
IOP,0.0008696,"2017-09-26 21:00:00"
IOP,0.000875,"2017-09-26 21:05:00"
IOP,0.000869,"2017-09-26 21:10:00"
IOP,0.0008761,"2017-09-26 21:15:00"
IOP,0.00088256,"2017-09-26 21:20:00"
IOP,0.00088491,"2017-09-26 21:25:00"
IOP,0.00087475,"2017-09-26 21:30:00"
IOP,0.0008789,"2017-09-26 21:35:00"
IOP,0.000881,"2017-09-26 21:40:00"
IOP,0.000871,"2017-09-26 21:45:00"
IOP,0.00087107,"2017-09-26 21:50:00"
IOP,0.000872,"2017-09-26 21:55:00"
IOP,0.00087122,"2017-09-26 22:00:00"
IOP,0.00087119,"2017-09-26 22:05:00"
IOP,0.0008821,"2017-09-26 22:10:00"
IOP,0.000872,"2017-09-26 22:15:00"
IOP,0.00087977,"2017-09-26 22:20:00"
IOP,0.00087207,"2017-09-26 22:25:00"
IOP,0.000872,"2017-09-26 22:30:00"
IOP,0.000868,"2017-09-26 22:35:00"
IOP,0.000865,"2017-09-26 22:40:00"
IOP,0.000862,"2017-09-26 22:45:00"
IOP,0.000869,"2017-09-26 22:50:00"
IOP,0.00087,"2017-09-26 22:55:00"
IOP,0.00087,"2017-09-26 23:00:00"
IOP,0.00087193,"2017-09-26 23:05:00"
IOP,0.000869,"2017-09-26 23:10:00"
IOP,0.00086505,"2017-09-26 23:15:00"
IOP,0.0008775,"2017-09-26 23:20:00"
IOP,0.00088123,"2017-09-26 23:25:00"
IOP,0.00088,"2017-09-26 23:30:00"
IOP,0.000881,"2017-09-26 23:35:00"
IOP,0.000879,"2017-09-26 23:40:00"
IOP,0.00087034,"2017-09-26 23:45:00"
IOP,0.0008703,"2017-09-26 23:50:00"
IOP,0.00087,"2017-09-26 23:55:00"
IOP,0.0008703,"2017-09-27 00:00:00"
IOP,0.0008699,"2017-09-27 00:05:00"
IOP,0.0008703,"2017-09-27 00:10:00"
IOP,0.0008703,"2017-09-27 00:15:00"
IOP,0.00086901,"2017-09-27 00:20:00"
IOP,0.00086506,"2017-09-27 00:25:00"
IOP,0.00086506,"2017-09-27 00:30:00"
IOP,0.000865,"2017-09-27 00:35:00"
IOP,0.00086502,"2017-09-27 00:40:00"
IOP,0.0008691,"2017-09-27 00:45:00"
IOP,0.000866,"2017-09-27 00:50:00"
IOP,0.00087,"2017-09-27 00:55:00"
IOP,0.0008703,"2017-09-27 01:00:00"
IOP,0.00086991,"2017-09-27 01:05:00"
IOP,0.00086081,"2017-09-27 01:10:00"
IOP,0.000866,"2017-09-27 01:15:00"
IOP,0.00086006,"2017-09-27 01:20:00"
IOP,0.00086001,"2017-09-27 01:25:00"
IOP,0.000856,"2017-09-27 01:30:00"
IOP,0.00086,"2017-09-27 01:35:00"
IOP,0.00085301,"2017-09-27 01:40:00"
IOP,0.000838,"2017-09-27 01:45:00"
IOP,0.00083001,"2017-09-27 01:50:00"
IOP,0.0008316,"2017-09-27 01:55:00"
IOP,0.00084014,"2017-09-27 02:00:00"
IOP,0.00084599,"2017-09-27 02:05:00"
IOP,0.00084972,"2017-09-27 02:10:00"
IOP,0.00085293,"2017-09-27 02:15:00"
IOP,0.00084,"2017-09-27 02:20:00"
IOP,0.00084,"2017-09-27 02:25:00"
IOP,0.00083999,"2017-09-27 02:30:00"
IOP,0.00083159,"2017-09-27 02:35:00"
IOP,0.0008322,"2017-09-27 02:40:00"
IOP,0.0008322,"2017-09-27 02:45:00"
IOP,0.0008322,"2017-09-27 02:50:00"
IOP,0.00083113,"2017-09-27 02:55:00"
IOP,0.00083227,"2017-09-27 03:00:00"
IOP,0.0008332,"2017-09-27 03:05:00"
IOP,0.00084133,"2017-09-27 03:10:00"
IOP,0.000842,"2017-09-27 03:15:00"
IOP,0.0008425,"2017-09-27 03:20:00"
IOP,0.00084474,"2017-09-27 03:25:00"
IOP,0.0008421,"2017-09-27 03:30:00"
IOP,0.0008421,"2017-09-27 03:35:00"
IOP,0.0008421,"2017-09-27 03:40:00"
IOP,0.00083319,"2017-09-27 03:45:00"
IOP,0.000831,"2017-09-27 03:50:00"
IOP,0.000825,"2017-09-27 03:55:00"
IOP,0.00082277,"2017-09-27 04:00:00"
IOP,0.000825,"2017-09-27 04:05:00"
IOP,0.00082019,"2017-09-27 04:10:00"
IOP,0.00082507,"2017-09-27 04:15:00"
IOP,0.00082507,"2017-09-27 04:20:00"
IOP,0.00082019,"2017-09-27 04:25:00"
IOP,0.00081739,"2017-09-27 04:30:00"
IOP,0.00081668,"2017-09-27 04:35:00"
IOP,0.0008146,"2017-09-27 04:40:00"
IOP,0.00080701,"2017-09-27 04:45:00"
IOP,0.00084029,"2017-09-27 04:50:00"
IOP,0.00083649,"2017-09-27 04:55:00"
IOP,0.00083652,"2017-09-27 05:00:00"
IOP,0.00083772,"2017-09-27 05:05:00"
IOP,0.0008473,"2017-09-27 05:10:00"
IOP,0.00086997,"2017-09-27 05:15:00"
IOP,0.000888,"2017-09-27 05:20:00"
IOP,0.00088006,"2017-09-27 05:25:00"
IOP,0.00087898,"2017-09-27 05:30:00"
IOP,0.00087331,"2017-09-27 05:35:00"
IOP,0.00088943,"2017-09-27 05:40:00"
IOP,0.00089133,"2017-09-27 05:45:00"
IOP,0.000892,"2017-09-27 05:50:00"
IOP,0.0008925,"2017-09-27 05:55:00"
IOP,0.00088,"2017-09-27 06:00:00"
IOP,0.0008792,"2017-09-27 06:05:00"
IOP,0.00085029,"2017-09-27 06:10:00"
IOP,0.00086,"2017-09-27 06:15:00"
IOP,0.000842,"2017-09-27 06:20:00"
IOP,0.00084192,"2017-09-27 06:25:00"
IOP,0.00083841,"2017-09-27 06:30:00"
IOP,0.00082239,"2017-09-27 06:35:00"
IOP,0.000815,"2017-09-27 06:40:00"
IOP,0.00080368,"2017-09-27 06:45:00"
IOP,0.00081753,"2017-09-27 06:50:00"
IOP,0.00081812,"2017-09-27 06:55:00"
IOP,0.00081959,"2017-09-27 07:00:00"
IOP,0.0008195,"2017-09-27 07:05:00"
IOP,0.00082612,"2017-09-27 07:10:00"
IOP,0.000826,"2017-09-27 07:15:00"
IOP,0.0008248,"2017-09-27 07:20:00"
IOP,0.00083582,"2017-09-27 07:25:00"
IOP,0.00083814,"2017-09-27 07:30:00"
IOP,0.00083653,"2017-09-27 07:35:00"
IOP,0.00082908,"2017-09-27 07:40:00"
IOP,0.00086149,"2017-09-27 07:45:00"
IOP,0.00084769,"2017-09-27 07:50:00"
IOP,0.000844,"2017-09-27 07:55:00"
IOP,0.00083091,"2017-09-27 08:00:00"
IOP,0.00084013,"2017-09-27 08:05:00"
IOP,0.00084054,"2017-09-27 08:10:00"
IOP,0.00084054,"2017-09-27 08:15:00"
IOP,0.0008401,"2017-09-27 08:20:00"
IOP,0.00084475,"2017-09-27 08:25:00"
IOP,0.00084892,"2017-09-27 08:30:00"
IOP,0.00085,"2017-09-27 08:35:00"
IOP,0.00084893,"2017-09-27 08:40:00"
IOP,0.00084787,"2017-09-27 08:45:00"
IOP,0.00084,"2017-09-27 08:50:00"
IOP,0.00083992,"2017-09-27 08:55:00"
IOP,0.00083112,"2017-09-27 09:00:00"
IOP,0.00084056,"2017-09-27 09:05:00"
IOP,0.00084056,"2017-09-27 09:10:00"
IOP,0.00084056,"2017-09-27 09:15:00"
IOP,0.00084001,"2017-09-27 09:20:00"
IOP,0.00084,"2017-09-27 09:25:00"
IOP,0.00083799,"2017-09-27 09:30:00"
IOP,0.00083,"2017-09-27 09:35:00"
IOP,0.00082894,"2017-09-27 09:40:00"
IOP,0.00082701,"2017-09-27 09:45:00"
IOP,0.00082293,"2017-09-27 09:50:00"
IOP,0.000817,"2017-09-27 09:55:00"
IOP,0.000819,"2017-09-27 10:00:00"
IOP,0.0008117,"2017-09-27 10:05:00"
IOP,0.000815,"2017-09-27 10:10:00"
IOP,0.000811,"2017-09-27 10:15:00"
IOP,0.0008203,"2017-09-27 10:20:00"
IOP,0.0008183,"2017-09-27 10:25:00"
IOP,0.00081828,"2017-09-27 10:30:00"
IOP,0.00082598,"2017-09-27 10:35:00"
IOP,0.00083177,"2017-09-27 10:40:00"
IOP,0.00082955,"2017-09-27 10:45:00"
IOP,0.00082893,"2017-09-27 10:50:00"
IOP,0.000826,"2017-09-27 10:55:00"
IOP,0.0008294,"2017-09-27 11:00:00"
IOP,0.00082023,"2017-09-27 11:05:00"
IOP,0.000823,"2017-09-27 11:10:00"
IOP,0.000823,"2017-09-27 11:15:00"
IOP,0.00083,"2017-09-27 11:20:00"
IOP,0.00083199,"2017-09-27 11:25:00"
IOP,0.00084056,"2017-09-27 11:30:00"
IOP,0.00084,"2017-09-27 11:35:00"
IOP,0.00084708,"2017-09-27 11:40:00"
IOP,0.00084708,"2017-09-27 11:45:00"
IOP,0.00084708,"2017-09-27 11:50:00"
IOP,0.0008455,"2017-09-27 11:55:00"
IOP,0.0008455,"2017-09-27 12:00:00"
IOP,0.0008455,"2017-09-27 12:05:00"
IOP,0.000845,"2017-09-27 12:10:00"
IOP,0.000848,"2017-09-27 12:15:00"
IOP,0.000848,"2017-09-27 12:20:00"
IOP,0.0008399,"2017-09-27 12:25:00"
IOP,0.00083994,"2017-09-27 12:30:00"
IOP,0.0008482,"2017-09-27 12:35:00"
IOP,0.00084594,"2017-09-27 12:40:00"
IOP,0.00084201,"2017-09-27 12:45:00"
IOP,0.00084,"2017-09-27 12:50:00"
IOP,0.00083857,"2017-09-27 12:55:00"
IOP,0.00083743,"2017-09-27 13:00:00"
IOP,0.00082773,"2017-09-27 13:05:00"
IOP,0.00082023,"2017-09-27 13:10:00"
IOP,0.000822,"2017-09-27 13:15:00"
IOP,0.00082,"2017-09-27 13:20:00"
IOP,0.00081707,"2017-09-27 13:25:00"
IOP,0.00081282,"2017-09-27 13:30:00"
IOP,0.00081273,"2017-09-27 13:35:00"
IOP,0.00082175,"2017-09-27 13:40:00"
IOP,0.00081205,"2017-09-27 13:45:00"
IOP,0.00079001,"2017-09-27 13:50:00"
IOP,0.00077702,"2017-09-27 13:55:00"
IOP,0.00079069,"2017-09-27 14:00:00"
IOP,0.00081105,"2017-09-27 14:05:00"
IOP,0.0007991,"2017-09-27 14:10:00"
IOP,0.00077939,"2017-09-27 14:15:00"
IOP,0.0007849,"2017-09-27 14:20:00"
IOP,0.00079176,"2017-09-27 14:25:00"
IOP,0.00080536,"2017-09-27 14:30:00"
IOP,0.000807,"2017-09-27 14:35:00"
IOP,0.00082,"2017-09-27 14:40:00"
IOP,0.000807,"2017-09-27 14:45:00"
IOP,0.0008042,"2017-09-27 14:50:00"
IOP,0.00078835,"2017-09-27 14:55:00"
IOP,0.0008061,"2017-09-27 15:00:00"
IOP,0.00079,"2017-09-27 15:05:00"
IOP,0.00079964,"2017-09-27 15:10:00"
IOP,0.0007995,"2017-09-27 15:15:00"
IOP,0.00078076,"2017-09-27 15:20:00"
IOP,0.00077789,"2017-09-27 15:25:00"
IOP,0.00078005,"2017-09-27 15:30:00"
IOP,0.000796,"2017-09-27 15:35:00"
IOP,0.000784,"2017-09-27 15:40:00"
IOP,0.000775,"2017-09-27 15:45:00"
IOP,0.00076865,"2017-09-27 15:50:00"
IOP,0.00076974,"2017-09-27 15:55:00"
IOP,0.00076555,"2017-09-27 16:00:00"
IOP,0.000753,"2017-09-27 16:05:00"
IOP,0.00077608,"2017-09-27 16:10:00"
IOP,0.00078448,"2017-09-27 16:15:00"
IOP,0.00077607,"2017-09-27 16:20:00"
IOP,0.00077607,"2017-09-27 16:25:00"
IOP,0.00076881,"2017-09-27 16:30:00"
IOP,0.0007681,"2017-09-27 16:35:00"
IOP,0.00076963,"2017-09-27 16:40:00"
IOP,0.00077572,"2017-09-27 16:45:00"
IOP,0.0007839,"2017-09-27 16:50:00"
IOP,0.0008,"2017-09-27 16:55:00"
IOP,0.00078621,"2017-09-27 17:00:00"
IOP,0.00076,"2017-09-27 17:05:00"
IOP,0.00076,"2017-09-27 17:10:00"
IOP,0.00076,"2017-09-27 17:15:00"
IOP,0.00076001,"2017-09-27 17:20:00"
IOP,0.00076394,"2017-09-27 17:25:00"
IOP,0.00075778,"2017-09-27 17:30:00"
IOP,0.00075983,"2017-09-27 17:35:00"
IOP,0.00075974,"2017-09-27 17:40:00"
IOP,0.00075082,"2017-09-27 17:45:00"
IOP,0.00075475,"2017-09-27 17:50:00"
IOP,0.00075499,"2017-09-27 17:55:00"
IOP,0.00075992,"2017-09-27 18:00:00"
IOP,0.0007742,"2017-09-27 18:05:00"
IOP,0.000775,"2017-09-27 18:10:00"
IOP,0.00076917,"2017-09-27 18:15:00"
IOP,0.0007513,"2017-09-27 18:20:00"
IOP,0.00076413,"2017-09-27 18:25:00"
IOP,0.000763,"2017-09-27 18:30:00"
IOP,0.00076555,"2017-09-27 18:35:00"
IOP,0.0007631,"2017-09-27 18:40:00"
IOP,0.00077072,"2017-09-27 18:45:00"
IOP,0.00076998,"2017-09-27 18:50:00"
IOP,0.00076997,"2017-09-27 18:55:00"
IOP,0.000767,"2017-09-27 19:00:00"
IOP,0.00076599,"2017-09-27 19:05:00"
IOP,0.00076,"2017-09-27 19:10:00"
IOP,0.00076,"2017-09-27 19:15:00"
IOP,0.00076834,"2017-09-27 19:20:00"
IOP,0.00076005,"2017-09-27 19:25:00"
IOP,0.00075904,"2017-09-27 19:30:00"
IOP,0.00076833,"2017-09-27 19:35:00"
IOP,0.00076833,"2017-09-27 19:40:00"
IOP,0.00076826,"2017-09-27 19:45:00"
IOP,0.00076005,"2017-09-27 19:50:00"
IOP,0.00076717,"2017-09-27 19:55:00"
IOP,0.00076826,"2017-09-27 20:00:00"
IOP,0.00076053,"2017-09-27 20:05:00"
IOP,0.00076055,"2017-09-27 20:10:00"
IOP,0.00076809,"2017-09-27 20:15:00"
IOP,0.00076071,"2017-09-27 20:20:00"
IOP,0.00076798,"2017-09-27 20:25:00"
IOP,0.00076788,"2017-09-27 20:30:00"
IOP,0.0007605,"2017-09-27 20:35:00"
IOP,0.00076051,"2017-09-27 20:40:00"
IOP,0.0007781,"2017-09-27 20:45:00"
IOP,0.0007781,"2017-09-27 20:50:00"
IOP,0.00077377,"2017-09-27 20:55:00"
IOP,0.00077377,"2017-09-27 21:00:00"
IOP,0.0007739,"2017-09-27 21:05:00"
IOP,0.000771,"2017-09-27 21:10:00"
IOP,0.00077348,"2017-09-27 21:15:00"
IOP,0.0007735,"2017-09-27 21:20:00"
IOP,0.00077994,"2017-09-27 21:25:00"
IOP,0.00078106,"2017-09-27 21:30:00"
IOP,0.00078502,"2017-09-27 21:35:00"
IOP,0.00077994,"2017-09-27 21:40:00"
IOP,0.000783,"2017-09-27 21:45:00"
IOP,0.000784,"2017-09-27 21:50:00"
IOP,0.00079089,"2017-09-27 21:55:00"
IOP,0.00080004,"2017-09-27 22:00:00"
IOP,0.0008279,"2017-09-27 22:05:00"
IOP,0.00083985,"2017-09-27 22:10:00"
IOP,0.00083236,"2017-09-27 22:15:00"
IOP,0.000805,"2017-09-27 22:20:00"
IOP,0.00081199,"2017-09-27 22:25:00"
IOP,0.00080973,"2017-09-27 22:30:00"
IOP,0.00079499,"2017-09-27 22:35:00"
IOP,0.00078921,"2017-09-27 22:40:00"
IOP,0.000785,"2017-09-27 22:45:00"
IOP,0.000804,"2017-09-27 22:50:00"
IOP,0.00078001,"2017-09-27 22:55:00"
IOP,0.00079537,"2017-09-27 23:00:00"
IOP,0.00078287,"2017-09-27 23:05:00"
IOP,0.00078128,"2017-09-27 23:10:00"
IOP,0.00078004,"2017-09-27 23:15:00"
IOP,0.0007836,"2017-09-27 23:20:00"
IOP,0.0007793,"2017-09-27 23:25:00"
IOP,0.00077628,"2017-09-27 23:30:00"
IOP,0.00076912,"2017-09-27 23:35:00"
IOP,0.00076303,"2017-09-27 23:40:00"
IOP,0.00076287,"2017-09-27 23:45:00"
IOP,0.000761,"2017-09-27 23:50:00"
IOP,0.00076099,"2017-09-27 23:55:00"
IOP,0.00076181,"2017-09-28 00:00:00"
IOP,0.00077016,"2017-09-28 00:05:00"
IOP,0.00079009,"2017-09-28 00:10:00"
IOP,0.00078,"2017-09-28 00:15:00"
IOP,0.00077,"2017-09-28 00:20:00"
IOP,0.00077302,"2017-09-28 00:25:00"
IOP,0.00076927,"2017-09-28 00:30:00"
IOP,0.0007792,"2017-09-28 00:35:00"
IOP,0.000782,"2017-09-28 00:40:00"
IOP,0.000783,"2017-09-28 00:45:00"
IOP,0.0007759,"2017-09-28 00:50:00"
IOP,0.00077608,"2017-09-28 00:55:00"
IOP,0.00079,"2017-09-28 01:00:00"
IOP,0.000792,"2017-09-28 01:05:00"
IOP,0.00080225,"2017-09-28 01:10:00"
IOP,0.00080105,"2017-09-28 01:15:00"
IOP,0.0007901,"2017-09-28 01:20:00"
IOP,0.0008,"2017-09-28 01:25:00"
IOP,0.0008,"2017-09-28 01:30:00"
IOP,0.00080125,"2017-09-28 01:35:00"
IOP,0.00081199,"2017-09-28 01:40:00"
IOP,0.00081,"2017-09-28 01:45:00"
IOP,0.000819,"2017-09-28 01:50:00"
IOP,0.00082499,"2017-09-28 01:55:00"
IOP,0.0008399,"2017-09-28 02:00:00"
IOP,0.00080915,"2017-09-28 02:05:00"
IOP,0.00081,"2017-09-28 02:10:00"
IOP,0.00080059,"2017-09-28 02:15:00"
IOP,0.000805,"2017-09-28 02:20:00"
IOP,0.000805,"2017-09-28 02:25:00"
IOP,0.0008033,"2017-09-28 02:30:00"
IOP,0.00080221,"2017-09-28 02:35:00"
IOP,0.0008,"2017-09-28 02:40:00"
IOP,0.00079171,"2017-09-28 02:45:00"
IOP,0.00080329,"2017-09-28 02:50:00"
IOP,0.00080168,"2017-09-28 02:55:00"
IOP,0.00079329,"2017-09-28 03:00:00"
IOP,0.000788,"2017-09-28 03:05:00"
IOP,0.0007931,"2017-09-28 03:10:00"
IOP,0.000793,"2017-09-28 03:15:00"
IOP,0.0007931,"2017-09-28 03:20:00"
IOP,0.00078376,"2017-09-28 03:25:00"
IOP,0.00077953,"2017-09-28 03:30:00"
IOP,0.0007788,"2017-09-28 03:35:00"
IOP,0.00079094,"2017-09-28 03:40:00"
IOP,0.0007931,"2017-09-28 03:45:00"
IOP,0.00079566,"2017-09-28 03:50:00"
IOP,0.0008033,"2017-09-28 03:55:00"
IOP,0.0007931,"2017-09-28 04:00:00"
IOP,0.00079162,"2017-09-28 04:05:00"
IOP,0.00079162,"2017-09-28 04:10:00"
IOP,0.00079161,"2017-09-28 04:15:00"
IOP,0.0007688,"2017-09-28 04:20:00"
IOP,0.000769,"2017-09-28 04:25:00"
IOP,0.00078376,"2017-09-28 04:30:00"
IOP,0.0007938,"2017-09-28 04:35:00"
IOP,0.000796,"2017-09-28 04:40:00"
IOP,0.0007917,"2017-09-28 04:45:00"
IOP,0.0007905,"2017-09-28 04:50:00"
IOP,0.00079507,"2017-09-28 04:55:00"
IOP,0.000789,"2017-09-28 05:00:00"
IOP,0.00079,"2017-09-28 05:05:00"
IOP,0.00078796,"2017-09-28 05:10:00"
IOP,0.00077384,"2017-09-28 05:15:00"
IOP,0.000771,"2017-09-28 05:20:00"
IOP,0.0007684,"2017-09-28 05:25:00"
IOP,0.00076385,"2017-09-28 05:30:00"
IOP,0.00076839,"2017-09-28 05:35:00"
IOP,0.00077,"2017-09-28 05:40:00"
IOP,0.00076,"2017-09-28 05:45:00"
IOP,0.00075431,"2017-09-28 05:50:00"
IOP,0.00075321,"2017-09-28 05:55:00"
IOP,0.00074555,"2017-09-28 06:00:00"
IOP,0.00076143,"2017-09-28 06:05:00"
IOP,0.00077054,"2017-09-28 06:10:00"
IOP,0.00076979,"2017-09-28 06:15:00"
IOP,0.000776,"2017-09-28 06:20:00"
IOP,0.00077606,"2017-09-28 06:25:00"
IOP,0.0007708,"2017-09-28 06:30:00"
IOP,0.00076,"2017-09-28 06:35:00"
IOP,0.000742,"2017-09-28 06:40:00"
IOP,0.00074203,"2017-09-28 06:45:00"
IOP,0.00072473,"2017-09-28 06:50:00"
IOP,0.00073171,"2017-09-28 06:55:00"
IOP,0.0007416,"2017-09-28 07:00:00"
IOP,0.00074643,"2017-09-28 07:05:00"
IOP,0.00073227,"2017-09-28 07:10:00"
IOP,0.00073265,"2017-09-28 07:15:00"
IOP,0.00073239,"2017-09-28 07:20:00"
IOP,0.00073201,"2017-09-28 07:25:00"
IOP,0.00071282,"2017-09-28 07:30:00"
IOP,0.00070944,"2017-09-28 07:35:00"
IOP,0.0007,"2017-09-28 07:40:00"
IOP,0.00071071,"2017-09-28 07:45:00"
IOP,0.00071,"2017-09-28 07:50:00"
IOP,0.00071654,"2017-09-28 07:55:00"
IOP,0.00071654,"2017-09-28 08:00:00"
IOP,0.00072006,"2017-09-28 08:05:00"
IOP,0.00072107,"2017-09-28 08:10:00"
IOP,0.00072735,"2017-09-28 08:15:00"
IOP,0.0007308,"2017-09-28 08:20:00"
IOP,0.000731,"2017-09-28 08:25:00"
IOP,0.00073108,"2017-09-28 08:30:00"
IOP,0.0007324,"2017-09-28 08:35:00"
IOP,0.00073826,"2017-09-28 08:40:00"
IOP,0.00073106,"2017-09-28 08:45:00"
IOP,0.00073497,"2017-09-28 08:50:00"
IOP,0.00073106,"2017-09-28 08:55:00"
IOP,0.00073833,"2017-09-28 09:00:00"
IOP,0.00073809,"2017-09-28 09:05:00"
IOP,0.00073776,"2017-09-28 09:10:00"
IOP,0.00073015,"2017-09-28 09:15:00"
IOP,0.00071462,"2017-09-28 09:20:00"
IOP,0.00071834,"2017-09-28 09:25:00"
IOP,0.00070918,"2017-09-28 09:30:00"
IOP,0.00070268,"2017-09-28 09:35:00"
IOP,0.00070367,"2017-09-28 09:40:00"
IOP,0.000717,"2017-09-28 09:45:00"
IOP,0.00071833,"2017-09-28 09:50:00"
IOP,0.0007165,"2017-09-28 09:55:00"
IOP,0.00071828,"2017-09-28 10:00:00"
IOP,0.00071828,"2017-09-28 10:05:00"
IOP,0.00071828,"2017-09-28 10:10:00"
IOP,0.00071002,"2017-09-28 10:15:00"
IOP,0.00071002,"2017-09-28 10:20:00"
IOP,0.00070371,"2017-09-28 10:25:00"
IOP,0.00070101,"2017-09-28 10:30:00"
IOP,0.0007002,"2017-09-28 10:35:00"
IOP,0.0007005,"2017-09-28 10:40:00"
IOP,0.00068793,"2017-09-28 10:45:00"
IOP,0.00069883,"2017-09-28 10:50:00"
IOP,0.00069429,"2017-09-28 10:55:00"
IOP,0.00070576,"2017-09-28 11:00:00"
IOP,0.00070957,"2017-09-28 11:05:00"
IOP,0.0007095,"2017-09-28 11:10:00"
IOP,0.00071049,"2017-09-28 11:15:00"
IOP,0.000707,"2017-09-28 11:20:00"
IOP,0.000705,"2017-09-28 11:25:00"
IOP,0.00071053,"2017-09-28 11:30:00"
IOP,0.00073999,"2017-09-28 11:35:00"
IOP,0.00075124,"2017-09-28 11:40:00"
IOP,0.0007399,"2017-09-28 11:45:00"
IOP,0.00074155,"2017-09-28 11:50:00"
IOP,0.000769,"2017-09-28 11:55:00"
IOP,0.0007619,"2017-09-28 12:00:00"
IOP,0.00077028,"2017-09-28 12:05:00"
IOP,0.0007921,"2017-09-28 12:10:00"
IOP,0.00080599,"2017-09-28 12:15:00"
IOP,0.000791,"2017-09-28 12:20:00"
IOP,0.00081551,"2017-09-28 12:25:00"
IOP,0.00079541,"2017-09-28 12:30:00"
IOP,0.00081,"2017-09-28 12:35:00"
IOP,0.00084,"2017-09-28 12:40:00"
IOP,0.00081999,"2017-09-28 12:45:00"
IOP,0.000805,"2017-09-28 12:50:00"
IOP,0.000835,"2017-09-28 12:55:00"
IOP,0.0008275,"2017-09-28 13:00:00"
IOP,0.000834,"2017-09-28 13:05:00"
IOP,0.00084054,"2017-09-28 13:10:00"
IOP,0.00085081,"2017-09-28 13:15:00"
IOP,0.00085555,"2017-09-28 13:20:00"
IOP,0.00084722,"2017-09-28 13:25:00"
IOP,0.000861,"2017-09-28 13:30:00"
IOP,0.0008948,"2017-09-28 13:35:00"
IOP,0.0008835,"2017-09-28 13:40:00"
IOP,0.000882,"2017-09-28 13:45:00"
IOP,0.000888,"2017-09-28 13:50:00"
IOP,0.000924,"2017-09-28 13:55:00"
IOP,0.000935,"2017-09-28 14:00:00"
IOP,0.00101,"2017-09-28 14:05:00"
IOP,0.00103988,"2017-09-28 14:10:00"
IOP,0.00103999,"2017-09-28 14:15:00"
IOP,0.001,"2017-09-28 14:20:00"
IOP,0.000981,"2017-09-28 14:25:00"
IOP,0.00095,"2017-09-28 14:30:00"
IOP,0.00095,"2017-09-28 14:35:00"
IOP,0.00096,"2017-09-28 14:40:00"
IOP,0.00098876,"2017-09-28 14:45:00"
IOP,0.00098,"2017-09-28 14:50:00"
IOP,0.00097,"2017-09-28 14:55:00"
IOP,0.00094594,"2017-09-28 15:00:00"
IOP,0.00097,"2017-09-28 15:05:00"
IOP,0.000962,"2017-09-28 15:10:00"
IOP,0.0009605,"2017-09-28 15:15:00"
IOP,0.00096146,"2017-09-28 15:20:00"
IOP,0.000957,"2017-09-28 15:25:00"
IOP,0.00093138,"2017-09-28 15:30:00"
IOP,0.00090595,"2017-09-28 15:35:00"
IOP,0.0009498,"2017-09-28 15:40:00"
IOP,0.00096481,"2017-09-28 15:45:00"
IOP,0.00095862,"2017-09-28 15:50:00"
IOP,0.000975,"2017-09-28 15:55:00"
IOP,0.00096213,"2017-09-28 16:00:00"
IOP,0.00095689,"2017-09-28 16:05:00"
IOP,0.00094999,"2017-09-28 16:10:00"
IOP,0.0009543,"2017-09-28 16:15:00"
IOP,0.00094231,"2017-09-28 16:20:00"
IOP,0.00094002,"2017-09-28 16:25:00"
IOP,0.00094488,"2017-09-28 16:30:00"
IOP,0.00094387,"2017-09-28 16:35:00"
IOP,0.00093969,"2017-09-28 16:40:00"
IOP,0.0009577,"2017-09-28 16:45:00"
IOP,0.00093507,"2017-09-28 16:50:00"
IOP,0.00094333,"2017-09-28 16:55:00"
IOP,0.00095178,"2017-09-28 17:00:00"
IOP,0.00094984,"2017-09-28 17:05:00"
IOP,0.000941,"2017-09-28 17:10:00"
IOP,0.00093963,"2017-09-28 17:15:00"
IOP,0.00093802,"2017-09-28 17:20:00"
IOP,0.00094,"2017-09-28 17:25:00"
IOP,0.00094572,"2017-09-28 17:30:00"
IOP,0.0009399,"2017-09-28 17:35:00"
IOP,0.001001,"2017-09-28 17:40:00"
IOP,0.001,"2017-09-28 17:45:00"
IOP,0.00099001,"2017-09-28 17:50:00"
IOP,0.001,"2017-09-28 17:55:00"
IOP,0.00104,"2017-09-28 18:00:00"
IOP,0.00101676,"2017-09-28 18:05:00"
IOP,0.00100116,"2017-09-28 18:10:00"
IOP,0.001028,"2017-09-28 18:15:00"
IOP,0.00101492,"2017-09-28 18:20:00"
IOP,0.00100171,"2017-09-28 18:25:00"
IOP,0.00099779,"2017-09-28 18:30:00"
IOP,0.00099352,"2017-09-28 18:35:00"
IOP,0.00099019,"2017-09-28 18:40:00"
IOP,0.000958,"2017-09-28 18:45:00"
IOP,0.000959,"2017-09-28 18:50:00"
IOP,0.0009932,"2017-09-28 18:55:00"
IOP,0.00097774,"2017-09-28 19:00:00"
IOP,0.00097363,"2017-09-28 19:05:00"
IOP,0.00096209,"2017-09-28 19:10:00"
IOP,0.0009665,"2017-09-28 19:15:00"
IOP,0.00097617,"2017-09-28 19:20:00"
IOP,0.00097739,"2017-09-28 19:25:00"
IOP,0.00097524,"2017-09-28 19:30:00"
IOP,0.00096775,"2017-09-28 19:35:00"
IOP,0.00097,"2017-09-28 19:40:00"
IOP,0.00096169,"2017-09-28 19:45:00"
IOP,0.0009331,"2017-09-28 19:50:00"
IOP,0.00091742,"2017-09-28 19:55:00"
IOP,0.00092543,"2017-09-28 20:00:00"
IOP,0.00092835,"2017-09-28 20:05:00"
IOP,0.0009213,"2017-09-28 20:10:00"
IOP,0.0009247,"2017-09-28 20:15:00"
IOP,0.000923,"2017-09-28 20:20:00"
IOP,0.00091826,"2017-09-28 20:25:00"
IOP,0.00094698,"2017-09-28 20:30:00"
IOP,0.00093852,"2017-09-28 20:35:00"
IOP,0.00095092,"2017-09-28 20:40:00"
IOP,0.000945,"2017-09-28 20:45:00"
IOP,0.00093244,"2017-09-28 20:50:00"
IOP,0.00093,"2017-09-28 20:55:00"
IOP,0.00091973,"2017-09-28 21:00:00"
IOP,0.00091495,"2017-09-28 21:05:00"
IOP,0.00090022,"2017-09-28 21:10:00"
IOP,0.00089238,"2017-09-28 21:15:00"
IOP,0.000882,"2017-09-28 21:20:00"
IOP,0.0009103,"2017-09-28 21:25:00"
IOP,0.00091269,"2017-09-28 21:30:00"
IOP,0.000899,"2017-09-28 21:35:00"
IOP,0.00088794,"2017-09-28 21:40:00"
IOP,0.00088353,"2017-09-28 21:45:00"
IOP,0.00089,"2017-09-28 21:50:00"
IOP,0.00086926,"2017-09-28 21:55:00"
IOP,0.00086126,"2017-09-28 22:00:00"
IOP,0.00085247,"2017-09-28 22:05:00"
IOP,0.00084444,"2017-09-28 22:10:00"
IOP,0.00085,"2017-09-28 22:15:00"
IOP,0.00084895,"2017-09-28 22:20:00"
IOP,0.00083951,"2017-09-28 22:25:00"
IOP,0.00084599,"2017-09-28 22:30:00"
IOP,0.00085211,"2017-09-28 22:35:00"
IOP,0.00084992,"2017-09-28 22:40:00"
IOP,0.00085703,"2017-09-28 22:45:00"
IOP,0.00086101,"2017-09-28 22:50:00"
IOP,0.0008675,"2017-09-28 22:55:00"
IOP,0.00089205,"2017-09-28 23:00:00"
IOP,0.00092897,"2017-09-28 23:05:00"
IOP,0.00093342,"2017-09-28 23:10:00"
IOP,0.00089684,"2017-09-28 23:15:00"
IOP,0.00090002,"2017-09-28 23:20:00"
IOP,0.00089399,"2017-09-28 23:25:00"
IOP,0.00089402,"2017-09-28 23:30:00"
IOP,0.00088001,"2017-09-28 23:35:00"
IOP,0.00088102,"2017-09-28 23:40:00"
IOP,0.00087912,"2017-09-28 23:45:00"
IOP,0.00085134,"2017-09-28 23:50:00"
IOP,0.00089741,"2017-09-28 23:55:00"
IOP,0.000905,"2017-09-29 00:00:00"
IOP,0.00092,"2017-09-29 00:05:00"
IOP,0.0008973,"2017-09-29 00:10:00"
IOP,0.00088318,"2017-09-29 00:15:00"
IOP,0.00087863,"2017-09-29 00:20:00"
IOP,0.00085009,"2017-09-29 00:25:00"
IOP,0.00086284,"2017-09-29 00:30:00"
IOP,0.000881,"2017-09-29 00:35:00"
IOP,0.00087328,"2017-09-29 00:40:00"
IOP,0.00086604,"2017-09-29 00:45:00"
IOP,0.00086028,"2017-09-29 00:50:00"
IOP,0.00087829,"2017-09-29 00:55:00"
IOP,0.0008879,"2017-09-29 01:00:00"
IOP,0.00087829,"2017-09-29 01:05:00"
IOP,0.00087829,"2017-09-29 01:10:00"
IOP,0.00089093,"2017-09-29 01:15:00"
IOP,0.0008918,"2017-09-29 01:20:00"
IOP,0.00089239,"2017-09-29 01:25:00"
IOP,0.0009,"2017-09-29 01:30:00"
IOP,0.00089499,"2017-09-29 01:35:00"
IOP,0.00091,"2017-09-29 01:40:00"
IOP,0.00092,"2017-09-29 01:45:00"
IOP,0.00092002,"2017-09-29 01:50:00"
IOP,0.00091108,"2017-09-29 01:55:00"
IOP,0.00092408,"2017-09-29 02:00:00"
IOP,0.0009346,"2017-09-29 02:05:00"
IOP,0.00098997,"2017-09-29 02:10:00"
IOP,0.00098,"2017-09-29 02:15:00"
IOP,0.0009813,"2017-09-29 02:20:00"
IOP,0.00098771,"2017-09-29 02:25:00"
IOP,0.00099979,"2017-09-29 02:30:00"
IOP,0.00098109,"2017-09-29 02:35:00"
IOP,0.00097513,"2017-09-29 02:40:00"
IOP,0.00099616,"2017-09-29 02:45:00"
IOP,0.0009874,"2017-09-29 02:50:00"
IOP,0.0010235,"2017-09-29 02:55:00"
IOP,0.00099981,"2017-09-29 03:00:00"
IOP,0.00100999,"2017-09-29 03:05:00"
IOP,0.00100008,"2017-09-29 03:10:00"
IOP,0.00101492,"2017-09-29 03:15:00"
IOP,0.000995,"2017-09-29 03:20:00"
IOP,0.00097779,"2017-09-29 03:25:00"
IOP,0.00098091,"2017-09-29 03:30:00"
IOP,0.00101592,"2017-09-29 03:35:00"
IOP,0.00103045,"2017-09-29 03:40:00"
IOP,0.00103044,"2017-09-29 03:45:00"
IOP,0.001025,"2017-09-29 03:50:00"
IOP,0.0010245,"2017-09-29 03:55:00"
IOP,0.0010245,"2017-09-29 04:00:00"
IOP,0.00101458,"2017-09-29 04:05:00"
IOP,0.00101501,"2017-09-29 04:10:00"
IOP,0.00102269,"2017-09-29 04:15:00"
IOP,0.00097,"2017-09-29 04:20:00"
IOP,0.00102053,"2017-09-29 04:25:00"
IOP,0.00102022,"2017-09-29 04:30:00"
IOP,0.00098501,"2017-09-29 04:35:00"
IOP,0.00095215,"2017-09-29 04:40:00"
IOP,0.00096169,"2017-09-29 04:45:00"
IOP,0.00093231,"2017-09-29 04:50:00"
IOP,0.0009287,"2017-09-29 04:55:00"
IOP,0.00093887,"2017-09-29 05:00:00"
IOP,0.00093875,"2017-09-29 05:05:00"
IOP,0.0009462,"2017-09-29 05:10:00"
IOP,0.000967,"2017-09-29 05:15:00"
IOP,0.00098591,"2017-09-29 05:20:00"
IOP,0.0009665,"2017-09-29 05:25:00"
IOP,0.0009615,"2017-09-29 05:30:00"
IOP,0.00095183,"2017-09-29 05:35:00"
IOP,0.00096,"2017-09-29 05:40:00"
IOP,0.00095184,"2017-09-29 05:45:00"
IOP,0.000955,"2017-09-29 05:50:00"
IOP,0.0009695,"2017-09-29 05:55:00"
IOP,0.0009741,"2017-09-29 06:00:00"
IOP,0.00098123,"2017-09-29 06:05:00"
IOP,0.0009669,"2017-09-29 06:10:00"
IOP,0.00096368,"2017-09-29 06:15:00"
IOP,0.00096,"2017-09-29 06:20:00"
IOP,0.00096002,"2017-09-29 06:25:00"
IOP,0.00095691,"2017-09-29 06:30:00"
IOP,0.00095611,"2017-09-29 06:35:00"
IOP,0.00094897,"2017-09-29 06:40:00"
IOP,0.00094388,"2017-09-29 06:45:00"
IOP,0.00095691,"2017-09-29 06:50:00"
IOP,0.00096761,"2017-09-29 06:55:00"
IOP,0.00096,"2017-09-29 07:00:00"
IOP,0.00094741,"2017-09-29 07:05:00"
IOP,0.00095899,"2017-09-29 07:10:00"
IOP,0.000944,"2017-09-29 07:15:00"
IOP,0.00096794,"2017-09-29 07:20:00"
IOP,0.0009669,"2017-09-29 07:25:00"
IOP,0.00096,"2017-09-29 07:30:00"
IOP,0.000984,"2017-09-29 07:35:00"
IOP,0.0009885,"2017-09-29 07:40:00"
IOP,0.00100584,"2017-09-29 07:45:00"
IOP,0.00102,"2017-09-29 07:50:00"
IOP,0.0010503,"2017-09-29 07:55:00"
IOP,0.00104989,"2017-09-29 08:00:00"
IOP,0.00103488,"2017-09-29 08:05:00"
IOP,0.00102319,"2017-09-29 08:10:00"
IOP,0.0010195,"2017-09-29 08:15:00"
IOP,0.001029,"2017-09-29 08:20:00"
IOP,0.00101256,"2017-09-29 08:25:00"
IOP,0.00102144,"2017-09-29 08:30:00"
IOP,0.00101005,"2017-09-29 08:35:00"
IOP,0.00099467,"2017-09-29 08:40:00"
IOP,0.00100584,"2017-09-29 08:45:00"
IOP,0.001006,"2017-09-29 08:50:00"
IOP,0.00099022,"2017-09-29 08:55:00"
IOP,0.001,"2017-09-29 09:00:00"
IOP,0.0009989,"2017-09-29 09:05:00"
IOP,0.00101165,"2017-09-29 09:10:00"
IOP,0.00101283,"2017-09-29 09:15:00"
IOP,0.00103245,"2017-09-29 09:20:00"
IOP,0.001139,"2017-09-29 09:25:00"
IOP,0.00114435,"2017-09-29 09:30:00"
IOP,0.00112604,"2017-09-29 09:35:00"
IOP,0.00110738,"2017-09-29 09:40:00"
IOP,0.00115865,"2017-09-29 09:45:00"
IOP,0.00114565,"2017-09-29 09:50:00"
IOP,0.001173,"2017-09-29 09:55:00"
IOP,0.001165,"2017-09-29 10:00:00"
IOP,0.001175,"2017-09-29 10:05:00"
IOP,0.00117,"2017-09-29 10:10:00"
IOP,0.00115703,"2017-09-29 10:15:00"
IOP,0.00112449,"2017-09-29 10:20:00"
IOP,0.001125,"2017-09-29 10:25:00"
IOP,0.001125,"2017-09-29 10:30:00"
IOP,0.00114981,"2017-09-29 10:35:00"
IOP,0.00116234,"2017-09-29 10:40:00"
IOP,0.00117995,"2017-09-29 10:45:00"
IOP,0.001172,"2017-09-29 10:50:00"
IOP,0.00117995,"2017-09-29 10:55:00"
IOP,0.001235,"2017-09-29 11:00:00"
IOP,0.00121698,"2017-09-29 11:05:00"
IOP,0.00118,"2017-09-29 11:10:00"
IOP,0.00121688,"2017-09-29 11:15:00"
IOP,0.00119,"2017-09-29 11:20:00"
IOP,0.0011999,"2017-09-29 11:25:00"
IOP,0.00120975,"2017-09-29 11:30:00"
IOP,0.00123332,"2017-09-29 11:35:00"
IOP,0.00126,"2017-09-29 11:40:00"
IOP,0.00124712,"2017-09-29 11:45:00"
IOP,0.0013,"2017-09-29 11:50:00"
IOP,0.00129492,"2017-09-29 11:55:00"
IOP,0.00127883,"2017-09-29 12:00:00"
IOP,0.0013055,"2017-09-29 12:05:00"
IOP,0.00129484,"2017-09-29 12:10:00"
IOP,0.001287,"2017-09-29 12:15:00"
IOP,0.00124363,"2017-09-29 12:20:00"
IOP,0.00124635,"2017-09-29 12:25:00"
IOP,0.001275,"2017-09-29 12:30:00"
IOP,0.00126898,"2017-09-29 12:35:00"
IOP,0.00124868,"2017-09-29 12:40:00"
IOP,0.001253,"2017-09-29 12:45:00"
IOP,0.001233,"2017-09-29 12:50:00"
IOP,0.00123896,"2017-09-29 12:55:00"
IOP,0.00118,"2017-09-29 13:00:00"
IOP,0.00119646,"2017-09-29 13:05:00"
IOP,0.001217,"2017-09-29 13:10:00"
IOP,0.00120274,"2017-09-29 13:15:00"
IOP,0.00120943,"2017-09-29 13:20:00"
IOP,0.00121381,"2017-09-29 13:25:00"
IOP,0.00118001,"2017-09-29 13:30:00"
IOP,0.00116966,"2017-09-29 13:35:00"
IOP,0.00115,"2017-09-29 13:40:00"
IOP,0.001139,"2017-09-29 13:45:00"
IOP,0.001166,"2017-09-29 13:50:00"
IOP,0.00115,"2017-09-29 13:55:00"
IOP,0.00112899,"2017-09-29 14:00:00"
IOP,0.00111553,"2017-09-29 14:05:00"
IOP,0.00111118,"2017-09-29 14:10:00"
IOP,0.00111,"2017-09-29 14:15:00"
IOP,0.00109494,"2017-09-29 14:20:00"
IOP,0.00111895,"2017-09-29 14:25:00"
IOP,0.0011172,"2017-09-29 14:30:00"
IOP,0.00112641,"2017-09-29 14:35:00"
IOP,0.00115587,"2017-09-29 14:40:00"
IOP,0.00117,"2017-09-29 14:45:00"
IOP,0.00115587,"2017-09-29 14:50:00"
IOP,0.001154,"2017-09-29 14:55:00"
IOP,0.00114177,"2017-09-29 15:00:00"
IOP,0.00114143,"2017-09-29 15:05:00"
IOP,0.00114642,"2017-09-29 15:10:00"
IOP,0.00114,"2017-09-29 15:15:00"
IOP,0.0011272,"2017-09-29 15:20:00"
IOP,0.00112621,"2017-09-29 15:25:00"
IOP,0.00111778,"2017-09-29 15:30:00"
IOP,0.00110617,"2017-09-29 15:35:00"
IOP,0.00111192,"2017-09-29 15:40:00"
IOP,0.0011116,"2017-09-29 15:45:00"
IOP,0.0011116,"2017-09-29 15:50:00"
IOP,0.00111602,"2017-09-29 15:55:00"
IOP,0.00113001,"2017-09-29 16:00:00"
IOP,0.00114485,"2017-09-29 16:05:00"
IOP,0.00116806,"2017-09-29 16:10:00"
IOP,0.001188,"2017-09-29 16:15:00"
IOP,0.00121924,"2017-09-29 16:20:00"
IOP,0.00118972,"2017-09-29 16:25:00"
IOP,0.00123888,"2017-09-29 16:30:00"
IOP,0.00123364,"2017-09-29 16:35:00"
IOP,0.00120541,"2017-09-29 16:40:00"
IOP,0.00122171,"2017-09-29 16:45:00"
IOP,0.0012265,"2017-09-29 16:50:00"
IOP,0.00121999,"2017-09-29 16:55:00"
IOP,0.00121007,"2017-09-29 17:00:00"
IOP,0.00118,"2017-09-29 17:05:00"
IOP,0.00120901,"2017-09-29 17:10:00"
IOP,0.00117765,"2017-09-29 17:15:00"
IOP,0.001158,"2017-09-29 17:20:00"
IOP,0.00115994,"2017-09-29 17:25:00"
IOP,0.00120314,"2017-09-29 17:30:00"
IOP,0.0012,"2017-09-29 17:35:00"
IOP,0.00120397,"2017-09-29 17:40:00"
IOP,0.00121195,"2017-09-29 17:45:00"
IOP,0.00121579,"2017-09-29 17:50:00"
IOP,0.001185,"2017-09-29 17:55:00"
IOP,0.00117,"2017-09-29 18:00:00"
IOP,0.001184,"2017-09-29 18:05:00"
IOP,0.0011912,"2017-09-29 18:10:00"
IOP,0.00119868,"2017-09-29 18:15:00"
IOP,0.001221,"2017-09-29 18:20:00"
IOP,0.00121364,"2017-09-29 18:25:00"
IOP,0.00121364,"2017-09-29 18:30:00"
IOP,0.00123115,"2017-09-29 18:35:00"
IOP,0.00124,"2017-09-29 18:40:00"
IOP,0.00121609,"2017-09-29 18:45:00"
IOP,0.00122,"2017-09-29 18:50:00"
IOP,0.00117,"2017-09-29 18:55:00"
IOP,0.00116201,"2017-09-29 19:00:00"
IOP,0.00117,"2017-09-29 19:05:00"
IOP,0.00119167,"2017-09-29 19:10:00"
IOP,0.00119132,"2017-09-29 19:15:00"
IOP,0.001187,"2017-09-29 19:20:00"
IOP,0.00118,"2017-09-29 19:25:00"
IOP,0.00118886,"2017-09-29 19:30:00"
IOP,0.00120609,"2017-09-29 19:35:00"
IOP,0.00123,"2017-09-29 19:40:00"
IOP,0.00123497,"2017-09-29 19:45:00"
IOP,0.0012338,"2017-09-29 19:50:00"
IOP,0.00122228,"2017-09-29 19:55:00"
IOP,0.00119761,"2017-09-29 20:00:00"
IOP,0.0012184,"2017-09-29 20:05:00"
IOP,0.00123,"2017-09-29 20:10:00"
IOP,0.00123,"2017-09-29 20:15:00"
IOP,0.00124,"2017-09-29 20:20:00"
IOP,0.0012399,"2017-09-29 20:25:00"
IOP,0.00125223,"2017-09-29 20:30:00"
IOP,0.00128,"2017-09-29 20:35:00"
IOP,0.001278,"2017-09-29 20:40:00"
IOP,0.00125212,"2017-09-29 20:45:00"
IOP,0.00126282,"2017-09-29 20:50:00"
IOP,0.001245,"2017-09-29 20:55:00"
IOP,0.00124526,"2017-09-29 21:00:00"
IOP,0.00124105,"2017-09-29 21:05:00"
IOP,0.00121083,"2017-09-29 21:10:00"
IOP,0.00122052,"2017-09-29 21:15:00"
IOP,0.00122722,"2017-09-29 21:20:00"
IOP,0.00124,"2017-09-29 21:25:00"
IOP,0.00123484,"2017-09-29 21:30:00"
IOP,0.001247,"2017-09-29 21:35:00"
IOP,0.00124892,"2017-09-29 21:40:00"
IOP,0.00126085,"2017-09-29 21:45:00"
IOP,0.001264,"2017-09-29 21:50:00"
IOP,0.00124999,"2017-09-29 21:55:00"
IOP,0.00125927,"2017-09-29 22:00:00"
IOP,0.00125,"2017-09-29 22:05:00"
IOP,0.00124411,"2017-09-29 22:10:00"
IOP,0.001229,"2017-09-29 22:15:00"
IOP,0.00126,"2017-09-29 22:20:00"
IOP,0.00128432,"2017-09-29 22:25:00"
IOP,0.00127862,"2017-09-29 22:30:00"
IOP,0.00126461,"2017-09-29 22:35:00"
IOP,0.00129053,"2017-09-29 22:40:00"
IOP,0.00129481,"2017-09-29 22:45:00"
IOP,0.00132864,"2017-09-29 22:50:00"
IOP,0.001355,"2017-09-29 22:55:00"
IOP,0.00132104,"2017-09-29 23:00:00"
IOP,0.00133682,"2017-09-29 23:05:00"
IOP,0.00135,"2017-09-29 23:10:00"
IOP,0.00132178,"2017-09-29 23:15:00"
IOP,0.00128599,"2017-09-29 23:20:00"
IOP,0.00129848,"2017-09-29 23:25:00"
IOP,0.001318,"2017-09-29 23:30:00"
IOP,0.0013113,"2017-09-29 23:35:00"
IOP,0.0013,"2017-09-29 23:40:00"
IOP,0.00129023,"2017-09-29 23:45:00"
IOP,0.00132,"2017-09-29 23:50:00"
IOP,0.00133,"2017-09-29 23:55:00"
IOP,0.00132501,"2017-09-30 00:00:00"
IOP,0.0013349,"2017-09-30 00:05:00"
IOP,0.0013195,"2017-09-30 00:10:00"
IOP,0.00133489,"2017-09-30 00:15:00"
IOP,0.0013496,"2017-09-30 00:20:00"
IOP,0.00136304,"2017-09-30 00:25:00"
IOP,0.00133,"2017-09-30 00:30:00"
IOP,0.001343,"2017-09-30 00:35:00"
IOP,0.0013695,"2017-09-30 00:40:00"
IOP,0.001375,"2017-09-30 00:45:00"
IOP,0.00138,"2017-09-30 00:50:00"
IOP,0.00136558,"2017-09-30 00:55:00"
IOP,0.001375,"2017-09-30 01:00:00"
IOP,0.00136092,"2017-09-30 01:05:00"
IOP,0.00134102,"2017-09-30 01:10:00"
IOP,0.0013652,"2017-09-30 01:15:00"
IOP,0.001365,"2017-09-30 01:20:00"
IOP,0.00134325,"2017-09-30 01:25:00"
IOP,0.00135011,"2017-09-30 01:30:00"
IOP,0.001357,"2017-09-30 01:35:00"
IOP,0.00133925,"2017-09-30 01:40:00"
IOP,0.00133576,"2017-09-30 01:45:00"
IOP,0.00133012,"2017-09-30 01:50:00"
IOP,0.00132487,"2017-09-30 01:55:00"
IOP,0.00131075,"2017-09-30 02:00:00"
IOP,0.001275,"2017-09-30 02:05:00"
IOP,0.001249,"2017-09-30 02:10:00"
IOP,0.00125001,"2017-09-30 02:15:00"
IOP,0.00124098,"2017-09-30 02:20:00"
IOP,0.00125152,"2017-09-30 02:25:00"
IOP,0.00124246,"2017-09-30 02:30:00"
IOP,0.00124242,"2017-09-30 02:35:00"
IOP,0.00122481,"2017-09-30 02:40:00"
IOP,0.001215,"2017-09-30 02:45:00"
IOP,0.00121885,"2017-09-30 02:50:00"
IOP,0.00125944,"2017-09-30 02:55:00"
IOP,0.00125799,"2017-09-30 03:00:00"
IOP,0.00126999,"2017-09-30 03:05:00"
IOP,0.001266,"2017-09-30 03:10:00"
IOP,0.00126598,"2017-09-30 03:15:00"
IOP,0.00125151,"2017-09-30 03:20:00"
IOP,0.00124733,"2017-09-30 03:25:00"
IOP,0.001227,"2017-09-30 03:30:00"
IOP,0.00123501,"2017-09-30 03:35:00"
IOP,0.00126001,"2017-09-30 03:40:00"
IOP,0.00126001,"2017-09-30 03:45:00"
IOP,0.00125194,"2017-09-30 03:50:00"
IOP,0.0012779,"2017-09-30 03:55:00"
IOP,0.00127958,"2017-09-30 04:00:00"
IOP,0.00128702,"2017-09-30 04:05:00"
IOP,0.0012851,"2017-09-30 04:10:00"
IOP,0.00128,"2017-09-30 04:15:00"
IOP,0.00128891,"2017-09-30 04:20:00"
IOP,0.00129999,"2017-09-30 04:25:00"
IOP,0.001315,"2017-09-30 04:30:00"
IOP,0.00130945,"2017-09-30 04:35:00"
IOP,0.0013094,"2017-09-30 04:40:00"
IOP,0.0012683,"2017-09-30 04:45:00"
IOP,0.00127254,"2017-09-30 04:50:00"
IOP,0.00126184,"2017-09-30 04:55:00"
IOP,0.00125884,"2017-09-30 05:00:00"
IOP,0.00125884,"2017-09-30 05:05:00"
IOP,0.0012595,"2017-09-30 05:10:00"
IOP,0.001265,"2017-09-30 05:15:00"
IOP,0.00127792,"2017-09-30 05:20:00"
IOP,0.00127587,"2017-09-30 05:25:00"
IOP,0.00126968,"2017-09-30 05:30:00"
IOP,0.00126252,"2017-09-30 05:35:00"
IOP,0.00125,"2017-09-30 05:40:00"
IOP,0.00125,"2017-09-30 05:45:00"
IOP,0.001245,"2017-09-30 05:50:00"
IOP,0.00122578,"2017-09-30 05:55:00"
IOP,0.0012319,"2017-09-30 06:00:00"
IOP,0.0012383,"2017-09-30 06:05:00"
IOP,0.00122915,"2017-09-30 06:10:00"
IOP,0.00121506,"2017-09-30 06:15:00"
IOP,0.00119419,"2017-09-30 06:20:00"
IOP,0.00120984,"2017-09-30 06:25:00"
IOP,0.001208,"2017-09-30 06:30:00"
IOP,0.00119539,"2017-09-30 06:35:00"
IOP,0.00121999,"2017-09-30 06:40:00"
IOP,0.001209,"2017-09-30 06:45:00"
IOP,0.0012,"2017-09-30 06:50:00"
IOP,0.00120802,"2017-09-30 06:55:00"
IOP,0.0012,"2017-09-30 07:00:00"
IOP,0.001208,"2017-09-30 07:05:00"
IOP,0.00120905,"2017-09-30 07:10:00"
IOP,0.00122282,"2017-09-30 07:15:00"
IOP,0.00123847,"2017-09-30 07:20:00"
IOP,0.00124435,"2017-09-30 07:25:00"
IOP,0.0012495,"2017-09-30 07:30:00"
IOP,0.00123298,"2017-09-30 07:35:00"
IOP,0.00123,"2017-09-30 07:40:00"
IOP,0.0012205,"2017-09-30 07:45:00"
IOP,0.00120031,"2017-09-30 07:50:00"
IOP,0.0012103,"2017-09-30 07:55:00"
IOP,0.0012102,"2017-09-30 08:00:00"
IOP,0.00119021,"2017-09-30 08:05:00"
IOP,0.001191,"2017-09-30 08:10:00"
IOP,0.00119,"2017-09-30 08:15:00"
IOP,0.00119188,"2017-09-30 08:20:00"
IOP,0.001164,"2017-09-30 08:25:00"
IOP,0.00117927,"2017-09-30 08:30:00"
IOP,0.001194,"2017-09-30 08:35:00"
IOP,0.00118735,"2017-09-30 08:40:00"
IOP,0.00118789,"2017-09-30 08:45:00"
IOP,0.00118005,"2017-09-30 08:50:00"
IOP,0.001174,"2017-09-30 08:55:00"
IOP,0.00115884,"2017-09-30 09:00:00"
IOP,0.001158,"2017-09-30 09:05:00"
IOP,0.00117274,"2017-09-30 09:10:00"
IOP,0.00115823,"2017-09-30 09:15:00"
IOP,0.00114526,"2017-09-30 09:20:00"
IOP,0.001152,"2017-09-30 09:25:00"
IOP,0.00113654,"2017-09-30 09:30:00"
IOP,0.0011455,"2017-09-30 09:35:00"
IOP,0.00112763,"2017-09-30 09:40:00"
IOP,0.0011351,"2017-09-30 09:45:00"
IOP,0.00113,"2017-09-30 09:50:00"
IOP,0.0011306,"2017-09-30 09:55:00"
IOP,0.0011391,"2017-09-30 10:00:00"
IOP,0.00115083,"2017-09-30 10:05:00"
IOP,0.00113529,"2017-09-30 10:10:00"
IOP,0.00113978,"2017-09-30 10:15:00"
IOP,0.0011385,"2017-09-30 10:20:00"
IOP,0.001146,"2017-09-30 10:25:00"
IOP,0.00114747,"2017-09-30 10:30:00"
IOP,0.00115999,"2017-09-30 10:35:00"
IOP,0.00115479,"2017-09-30 10:40:00"
IOP,0.00117,"2017-09-30 10:45:00"
IOP,0.001195,"2017-09-30 10:50:00"
IOP,0.00118934,"2017-09-30 10:55:00"
IOP,0.00119261,"2017-09-30 11:00:00"
IOP,0.0012062,"2017-09-30 11:05:00"
IOP,0.00120619,"2017-09-30 11:10:00"
IOP,0.00121209,"2017-09-30 11:15:00"
IOP,0.00122118,"2017-09-30 11:20:00"
IOP,0.00124643,"2017-09-30 11:25:00"
IOP,0.00121819,"2017-09-30 11:30:00"
IOP,0.0012199,"2017-09-30 11:35:00"
IOP,0.001237,"2017-09-30 11:40:00"
IOP,0.00122,"2017-09-30 11:45:00"
IOP,0.0012137,"2017-09-30 11:50:00"
IOP,0.00121,"2017-09-30 11:55:00"
IOP,0.00119685,"2017-09-30 12:00:00"
IOP,0.0011808,"2017-09-30 12:05:00"
IOP,0.0011746,"2017-09-30 12:10:00"
IOP,0.001175,"2017-09-30 12:15:00"
IOP,0.00115461,"2017-09-30 12:20:00"
IOP,0.00115601,"2017-09-30 12:25:00"
IOP,0.00118,"2017-09-30 12:30:00"
IOP,0.00117324,"2017-09-30 12:35:00"
IOP,0.00115709,"2017-09-30 12:40:00"
IOP,0.001156,"2017-09-30 12:45:00"
IOP,0.00114231,"2017-09-30 12:50:00"
IOP,0.00114611,"2017-09-30 12:55:00"
IOP,0.00115538,"2017-09-30 13:00:00"
IOP,0.001165,"2017-09-30 13:05:00"
IOP,0.00116453,"2017-09-30 13:10:00"
IOP,0.0011737,"2017-09-30 13:15:00"
IOP,0.00117901,"2017-09-30 13:20:00"
IOP,0.0011618,"2017-09-30 13:25:00"
IOP,0.00115842,"2017-09-30 13:30:00"
IOP,0.00116236,"2017-09-30 13:35:00"
IOP,0.0011601,"2017-09-30 13:40:00"
IOP,0.0011565,"2017-09-30 13:45:00"
IOP,0.0011564,"2017-09-30 13:50:00"
IOP,0.0011526,"2017-09-30 13:55:00"
IOP,0.0011526,"2017-09-30 14:00:00"
IOP,0.0011591,"2017-09-30 14:05:00"
IOP,0.00117313,"2017-09-30 14:10:00"
IOP,0.00118723,"2017-09-30 14:15:00"
IOP,0.00116091,"2017-09-30 14:20:00"
IOP,0.00115653,"2017-09-30 14:25:00"
IOP,0.0011394,"2017-09-30 14:30:00"
IOP,0.00112841,"2017-09-30 14:35:00"
IOP,0.00112202,"2017-09-30 14:40:00"
IOP,0.00109999,"2017-09-30 14:45:00"
IOP,0.001092,"2017-09-30 14:50:00"
IOP,0.00108572,"2017-09-30 14:55:00"
IOP,0.00109551,"2017-09-30 15:00:00"
IOP,0.00112,"2017-09-30 15:05:00"
IOP,0.00111899,"2017-09-30 15:10:00"
IOP,0.00110501,"2017-09-30 15:15:00"
IOP,0.00111932,"2017-09-30 15:20:00"
IOP,0.00112,"2017-09-30 15:25:00"
IOP,0.00111465,"2017-09-30 15:30:00"
IOP,0.00111322,"2017-09-30 15:35:00"
IOP,0.00112732,"2017-09-30 15:40:00"
IOP,0.00113888,"2017-09-30 15:45:00"
IOP,0.00113902,"2017-09-30 15:50:00"
IOP,0.00113903,"2017-09-30 15:55:00"
IOP,0.00113752,"2017-09-30 16:00:00"
IOP,0.00113355,"2017-09-30 16:05:00"
IOP,0.00111816,"2017-09-30 16:10:00"
IOP,0.00111376,"2017-09-30 16:15:00"
IOP,0.00111931,"2017-09-30 16:20:00"
IOP,0.00111545,"2017-09-30 16:25:00"
IOP,0.00110876,"2017-09-30 16:30:00"
IOP,0.00107858,"2017-09-30 16:35:00"
IOP,0.00110582,"2017-09-30 16:40:00"
IOP,0.00112809,"2017-09-30 16:45:00"
IOP,0.001121,"2017-09-30 16:50:00"
IOP,0.00112001,"2017-09-30 16:55:00"
IOP,0.0011073,"2017-09-30 17:00:00"
IOP,0.00112274,"2017-09-30 17:05:00"
IOP,0.00113047,"2017-09-30 17:10:00"
IOP,0.00112965,"2017-09-30 17:15:00"
IOP,0.00113601,"2017-09-30 17:20:00"
IOP,0.001131,"2017-09-30 17:25:00"
IOP,0.00112808,"2017-09-30 17:30:00"
IOP,0.00113033,"2017-09-30 17:35:00"
IOP,0.00113473,"2017-09-30 17:40:00"
IOP,0.00114426,"2017-09-30 17:45:00"
IOP,0.001147,"2017-09-30 17:50:00"
IOP,0.0011934,"2017-09-30 17:55:00"
IOP,0.00117572,"2017-09-30 18:00:00"
IOP,0.00118111,"2017-09-30 18:05:00"
IOP,0.00115956,"2017-09-30 18:10:00"
IOP,0.00115501,"2017-09-30 18:15:00"
IOP,0.00117,"2017-09-30 18:20:00"
IOP,0.00115001,"2017-09-30 18:25:00"
IOP,0.0011504,"2017-09-30 18:30:00"
IOP,0.00115921,"2017-09-30 18:35:00"
IOP,0.00115052,"2017-09-30 18:40:00"
IOP,0.00113482,"2017-09-30 18:45:00"
IOP,0.00113065,"2017-09-30 18:50:00"
IOP,0.00112,"2017-09-30 18:55:00"
IOP,0.00112248,"2017-09-30 19:00:00"
IOP,0.00114011,"2017-09-30 19:05:00"
IOP,0.00115156,"2017-09-30 19:10:00"
IOP,0.0011608,"2017-09-30 19:15:00"
IOP,0.001189,"2017-09-30 19:20:00"
IOP,0.00116395,"2017-09-30 19:25:00"
IOP,0.00115641,"2017-09-30 19:30:00"
IOP,0.0011537,"2017-09-30 19:35:00"
IOP,0.00116698,"2017-09-30 19:40:00"
IOP,0.00117566,"2017-09-30 19:45:00"
IOP,0.00117155,"2017-09-30 19:50:00"
IOP,0.0011752,"2017-09-30 19:55:00"
IOP,0.00117,"2017-09-30 20:00:00"
IOP,0.00115863,"2017-09-30 20:05:00"
IOP,0.00114,"2017-09-30 20:10:00"
IOP,0.00114739,"2017-09-30 20:15:00"
IOP,0.00115614,"2017-09-30 20:20:00"
IOP,0.00114649,"2017-09-30 20:25:00"
IOP,0.00114701,"2017-09-30 20:30:00"
IOP,0.00114656,"2017-09-30 20:35:00"
IOP,0.001152,"2017-09-30 20:40:00"
IOP,0.00115642,"2017-09-30 20:45:00"
IOP,0.00116817,"2017-09-30 20:50:00"
IOP,0.00117025,"2017-09-30 20:55:00"
IOP,0.00116,"2017-09-30 21:00:00"
IOP,0.0011588,"2017-09-30 21:05:00"
IOP,0.00115099,"2017-09-30 21:10:00"
IOP,0.001146,"2017-09-30 21:15:00"
IOP,0.00113995,"2017-09-30 21:20:00"
IOP,0.00114879,"2017-09-30 21:25:00"
IOP,0.00113888,"2017-09-30 21:30:00"
IOP,0.00115442,"2017-09-30 21:35:00"
IOP,0.001149,"2017-09-30 21:40:00"
IOP,0.00114,"2017-09-30 21:45:00"
IOP,0.00114,"2017-09-30 21:50:00"
IOP,0.001141,"2017-09-30 21:55:00"
IOP,0.00113572,"2017-09-30 22:00:00"
IOP,0.001147,"2017-09-30 22:05:00"
IOP,0.0011365,"2017-09-30 22:10:00"
IOP,0.00113601,"2017-09-30 22:15:00"
IOP,0.00113572,"2017-09-30 22:20:00"
IOP,0.00114,"2017-09-30 22:25:00"
IOP,0.001141,"2017-09-30 22:30:00"
IOP,0.00113165,"2017-09-30 22:35:00"
IOP,0.00113968,"2017-09-30 22:40:00"
IOP,0.00113,"2017-09-30 22:45:00"
IOP,0.00113658,"2017-09-30 22:50:00"
IOP,0.00112838,"2017-09-30 22:55:00"
IOP,0.00111996,"2017-09-30 23:00:00"
IOP,0.00110847,"2017-09-30 23:05:00"
IOP,0.0011245,"2017-09-30 23:10:00"
IOP,0.0011121,"2017-09-30 23:15:00"
IOP,0.00108865,"2017-09-30 23:20:00"
IOP,0.00109951,"2017-09-30 23:25:00"
IOP,0.00109882,"2017-09-30 23:30:00"
IOP,0.00109412,"2017-09-30 23:35:00"
IOP,0.0010955,"2017-09-30 23:40:00"
IOP,0.00109613,"2017-09-30 23:45:00"
IOP,0.001089,"2017-09-30 23:50:00"
IOP,0.001089,"2017-09-30 23:55:00"
IOP,0.001088,"2017-10-01 00:00:00"
IOP,0.0010696,"2017-10-01 00:05:00"
IOP,0.00107509,"2017-10-01 00:10:00"
IOP,0.00107509,"2017-10-01 00:15:00"
IOP,0.00112205,"2017-10-01 00:20:00"
IOP,0.00113942,"2017-10-01 00:25:00"
IOP,0.00115864,"2017-10-01 00:30:00"
IOP,0.00114571,"2017-10-01 00:35:00"
IOP,0.00110656,"2017-10-01 00:40:00"
IOP,0.00108982,"2017-10-01 00:45:00"
IOP,0.00110584,"2017-10-01 00:50:00"
IOP,0.0011394,"2017-10-01 00:55:00"
IOP,0.00114264,"2017-10-01 01:00:00"
IOP,0.00113137,"2017-10-01 01:05:00"
IOP,0.0011166,"2017-10-01 01:10:00"
IOP,0.00109941,"2017-10-01 01:15:00"
IOP,0.00109895,"2017-10-01 01:20:00"
IOP,0.00112256,"2017-10-01 01:25:00"
IOP,0.0011273,"2017-10-01 01:30:00"
IOP,0.00113299,"2017-10-01 01:35:00"
IOP,0.00114894,"2017-10-01 01:40:00"
IOP,0.00113486,"2017-10-01 01:45:00"
IOP,0.001141,"2017-10-01 01:50:00"
IOP,0.00115045,"2017-10-01 01:55:00"
IOP,0.00115645,"2017-10-01 02:00:00"
IOP,0.00117729,"2017-10-01 02:05:00"
IOP,0.001191,"2017-10-01 02:10:00"
IOP,0.00119999,"2017-10-01 02:15:00"
IOP,0.0012173,"2017-10-01 02:20:00"
IOP,0.00124598,"2017-10-01 02:25:00"
IOP,0.00123358,"2017-10-01 02:30:00"
IOP,0.00125599,"2017-10-01 02:35:00"
IOP,0.00129846,"2017-10-01 02:40:00"
IOP,0.0013,"2017-10-01 02:45:00"
IOP,0.00126914,"2017-10-01 02:50:00"
IOP,0.00129,"2017-10-01 02:55:00"
IOP,0.00130662,"2017-10-01 03:00:00"
IOP,0.00128572,"2017-10-01 03:05:00"
IOP,0.00125849,"2017-10-01 03:10:00"
IOP,0.00127356,"2017-10-01 03:15:00"
IOP,0.001278,"2017-10-01 03:20:00"
IOP,0.00126197,"2017-10-01 03:25:00"
IOP,0.00125499,"2017-10-01 03:30:00"
IOP,0.0012372,"2017-10-01 03:35:00"
IOP,0.0012298,"2017-10-01 03:40:00"
IOP,0.00121625,"2017-10-01 03:45:00"
IOP,0.00118987,"2017-10-01 03:50:00"
IOP,0.001212,"2017-10-01 03:55:00"
IOP,0.00120692,"2017-10-01 04:00:00"
IOP,0.00121636,"2017-10-01 04:05:00"
IOP,0.00119523,"2017-10-01 04:10:00"
IOP,0.0012,"2017-10-01 04:15:00"
IOP,0.00119,"2017-10-01 04:20:00"
IOP,0.00117858,"2017-10-01 04:25:00"
IOP,0.00116747,"2017-10-01 04:30:00"
IOP,0.00117012,"2017-10-01 04:35:00"
IOP,0.00119,"2017-10-01 04:40:00"
IOP,0.00121955,"2017-10-01 04:45:00"
IOP,0.0012105,"2017-10-01 04:50:00"
IOP,0.00119635,"2017-10-01 04:55:00"
IOP,0.001206,"2017-10-01 05:00:00"
IOP,0.00119004,"2017-10-01 05:05:00"
IOP,0.00116335,"2017-10-01 05:10:00"
IOP,0.00116003,"2017-10-01 05:15:00"
IOP,0.00116045,"2017-10-01 05:20:00"
IOP,0.00118072,"2017-10-01 05:25:00"
IOP,0.00117025,"2017-10-01 05:30:00"
IOP,0.00117026,"2017-10-01 05:35:00"
IOP,0.00119481,"2017-10-01 05:40:00"
IOP,0.00118203,"2017-10-01 05:45:00"
IOP,0.00120172,"2017-10-01 05:50:00"
IOP,0.00119501,"2017-10-01 05:55:00"
IOP,0.00119999,"2017-10-01 06:00:00"
IOP,0.00120001,"2017-10-01 06:05:00"
IOP,0.00121001,"2017-10-01 06:10:00"
IOP,0.0012,"2017-10-01 06:15:00"
IOP,0.00120968,"2017-10-01 06:20:00"
IOP,0.00121802,"2017-10-01 06:25:00"
IOP,0.00122377,"2017-10-01 06:30:00"
IOP,0.00122,"2017-10-01 06:35:00"
IOP,0.00121424,"2017-10-01 06:40:00"
IOP,0.00121423,"2017-10-01 06:45:00"
IOP,0.00120551,"2017-10-01 06:50:00"
IOP,0.001214,"2017-10-01 06:55:00"
IOP,0.00121388,"2017-10-01 07:00:00"
IOP,0.00120253,"2017-10-01 07:05:00"
IOP,0.00119995,"2017-10-01 07:10:00"
IOP,0.00118578,"2017-10-01 07:15:00"
IOP,0.00117027,"2017-10-01 07:20:00"
IOP,0.00118,"2017-10-01 07:25:00"
IOP,0.00117974,"2017-10-01 07:30:00"
IOP,0.00117021,"2017-10-01 07:35:00"
IOP,0.00117998,"2017-10-01 07:40:00"
IOP,0.00117134,"2017-10-01 07:45:00"
IOP,0.00117302,"2017-10-01 07:50:00"
IOP,0.00116241,"2017-10-01 07:55:00"
IOP,0.00117012,"2017-10-01 08:00:00"
IOP,0.001153,"2017-10-01 08:05:00"
IOP,0.001147,"2017-10-01 08:10:00"
IOP,0.001154,"2017-10-01 08:15:00"
IOP,0.001159,"2017-10-01 08:20:00"
IOP,0.001157,"2017-10-01 08:25:00"
IOP,0.00114897,"2017-10-01 08:30:00"
IOP,0.00114784,"2017-10-01 08:35:00"
IOP,0.00114833,"2017-10-01 08:40:00"
IOP,0.00114833,"2017-10-01 08:45:00"
IOP,0.001147,"2017-10-01 08:50:00"
IOP,0.001147,"2017-10-01 08:55:00"
IOP,0.0011402,"2017-10-01 09:00:00"
IOP,0.0011402,"2017-10-01 09:05:00"
IOP,0.00114925,"2017-10-01 09:10:00"
IOP,0.001147,"2017-10-01 09:15:00"
IOP,0.00112951,"2017-10-01 09:20:00"
IOP,0.00114121,"2017-10-01 09:25:00"
IOP,0.00114123,"2017-10-01 09:30:00"
IOP,0.00115986,"2017-10-01 09:35:00"
IOP,0.00116586,"2017-10-01 09:40:00"
IOP,0.00118417,"2017-10-01 09:45:00"
IOP,0.00119677,"2017-10-01 09:50:00"
IOP,0.001168,"2017-10-01 09:55:00"
IOP,0.00120001,"2017-10-01 10:00:00"
IOP,0.001188,"2017-10-01 10:05:00"
IOP,0.00119105,"2017-10-01 10:10:00"
IOP,0.00117811,"2017-10-01 10:15:00"
IOP,0.00116172,"2017-10-01 10:20:00"
IOP,0.00115412,"2017-10-01 10:25:00"
IOP,0.001169,"2017-10-01 10:30:00"
IOP,0.001165,"2017-10-01 10:35:00"
IOP,0.001169,"2017-10-01 10:40:00"
IOP,0.00117278,"2017-10-01 10:45:00"
IOP,0.00117094,"2017-10-01 10:50:00"
IOP,0.00118238,"2017-10-01 10:55:00"
IOP,0.0011856,"2017-10-01 11:00:00"
IOP,0.00117,"2017-10-01 11:05:00"
IOP,0.0011529,"2017-10-01 11:10:00"
IOP,0.0011529,"2017-10-01 11:15:00"
IOP,0.00116711,"2017-10-01 11:20:00"
IOP,0.0011664,"2017-10-01 11:25:00"
IOP,0.00115541,"2017-10-01 11:30:00"
IOP,0.00115555,"2017-10-01 11:35:00"
IOP,0.00116101,"2017-10-01 11:40:00"
IOP,0.00115556,"2017-10-01 11:45:00"
IOP,0.001145,"2017-10-01 11:50:00"
IOP,0.00114999,"2017-10-01 11:55:00"
IOP,0.001151,"2017-10-01 12:00:00"
IOP,0.001155,"2017-10-01 12:05:00"
IOP,0.00115982,"2017-10-01 12:10:00"
IOP,0.00116622,"2017-10-01 12:15:00"
IOP,0.00117597,"2017-10-01 12:20:00"
IOP,0.00117987,"2017-10-01 12:25:00"
IOP,0.00117987,"2017-10-01 12:30:00"
IOP,0.00119037,"2017-10-01 12:35:00"
IOP,0.0012,"2017-10-01 12:40:00"
IOP,0.0011866,"2017-10-01 12:45:00"
IOP,0.001179,"2017-10-01 12:50:00"
IOP,0.00116,"2017-10-01 12:55:00"
IOP,0.0011898,"2017-10-01 13:00:00"
IOP,0.00118084,"2017-10-01 13:05:00"
IOP,0.0011898,"2017-10-01 13:10:00"
IOP,0.0012,"2017-10-01 13:15:00"
IOP,0.00119,"2017-10-01 13:20:00"
IOP,0.0011879,"2017-10-01 13:25:00"
IOP,0.001197,"2017-10-01 13:30:00"
IOP,0.00119899,"2017-10-01 13:35:00"
IOP,0.00119033,"2017-10-01 13:40:00"
IOP,0.00119999,"2017-10-01 13:45:00"
IOP,0.00120085,"2017-10-01 13:50:00"
IOP,0.0011999,"2017-10-01 13:55:00"
IOP,0.0011999,"2017-10-01 14:00:00"
IOP,0.00119665,"2017-10-01 14:05:00"
IOP,0.0012,"2017-10-01 14:10:00"
IOP,0.0012363,"2017-10-01 14:15:00"
IOP,0.0012241,"2017-10-01 14:20:00"
IOP,0.0012224,"2017-10-01 14:25:00"
IOP,0.00121187,"2017-10-01 14:30:00"
IOP,0.00122362,"2017-10-01 14:35:00"
IOP,0.00121,"2017-10-01 14:40:00"
IOP,0.00122197,"2017-10-01 14:45:00"
IOP,0.00123111,"2017-10-01 14:50:00"
IOP,0.00123114,"2017-10-01 14:55:00"
IOP,0.00122076,"2017-10-01 15:00:00"
IOP,0.0012207,"2017-10-01 15:05:00"
IOP,0.00122115,"2017-10-01 15:10:00"
IOP,0.00122,"2017-10-01 15:15:00"
IOP,0.00119767,"2017-10-01 15:20:00"
IOP,0.00118695,"2017-10-01 15:25:00"
IOP,0.001177,"2017-10-01 15:30:00"
IOP,0.00117523,"2017-10-01 15:35:00"
IOP,0.00120913,"2017-10-01 15:40:00"
IOP,0.00121182,"2017-10-01 15:45:00"
IOP,0.00120947,"2017-10-01 15:50:00"
IOP,0.00121,"2017-10-01 15:55:00"
IOP,0.00119767,"2017-10-01 16:00:00"
IOP,0.00118844,"2017-10-01 16:05:00"
IOP,0.00118,"2017-10-01 16:10:00"
IOP,0.00118959,"2017-10-01 16:15:00"
IOP,0.00119525,"2017-10-01 16:20:00"
IOP,0.00119399,"2017-10-01 16:25:00"
IOP,0.001203,"2017-10-01 16:30:00"
IOP,0.0012045,"2017-10-01 16:35:00"
IOP,0.001216,"2017-10-01 16:45:00"
IOP,0.00119745,"2017-10-01 16:50:00"
IOP,0.001202,"2017-10-01 16:55:00"
IOP,0.00118695,"2017-10-01 17:00:00"
IOP,0.00118,"2017-10-01 17:05:00"
IOP,0.0011821,"2017-10-01 17:10:00"
IOP,0.00118,"2017-10-01 17:15:00"
IOP,0.00118059,"2017-10-01 17:20:00"
IOP,0.00117988,"2017-10-01 17:25:00"
IOP,0.001174,"2017-10-01 17:30:00"
IOP,0.00117153,"2017-10-01 17:35:00"
IOP,0.00117519,"2017-10-01 17:40:00"
IOP,0.00117529,"2017-10-01 17:45:00"
IOP,0.00117528,"2017-10-01 17:50:00"
IOP,0.00118937,"2017-10-01 17:55:00"
IOP,0.00118938,"2017-10-01 18:00:00"
IOP,0.0011867,"2017-10-01 18:05:00"
IOP,0.00118,"2017-10-01 18:10:00"
IOP,0.00117825,"2017-10-01 18:15:00"
IOP,0.00117195,"2017-10-01 18:20:00"
IOP,0.001175,"2017-10-01 18:25:00"
IOP,0.00117101,"2017-10-01 18:30:00"
IOP,0.00118,"2017-10-01 18:35:00"
IOP,0.00118401,"2017-10-01 18:40:00"
IOP,0.00117421,"2017-10-01 18:45:00"
IOP,0.00117,"2017-10-01 18:50:00"
IOP,0.00116002,"2017-10-01 18:55:00"
IOP,0.00116,"2017-10-01 19:00:00"
IOP,0.00115703,"2017-10-01 19:05:00"
IOP,0.00115707,"2017-10-01 19:10:00"
IOP,0.001151,"2017-10-01 19:15:00"
IOP,0.00115055,"2017-10-01 19:20:00"
IOP,0.00115046,"2017-10-01 19:25:00"
IOP,0.00114538,"2017-10-01 19:30:00"
IOP,0.00114003,"2017-10-01 19:35:00"
IOP,0.001135,"2017-10-01 19:40:00"
IOP,0.001145,"2017-10-01 19:45:00"
IOP,0.00114492,"2017-10-01 19:50:00"
IOP,0.001136,"2017-10-01 19:55:00"
IOP,0.00114492,"2017-10-01 20:00:00"
IOP,0.00115,"2017-10-01 20:05:00"
IOP,0.00115781,"2017-10-01 20:10:00"
IOP,0.00115781,"2017-10-01 20:15:00"
IOP,0.00116064,"2017-10-01 20:20:00"
IOP,0.00118524,"2017-10-01 20:25:00"
IOP,0.00118348,"2017-10-01 20:30:00"
IOP,0.001182,"2017-10-01 20:35:00"
IOP,0.00116801,"2017-10-01 20:40:00"
IOP,0.00116599,"2017-10-01 20:45:00"
IOP,0.001164,"2017-10-01 20:50:00"
IOP,0.00116499,"2017-10-01 20:55:00"
IOP,0.00116043,"2017-10-01 21:00:00"
IOP,0.00114837,"2017-10-01 21:05:00"
IOP,0.00116,"2017-10-01 21:10:00"
IOP,0.00116,"2017-10-01 21:15:00"
IOP,0.00116499,"2017-10-01 21:20:00"
IOP,0.00117165,"2017-10-01 21:25:00"
IOP,0.00116995,"2017-10-01 21:30:00"
IOP,0.001171,"2017-10-01 21:35:00"
IOP,0.001171,"2017-10-01 21:40:00"
IOP,0.00116011,"2017-10-01 21:45:00"
IOP,0.00115408,"2017-10-01 21:50:00"
IOP,0.001154,"2017-10-01 21:55:00"
IOP,0.001148,"2017-10-01 22:00:00"
IOP,0.00114838,"2017-10-01 22:05:00"
IOP,0.00114878,"2017-10-01 22:10:00"
IOP,0.00114878,"2017-10-01 22:15:00"
IOP,0.00114417,"2017-10-01 22:20:00"
IOP,0.00113775,"2017-10-01 22:25:00"
IOP,0.001132,"2017-10-01 22:30:00"
IOP,0.00111269,"2017-10-01 22:35:00"
IOP,0.00110002,"2017-10-01 22:40:00"
IOP,0.001099,"2017-10-01 22:45:00"
IOP,0.001099,"2017-10-01 22:50:00"
IOP,0.00109182,"2017-10-01 22:55:00"
IOP,0.0011,"2017-10-01 23:00:00"
IOP,0.00107907,"2017-10-01 23:05:00"
IOP,0.00105368,"2017-10-01 23:10:00"
IOP,0.00107011,"2017-10-01 23:15:00"
IOP,0.001076,"2017-10-01 23:20:00"
IOP,0.00108233,"2017-10-01 23:25:00"
IOP,0.0010785,"2017-10-01 23:30:00"
IOP,0.00107699,"2017-10-01 23:35:00"
IOP,0.00106406,"2017-10-01 23:40:00"
IOP,0.00107699,"2017-10-01 23:45:00"
IOP,0.00108304,"2017-10-01 23:50:00"
IOP,0.00108433,"2017-10-01 23:55:00"
IOP,0.00108647,"2017-10-02 00:00:00"
IOP,0.00108201,"2017-10-02 00:05:00"
IOP,0.0010924,"2017-10-02 00:10:00"
IOP,0.0010937,"2017-10-02 00:15:00"
IOP,0.00109639,"2017-10-02 00:20:00"
IOP,0.0010707,"2017-10-02 00:25:00"
IOP,0.0010485,"2017-10-02 00:30:00"
IOP,0.00104854,"2017-10-02 00:35:00"
IOP,0.00106182,"2017-10-02 00:40:00"
IOP,0.00106596,"2017-10-02 00:45:00"
IOP,0.00106346,"2017-10-02 00:50:00"
IOP,0.00107692,"2017-10-02 00:55:00"
IOP,0.00107415,"2017-10-02 01:00:00"
IOP,0.00105936,"2017-10-02 01:05:00"
IOP,0.00105105,"2017-10-02 01:10:00"
IOP,0.00103479,"2017-10-02 01:15:00"
IOP,0.001031,"2017-10-02 01:20:00"
IOP,0.0010476,"2017-10-02 01:25:00"
IOP,0.0010491,"2017-10-02 01:30:00"
IOP,0.0010491,"2017-10-02 01:35:00"
IOP,0.00103896,"2017-10-02 01:40:00"
IOP,0.00103515,"2017-10-02 01:45:00"
IOP,0.00104617,"2017-10-02 01:50:00"
IOP,0.00102325,"2017-10-02 01:55:00"
IOP,0.00101459,"2017-10-02 02:00:00"
IOP,0.00102753,"2017-10-02 02:05:00"
IOP,0.001025,"2017-10-02 02:10:00"
IOP,0.001024,"2017-10-02 02:15:00"
IOP,0.00103591,"2017-10-02 02:20:00"
IOP,0.00099831,"2017-10-02 02:25:00"
IOP,0.00099454,"2017-10-02 02:30:00"
IOP,0.0010153,"2017-10-02 02:35:00"
IOP,0.0010343,"2017-10-02 02:40:00"
IOP,0.00104317,"2017-10-02 02:45:00"
IOP,0.00104909,"2017-10-02 02:50:00"
IOP,0.00103399,"2017-10-02 02:55:00"
IOP,0.00100693,"2017-10-02 03:00:00"
IOP,0.001011,"2017-10-02 03:05:00"
IOP,0.00099922,"2017-10-02 03:10:00"
IOP,0.00100158,"2017-10-02 03:15:00"
IOP,0.001,"2017-10-02 03:20:00"
IOP,0.001008,"2017-10-02 03:25:00"
IOP,0.00101119,"2017-10-02 03:30:00"
IOP,0.00102,"2017-10-02 03:35:00"
IOP,0.00106959,"2017-10-02 03:40:00"
IOP,0.00104967,"2017-10-02 03:45:00"
IOP,0.00106289,"2017-10-02 03:50:00"
IOP,0.001068,"2017-10-02 03:55:00"
IOP,0.001062,"2017-10-02 04:00:00"
IOP,0.001066,"2017-10-02 04:05:00"
IOP,0.0010501,"2017-10-02 04:10:00"
IOP,0.00104105,"2017-10-02 04:15:00"
IOP,0.00103492,"2017-10-02 04:20:00"
IOP,0.00103492,"2017-10-02 04:25:00"
IOP,0.00104588,"2017-10-02 04:30:00"
IOP,0.00104995,"2017-10-02 04:35:00"
IOP,0.00104961,"2017-10-02 04:40:00"
IOP,0.00104995,"2017-10-02 04:45:00"
IOP,0.00106412,"2017-10-02 04:50:00"
IOP,0.001065,"2017-10-02 04:55:00"
IOP,0.001065,"2017-10-02 05:00:00"
IOP,0.00106806,"2017-10-02 05:05:00"
IOP,0.00107,"2017-10-02 05:10:00"
IOP,0.00108192,"2017-10-02 05:15:00"
IOP,0.00108001,"2017-10-02 05:20:00"
IOP,0.00110011,"2017-10-02 05:25:00"
IOP,0.001092,"2017-10-02 05:30:00"
IOP,0.00110037,"2017-10-02 05:35:00"
IOP,0.00110263,"2017-10-02 05:40:00"
IOP,0.00110263,"2017-10-02 05:45:00"
IOP,0.001092,"2017-10-02 05:50:00"
IOP,0.00106787,"2017-10-02 05:55:00"
IOP,0.00106784,"2017-10-02 06:00:00"
IOP,0.00108657,"2017-10-02 06:05:00"
IOP,0.00107146,"2017-10-02 06:10:00"
IOP,0.00108356,"2017-10-02 06:15:00"
IOP,0.00108,"2017-10-02 06:20:00"
IOP,0.00107147,"2017-10-02 06:25:00"
IOP,0.00108496,"2017-10-02 06:30:00"
IOP,0.001072,"2017-10-02 06:35:00"
IOP,0.001074,"2017-10-02 06:40:00"
IOP,0.00107449,"2017-10-02 06:45:00"
IOP,0.00106234,"2017-10-02 06:50:00"
IOP,0.00106,"2017-10-02 06:55:00"
IOP,0.00106501,"2017-10-02 07:00:00"
IOP,0.001057,"2017-10-02 07:05:00"
IOP,0.00105347,"2017-10-02 07:10:00"
IOP,0.00104864,"2017-10-02 07:15:00"
IOP,0.00104605,"2017-10-02 07:20:00"
IOP,0.001042,"2017-10-02 07:25:00"
IOP,0.0010302,"2017-10-02 07:30:00"
IOP,0.00100003,"2017-10-02 07:35:00"
IOP,0.0009997,"2017-10-02 07:40:00"
IOP,0.00099502,"2017-10-02 07:45:00"
IOP,0.00098804,"2017-10-02 07:50:00"
IOP,0.00100357,"2017-10-02 07:55:00"
IOP,0.00099503,"2017-10-02 08:00:00"
IOP,0.000975,"2017-10-02 08:05:00"
IOP,0.000971,"2017-10-02 08:10:00"
IOP,0.00096745,"2017-10-02 08:15:00"
IOP,0.00097682,"2017-10-02 08:20:00"
IOP,0.00098802,"2017-10-02 08:25:00"
IOP,0.00099494,"2017-10-02 08:30:00"
IOP,0.00099494,"2017-10-02 08:35:00"
IOP,0.00098771,"2017-10-02 08:40:00"
IOP,0.00098238,"2017-10-02 08:45:00"
IOP,0.00096383,"2017-10-02 08:50:00"
IOP,0.00096164,"2017-10-02 08:55:00"
IOP,0.0009596,"2017-10-02 09:00:00"
IOP,0.0009568,"2017-10-02 09:05:00"
IOP,0.00095547,"2017-10-02 09:10:00"
IOP,0.00095677,"2017-10-02 09:15:00"
IOP,0.00095585,"2017-10-02 09:20:00"
IOP,0.000956,"2017-10-02 09:25:00"
IOP,0.00097006,"2017-10-02 09:30:00"
IOP,0.00099326,"2017-10-02 09:35:00"
IOP,0.000991,"2017-10-02 09:40:00"
IOP,0.00099098,"2017-10-02 09:45:00"
IOP,0.00098241,"2017-10-02 09:50:00"
IOP,0.00099097,"2017-10-02 09:55:00"
IOP,0.001,"2017-10-02 10:00:00"
IOP,0.00098248,"2017-10-02 10:05:00"
IOP,0.001,"2017-10-02 10:10:00"
IOP,0.00100092,"2017-10-02 10:15:00"
IOP,0.00100309,"2017-10-02 10:20:00"
IOP,0.00101052,"2017-10-02 10:25:00"
IOP,0.00104575,"2017-10-02 10:30:00"
IOP,0.0010899,"2017-10-02 10:35:00"
IOP,0.00105767,"2017-10-02 10:40:00"
IOP,0.00108,"2017-10-02 10:45:00"
IOP,0.001075,"2017-10-02 10:50:00"
IOP,0.00105851,"2017-10-02 10:55:00"
IOP,0.00103483,"2017-10-02 11:00:00"
IOP,0.00100807,"2017-10-02 11:05:00"
IOP,0.00103452,"2017-10-02 11:10:00"
IOP,0.00102403,"2017-10-02 11:15:00"
IOP,0.00101985,"2017-10-02 11:20:00"
IOP,0.00102009,"2017-10-02 11:25:00"
IOP,0.00100805,"2017-10-02 11:30:00"
IOP,0.00100865,"2017-10-02 11:35:00"
IOP,0.001008,"2017-10-02 11:40:00"
IOP,0.001008,"2017-10-02 11:45:00"
IOP,0.001005,"2017-10-02 11:50:00"
IOP,0.00100096,"2017-10-02 11:55:00"
IOP,0.000998,"2017-10-02 12:00:00"
IOP,0.00099061,"2017-10-02 12:05:00"
IOP,0.00100494,"2017-10-02 12:10:00"
IOP,0.00100798,"2017-10-02 12:15:00"
IOP,0.00102207,"2017-10-02 12:20:00"
IOP,0.00104545,"2017-10-02 12:25:00"
IOP,0.00103554,"2017-10-02 12:30:00"
IOP,0.001026,"2017-10-02 12:35:00"
IOP,0.00104347,"2017-10-02 12:40:00"
IOP,0.00104997,"2017-10-02 12:45:00"
IOP,0.0010755,"2017-10-02 12:50:00"
IOP,0.00108,"2017-10-02 12:55:00"
IOP,0.0010701,"2017-10-02 13:00:00"
IOP,0.00101673,"2017-10-02 13:05:00"
IOP,0.00101,"2017-10-02 13:10:00"
IOP,0.0010165,"2017-10-02 13:15:00"
IOP,0.00101991,"2017-10-02 13:20:00"
IOP,0.00101999,"2017-10-02 13:25:00"
IOP,0.00101532,"2017-10-02 13:30:00"
IOP,0.00100565,"2017-10-02 13:35:00"
IOP,0.00101,"2017-10-02 13:40:00"
IOP,0.00101566,"2017-10-02 13:45:00"
IOP,0.0010082,"2017-10-02 13:50:00"
IOP,0.001,"2017-10-02 13:55:00"
IOP,0.000996,"2017-10-02 14:00:00"
IOP,0.00099001,"2017-10-02 14:05:00"
IOP,0.0009849,"2017-10-02 14:10:00"
IOP,0.000985,"2017-10-02 14:15:00"
IOP,0.00101094,"2017-10-02 14:20:00"
IOP,0.00100986,"2017-10-02 14:25:00"
IOP,0.00099964,"2017-10-02 14:30:00"
IOP,0.000995,"2017-10-02 14:35:00"
IOP,0.000995,"2017-10-02 14:40:00"
IOP,0.00099851,"2017-10-02 14:45:00"
IOP,0.00098566,"2017-10-02 14:50:00"
IOP,0.00098015,"2017-10-02 14:55:00"
IOP,0.00098157,"2017-10-02 15:00:00"
IOP,0.000989,"2017-10-02 15:05:00"
IOP,0.000994,"2017-10-02 15:10:00"
IOP,0.00100871,"2017-10-02 15:15:00"
IOP,0.0010158,"2017-10-02 15:20:00"
IOP,0.0010156,"2017-10-02 15:25:00"
IOP,0.00100017,"2017-10-02 15:30:00"
IOP,0.001,"2017-10-02 15:35:00"
IOP,0.001,"2017-10-02 15:40:00"
IOP,0.00101,"2017-10-02 15:45:00"
IOP,0.001,"2017-10-02 15:50:00"
IOP,0.00099776,"2017-10-02 15:55:00"
IOP,0.00099605,"2017-10-02 16:00:00"
IOP,0.0010097,"2017-10-02 16:05:00"
IOP,0.00100493,"2017-10-02 16:10:00"
IOP,0.000998,"2017-10-02 16:15:00"
IOP,0.000998,"2017-10-02 16:20:00"
IOP,0.0010072,"2017-10-02 16:25:00"
IOP,0.00101116,"2017-10-02 16:30:00"
IOP,0.00101297,"2017-10-02 16:35:00"
IOP,0.00101006,"2017-10-02 16:40:00"
IOP,0.00101999,"2017-10-02 16:45:00"
IOP,0.00101743,"2017-10-02 16:50:00"
IOP,0.00102461,"2017-10-02 16:55:00"
IOP,0.00102849,"2017-10-02 17:00:00"
IOP,0.001025,"2017-10-02 17:05:00"
IOP,0.00102004,"2017-10-02 17:10:00"
IOP,0.00102101,"2017-10-02 17:15:00"
IOP,0.001031,"2017-10-02 17:20:00"
IOP,0.00103225,"2017-10-02 17:25:00"
IOP,0.00103235,"2017-10-02 17:30:00"
IOP,0.00104408,"2017-10-02 17:35:00"
IOP,0.00104408,"2017-10-02 17:40:00"
IOP,0.00103252,"2017-10-02 17:45:00"
IOP,0.00103139,"2017-10-02 17:50:00"
IOP,0.00102029,"2017-10-02 17:55:00"
IOP,0.0010176,"2017-10-02 18:00:00"
IOP,0.001012,"2017-10-02 18:05:00"
IOP,0.00101,"2017-10-02 18:10:00"
IOP,0.00102366,"2017-10-02 18:15:00"
IOP,0.00101,"2017-10-02 18:20:00"
IOP,0.00100002,"2017-10-02 18:25:00"
IOP,0.0010005,"2017-10-02 18:30:00"
IOP,0.00100834,"2017-10-02 18:35:00"
IOP,0.00100835,"2017-10-02 18:40:00"
IOP,0.00100837,"2017-10-02 18:45:00"
IOP,0.0010084,"2017-10-02 18:50:00"
IOP,0.00101,"2017-10-02 18:55:00"
IOP,0.00100299,"2017-10-02 19:00:00"
IOP,0.00099842,"2017-10-02 19:05:00"
IOP,0.00099499,"2017-10-02 19:10:00"
IOP,0.00100839,"2017-10-02 19:15:00"
IOP,0.001,"2017-10-02 19:20:00"
IOP,0.00101221,"2017-10-02 19:25:00"
IOP,0.00103,"2017-10-02 19:30:00"
IOP,0.00101532,"2017-10-02 19:35:00"
IOP,0.0010276,"2017-10-02 19:40:00"
IOP,0.00102759,"2017-10-02 19:45:00"
IOP,0.001045,"2017-10-02 19:50:00"
IOP,0.00102743,"2017-10-02 19:55:00"
IOP,0.00102279,"2017-10-02 20:00:00"
IOP,0.0010237,"2017-10-02 20:05:00"
IOP,0.00101527,"2017-10-02 20:10:00"
IOP,0.00100584,"2017-10-02 20:15:00"
IOP,0.00101291,"2017-10-02 20:20:00"
IOP,0.001014,"2017-10-02 20:25:00"
IOP,0.00100587,"2017-10-02 20:30:00"
IOP,0.001,"2017-10-02 20:35:00"
IOP,0.0009916,"2017-10-02 20:40:00"
IOP,0.00099188,"2017-10-02 20:45:00"
IOP,0.00100003,"2017-10-02 20:50:00"
IOP,0.0009887,"2017-10-02 20:55:00"
IOP,0.00098598,"2017-10-02 21:00:00"
IOP,0.00100504,"2017-10-02 21:05:00"
IOP,0.001037,"2017-10-02 21:10:00"
IOP,0.00101363,"2017-10-02 21:15:00"
IOP,0.00101173,"2017-10-02 21:20:00"
IOP,0.001013,"2017-10-02 21:25:00"
IOP,0.00099622,"2017-10-02 21:30:00"
IOP,0.00099624,"2017-10-02 21:35:00"
IOP,0.00101177,"2017-10-02 21:40:00"
IOP,0.00101177,"2017-10-02 21:45:00"
IOP,0.00100911,"2017-10-02 21:50:00"
IOP,0.001,"2017-10-02 21:55:00"
IOP,0.00100972,"2017-10-02 22:00:00"
IOP,0.0010128,"2017-10-02 22:05:00"
IOP,0.00101304,"2017-10-02 22:10:00"
IOP,0.00100078,"2017-10-02 22:15:00"
IOP,0.00100752,"2017-10-02 22:20:00"
IOP,0.00100051,"2017-10-02 22:25:00"
IOP,0.0010005,"2017-10-02 22:30:00"
IOP,0.001,"2017-10-02 22:35:00"
IOP,0.00099002,"2017-10-02 22:40:00"
IOP,0.00099107,"2017-10-02 22:45:00"
IOP,0.0010139,"2017-10-02 22:50:00"
IOP,0.001005,"2017-10-02 22:55:00"
IOP,0.0010101,"2017-10-02 23:00:00"
IOP,0.0010135,"2017-10-02 23:05:00"
IOP,0.00101406,"2017-10-02 23:10:00"
IOP,0.0010135,"2017-10-02 23:15:00"
IOP,0.0010025,"2017-10-02 23:20:00"
IOP,0.00101771,"2017-10-02 23:25:00"
IOP,0.0010177,"2017-10-02 23:30:00"
IOP,0.0010209,"2017-10-02 23:35:00"
IOP,0.00101661,"2017-10-02 23:40:00"
IOP,0.00100264,"2017-10-02 23:45:00"
IOP,0.00101384,"2017-10-02 23:50:00"
IOP,0.00101446,"2017-10-02 23:55:00"
IOP,0.00101661,"2017-10-03 00:00:00"
IOP,0.00102089,"2017-10-03 00:05:00"
IOP,0.00102276,"2017-10-03 00:10:00"
IOP,0.00102251,"2017-10-03 00:15:00"
IOP,0.0010236,"2017-10-03 00:20:00"
IOP,0.0010225,"2017-10-03 00:25:00"
IOP,0.0010236,"2017-10-03 00:30:00"
IOP,0.0010236,"2017-10-03 00:35:00"
IOP,0.00102499,"2017-10-03 00:40:00"
IOP,0.00101867,"2017-10-03 00:45:00"
IOP,0.001013,"2017-10-03 00:50:00"
IOP,0.001011,"2017-10-03 00:55:00"
IOP,0.00101036,"2017-10-03 01:00:00"
IOP,0.00101001,"2017-10-03 01:05:00"
IOP,0.00100699,"2017-10-03 01:10:00"
IOP,0.00100008,"2017-10-03 01:15:00"
IOP,0.00100073,"2017-10-03 01:20:00"
IOP,0.00100118,"2017-10-03 01:25:00"
IOP,0.00100161,"2017-10-03 01:30:00"
IOP,0.00101,"2017-10-03 01:35:00"
IOP,0.001005,"2017-10-03 01:40:00"
IOP,0.00101,"2017-10-03 01:45:00"
IOP,0.001004,"2017-10-03 01:50:00"
IOP,0.001021,"2017-10-03 01:55:00"
IOP,0.001025,"2017-10-03 02:00:00"
IOP,0.00103,"2017-10-03 02:05:00"
IOP,0.001029,"2017-10-03 02:10:00"
IOP,0.0010398,"2017-10-03 02:15:00"
IOP,0.00106087,"2017-10-03 02:20:00"
IOP,0.001075,"2017-10-03 02:25:00"
IOP,0.00108673,"2017-10-03 02:30:00"
IOP,0.00105727,"2017-10-03 02:35:00"
IOP,0.00105999,"2017-10-03 02:40:00"
IOP,0.00106888,"2017-10-03 02:45:00"
IOP,0.00107842,"2017-10-03 02:50:00"
IOP,0.00109489,"2017-10-03 02:55:00"
IOP,0.00116001,"2017-10-03 03:00:00"
IOP,0.00113009,"2017-10-03 03:05:00"
IOP,0.00116999,"2017-10-03 03:10:00"
IOP,0.00115167,"2017-10-03 03:15:00"
IOP,0.00117555,"2017-10-03 03:20:00"
IOP,0.00115991,"2017-10-03 03:25:00"
IOP,0.00114,"2017-10-03 03:30:00"
IOP,0.0011238,"2017-10-03 03:35:00"
IOP,0.00115197,"2017-10-03 03:40:00"
IOP,0.00120425,"2017-10-03 03:45:00"
IOP,0.0012,"2017-10-03 03:50:00"
IOP,0.00119792,"2017-10-03 03:55:00"
IOP,0.00120567,"2017-10-03 04:00:00"
IOP,0.001173,"2017-10-03 04:05:00"
IOP,0.00118672,"2017-10-03 04:10:00"
IOP,0.00118,"2017-10-03 04:15:00"
IOP,0.00116993,"2017-10-03 04:20:00"
IOP,0.00116846,"2017-10-03 04:25:00"
IOP,0.0011561,"2017-10-03 04:30:00"
IOP,0.0011865,"2017-10-03 04:35:00"
IOP,0.0012,"2017-10-03 04:40:00"
IOP,0.00118997,"2017-10-03 04:45:00"
IOP,0.00118927,"2017-10-03 04:50:00"
IOP,0.00117937,"2017-10-03 04:55:00"
IOP,0.00119027,"2017-10-03 05:00:00"
IOP,0.001206,"2017-10-03 05:05:00"
IOP,0.001237,"2017-10-03 05:10:00"
IOP,0.00122,"2017-10-03 05:15:00"
IOP,0.00123499,"2017-10-03 05:20:00"
IOP,0.00122529,"2017-10-03 05:25:00"
IOP,0.00122732,"2017-10-03 05:30:00"
IOP,0.00122501,"2017-10-03 05:35:00"
IOP,0.0012,"2017-10-03 05:40:00"
IOP,0.00120967,"2017-10-03 05:45:00"
IOP,0.0012275,"2017-10-03 05:50:00"
IOP,0.0012322,"2017-10-03 05:55:00"
IOP,0.00122997,"2017-10-03 06:00:00"
IOP,0.0012045,"2017-10-03 06:05:00"
IOP,0.0012042,"2017-10-03 06:10:00"
IOP,0.00122218,"2017-10-03 06:15:00"
IOP,0.0012289,"2017-10-03 06:20:00"
IOP,0.00121299,"2017-10-03 06:25:00"
IOP,0.00120242,"2017-10-03 06:30:00"
IOP,0.0012171,"2017-10-03 06:35:00"
IOP,0.00121709,"2017-10-03 06:40:00"
IOP,0.0012,"2017-10-03 06:45:00"
IOP,0.00117,"2017-10-03 06:50:00"
IOP,0.00119,"2017-10-03 06:55:00"
IOP,0.00119002,"2017-10-03 07:00:00"
IOP,0.00118007,"2017-10-03 07:05:00"
IOP,0.00116502,"2017-10-03 07:10:00"
IOP,0.00116958,"2017-10-03 07:15:00"
IOP,0.00116524,"2017-10-03 07:20:00"
IOP,0.00116888,"2017-10-03 07:25:00"
IOP,0.00116601,"2017-10-03 07:30:00"
IOP,0.0011842,"2017-10-03 07:35:00"
IOP,0.00117571,"2017-10-03 07:40:00"
IOP,0.001155,"2017-10-03 07:45:00"
IOP,0.00112954,"2017-10-03 07:50:00"
IOP,0.0011285,"2017-10-03 07:55:00"
IOP,0.00112646,"2017-10-03 08:00:00"
IOP,0.00112449,"2017-10-03 08:05:00"
IOP,0.00114507,"2017-10-03 08:10:00"
IOP,0.00114563,"2017-10-03 08:15:00"
IOP,0.00114457,"2017-10-03 08:20:00"
IOP,0.00113317,"2017-10-03 08:25:00"
IOP,0.00113316,"2017-10-03 08:30:00"
IOP,0.00113401,"2017-10-03 08:35:00"
IOP,0.00116171,"2017-10-03 08:40:00"
IOP,0.001173,"2017-10-03 08:45:00"
IOP,0.00119,"2017-10-03 08:50:00"
IOP,0.00119999,"2017-10-03 08:55:00"
IOP,0.00119999,"2017-10-03 09:00:00"
IOP,0.0011899,"2017-10-03 09:05:00"
IOP,0.00118116,"2017-10-03 09:10:00"
IOP,0.00117965,"2017-10-03 09:15:00"
IOP,0.00117963,"2017-10-03 09:20:00"
IOP,0.0011845,"2017-10-03 09:25:00"
IOP,0.001184,"2017-10-03 09:30:00"
IOP,0.00118301,"2017-10-03 09:35:00"
IOP,0.00117032,"2017-10-03 09:40:00"
IOP,0.001153,"2017-10-03 09:45:00"
IOP,0.00114858,"2017-10-03 09:50:00"
IOP,0.00114767,"2017-10-03 09:55:00"
IOP,0.00114867,"2017-10-03 10:00:00"
IOP,0.00116599,"2017-10-03 10:05:00"
IOP,0.00117693,"2017-10-03 10:10:00"
IOP,0.00117384,"2017-10-03 10:15:00"
IOP,0.0011655,"2017-10-03 10:20:00"
IOP,0.001169,"2017-10-03 10:25:00"
IOP,0.00117384,"2017-10-03 10:30:00"
IOP,0.0011695,"2017-10-03 10:35:00"
IOP,0.0011655,"2017-10-03 10:40:00"
IOP,0.001172,"2017-10-03 10:45:00"
IOP,0.00115414,"2017-10-03 10:50:00"
IOP,0.00114744,"2017-10-03 10:55:00"
IOP,0.00114012,"2017-10-03 11:00:00"
IOP,0.00113779,"2017-10-03 11:05:00"
IOP,0.001125,"2017-10-03 11:10:00"
IOP,0.00112501,"2017-10-03 11:15:00"
IOP,0.00112222,"2017-10-03 11:20:00"
IOP,0.00111299,"2017-10-03 11:25:00"
IOP,0.00111302,"2017-10-03 11:30:00"
IOP,0.00112,"2017-10-03 11:35:00"
IOP,0.00113779,"2017-10-03 11:40:00"
IOP,0.00112001,"2017-10-03 11:45:00"
IOP,0.00111222,"2017-10-03 11:50:00"
IOP,0.0011297,"2017-10-03 11:55:00"
IOP,0.0011444,"2017-10-03 12:00:00"
IOP,0.0011448,"2017-10-03 12:05:00"
IOP,0.001139,"2017-10-03 12:10:00"
IOP,0.0011297,"2017-10-03 12:15:00"
IOP,0.00111112,"2017-10-03 12:20:00"
IOP,0.00111258,"2017-10-03 12:25:00"
IOP,0.00111099,"2017-10-03 12:30:00"
IOP,0.00111099,"2017-10-03 12:35:00"
IOP,0.0011078,"2017-10-03 12:40:00"
IOP,0.00112,"2017-10-03 12:45:00"
IOP,0.00112675,"2017-10-03 12:50:00"
IOP,0.00114,"2017-10-03 12:55:00"
IOP,0.00113543,"2017-10-03 13:00:00"
IOP,0.00113849,"2017-10-03 13:05:00"
IOP,0.0011405,"2017-10-03 13:10:00"
IOP,0.0011405,"2017-10-03 13:15:00"
IOP,0.0011371,"2017-10-03 13:20:00"
IOP,0.0011371,"2017-10-03 13:25:00"
IOP,0.0011371,"2017-10-03 13:30:00"
IOP,0.00114489,"2017-10-03 13:35:00"
IOP,0.00115,"2017-10-03 13:40:00"
IOP,0.00115595,"2017-10-03 13:45:00"
IOP,0.00116914,"2017-10-03 13:50:00"
IOP,0.00117146,"2017-10-03 13:55:00"
IOP,0.0011704,"2017-10-03 14:00:00"
IOP,0.00116032,"2017-10-03 14:05:00"
IOP,0.00115,"2017-10-03 14:10:00"
IOP,0.00115001,"2017-10-03 14:15:00"
IOP,0.0011542,"2017-10-03 14:20:00"
IOP,0.00116982,"2017-10-03 14:25:00"
IOP,0.001169,"2017-10-03 14:30:00"
IOP,0.0011585,"2017-10-03 14:35:00"
IOP,0.0011548,"2017-10-03 14:40:00"
IOP,0.00114315,"2017-10-03 14:45:00"
IOP,0.00114315,"2017-10-03 14:50:00"
IOP,0.00114722,"2017-10-03 14:55:00"
IOP,0.00116,"2017-10-03 15:00:00"
IOP,0.00114723,"2017-10-03 15:05:00"
IOP,0.00114722,"2017-10-03 15:10:00"
IOP,0.00114494,"2017-10-03 15:15:00"
IOP,0.00114494,"2017-10-03 15:20:00"
IOP,0.00115637,"2017-10-03 15:25:00"
IOP,0.00116,"2017-10-03 15:30:00"
IOP,0.00116,"2017-10-03 15:35:00"
IOP,0.00116517,"2017-10-03 15:40:00"
IOP,0.00116618,"2017-10-03 15:45:00"
IOP,0.001158,"2017-10-03 15:50:00"
IOP,0.001158,"2017-10-03 15:55:00"
IOP,0.00117,"2017-10-03 16:00:00"
IOP,0.00117104,"2017-10-03 16:05:00"
IOP,0.00118125,"2017-10-03 16:10:00"
IOP,0.00117998,"2017-10-03 16:15:00"
IOP,0.00117,"2017-10-03 16:20:00"
IOP,0.001175,"2017-10-03 16:25:00"
IOP,0.00117883,"2017-10-03 16:30:00"
IOP,0.00118224,"2017-10-03 16:35:00"
IOP,0.00117101,"2017-10-03 16:40:00"
IOP,0.00118,"2017-10-03 16:45:00"
IOP,0.00118699,"2017-10-03 16:50:00"
IOP,0.00120138,"2017-10-03 16:55:00"
IOP,0.00119173,"2017-10-03 17:00:00"
IOP,0.00118931,"2017-10-03 17:05:00"
IOP,0.00117102,"2017-10-03 17:10:00"
IOP,0.00117342,"2017-10-03 17:15:00"
IOP,0.00118499,"2017-10-03 17:20:00"
IOP,0.00117748,"2017-10-03 17:25:00"
IOP,0.001175,"2017-10-03 17:30:00"
IOP,0.00117748,"2017-10-03 17:35:00"
IOP,0.00118997,"2017-10-03 17:40:00"
IOP,0.00119302,"2017-10-03 17:45:00"
IOP,0.00120343,"2017-10-03 17:50:00"
IOP,0.00120184,"2017-10-03 17:55:00"
IOP,0.001225,"2017-10-03 18:00:00"
IOP,0.00122001,"2017-10-03 18:05:00"
IOP,0.0011999,"2017-10-03 18:10:00"
IOP,0.0012,"2017-10-03 18:15:00"
IOP,0.0012126,"2017-10-03 18:20:00"
IOP,0.00121693,"2017-10-03 18:25:00"
IOP,0.001235,"2017-10-03 18:30:00"
IOP,0.001244,"2017-10-03 18:35:00"
IOP,0.00124676,"2017-10-03 18:40:00"
IOP,0.001252,"2017-10-03 18:45:00"
IOP,0.00125134,"2017-10-03 18:50:00"
IOP,0.00123291,"2017-10-03 18:55:00"
IOP,0.001232,"2017-10-03 19:00:00"
IOP,0.00123608,"2017-10-03 19:05:00"
IOP,0.001225,"2017-10-03 19:10:00"
IOP,0.0012372,"2017-10-03 19:15:00"
IOP,0.00125048,"2017-10-03 19:20:00"
IOP,0.00126365,"2017-10-03 19:25:00"
IOP,0.00125,"2017-10-03 19:30:00"
IOP,0.00124888,"2017-10-03 19:35:00"
IOP,0.00124461,"2017-10-03 19:40:00"
IOP,0.00125418,"2017-10-03 19:45:00"
IOP,0.00126,"2017-10-03 19:50:00"
IOP,0.00127,"2017-10-03 19:55:00"
IOP,0.001274,"2017-10-03 20:00:00"
IOP,0.00129179,"2017-10-03 20:05:00"
IOP,0.001264,"2017-10-03 20:10:00"
IOP,0.00128515,"2017-10-03 20:15:00"
IOP,0.0012899,"2017-10-03 20:20:00"
IOP,0.0012685,"2017-10-03 20:25:00"
IOP,0.00128,"2017-10-03 20:30:00"
IOP,0.001283,"2017-10-03 20:35:00"
IOP,0.0012665,"2017-10-03 20:40:00"
IOP,0.0012666,"2017-10-03 20:45:00"
IOP,0.0012615,"2017-10-03 20:50:00"
IOP,0.0012431,"2017-10-03 20:55:00"
IOP,0.00123746,"2017-10-03 21:00:00"
IOP,0.00124629,"2017-10-03 21:05:00"
IOP,0.00126821,"2017-10-03 21:10:00"
IOP,0.00124362,"2017-10-03 21:15:00"
IOP,0.00125709,"2017-10-03 21:20:00"
IOP,0.001263,"2017-10-03 21:25:00"
IOP,0.00125917,"2017-10-03 21:30:00"
IOP,0.00125353,"2017-10-03 21:35:00"
IOP,0.0012362,"2017-10-03 21:40:00"
IOP,0.00122847,"2017-10-03 21:45:00"
IOP,0.0012277,"2017-10-03 21:50:00"
IOP,0.00122847,"2017-10-03 21:55:00"
IOP,0.00122792,"2017-10-03 22:00:00"
IOP,0.00121234,"2017-10-03 22:05:00"
IOP,0.0012129,"2017-10-03 22:10:00"
IOP,0.00120134,"2017-10-03 22:15:00"
IOP,0.00119,"2017-10-03 22:20:00"
IOP,0.0012189,"2017-10-03 22:25:00"
IOP,0.00121903,"2017-10-03 22:30:00"
IOP,0.00121379,"2017-10-03 22:35:00"
IOP,0.00120895,"2017-10-03 22:40:00"
IOP,0.0012,"2017-10-03 22:45:00"
IOP,0.00119893,"2017-10-03 22:50:00"
IOP,0.001212,"2017-10-03 22:55:00"
IOP,0.001226,"2017-10-03 23:00:00"
IOP,0.00122835,"2017-10-03 23:05:00"
IOP,0.00124139,"2017-10-03 23:10:00"
IOP,0.00126385,"2017-10-03 23:15:00"
IOP,0.00124939,"2017-10-03 23:20:00"
IOP,0.00125,"2017-10-03 23:25:00"
IOP,0.001244,"2017-10-03 23:30:00"
IOP,0.0012466,"2017-10-03 23:35:00"
IOP,0.00126024,"2017-10-03 23:40:00"
IOP,0.00126573,"2017-10-03 23:45:00"
IOP,0.00125001,"2017-10-03 23:50:00"
IOP,0.0012611,"2017-10-03 23:55:00"
IOP,0.00126,"2017-10-04 00:00:00"
IOP,0.001263,"2017-10-04 00:05:00"
IOP,0.001267,"2017-10-04 00:10:00"
IOP,0.00126359,"2017-10-04 00:15:00"
IOP,0.00127056,"2017-10-04 00:20:00"
IOP,0.00127,"2017-10-04 00:25:00"
IOP,0.00125894,"2017-10-04 00:30:00"
IOP,0.00125859,"2017-10-04 00:35:00"
IOP,0.00125,"2017-10-04 00:40:00"
IOP,0.001254,"2017-10-04 00:45:00"
IOP,0.00125582,"2017-10-04 00:50:00"
IOP,0.0012586,"2017-10-04 00:55:00"
IOP,0.0012627,"2017-10-04 01:00:00"
IOP,0.00125266,"2017-10-04 01:05:00"
IOP,0.00124692,"2017-10-04 01:10:00"
IOP,0.00124899,"2017-10-04 01:15:00"
IOP,0.00123649,"2017-10-04 01:20:00"
IOP,0.00123104,"2017-10-04 01:25:00"
IOP,0.00122101,"2017-10-04 01:30:00"
IOP,0.0012189,"2017-10-04 01:35:00"
IOP,0.0012435,"2017-10-04 01:40:00"
IOP,0.00124941,"2017-10-04 01:45:00"
IOP,0.00126501,"2017-10-04 01:50:00"
IOP,0.001259,"2017-10-04 01:55:00"
IOP,0.00124856,"2017-10-04 02:00:00"
IOP,0.00123998,"2017-10-04 02:05:00"
IOP,0.00124033,"2017-10-04 02:10:00"
IOP,0.00124017,"2017-10-04 02:15:00"
IOP,0.00123214,"2017-10-04 02:20:00"
IOP,0.00123176,"2017-10-04 02:25:00"
IOP,0.001233,"2017-10-04 02:30:00"
IOP,0.00122503,"2017-10-04 02:35:00"
IOP,0.001222,"2017-10-04 02:40:00"
IOP,0.0012,"2017-10-04 02:45:00"
IOP,0.00121499,"2017-10-04 02:50:00"
IOP,0.00121802,"2017-10-04 02:55:00"
IOP,0.00121803,"2017-10-04 03:00:00"
IOP,0.00122389,"2017-10-04 03:05:00"
IOP,0.00122298,"2017-10-04 03:10:00"
IOP,0.00121803,"2017-10-04 03:15:00"
IOP,0.00121805,"2017-10-04 03:20:00"
IOP,0.00122295,"2017-10-04 03:25:00"
IOP,0.001201,"2017-10-04 03:30:00"
IOP,0.00120612,"2017-10-04 03:35:00"
IOP,0.00120613,"2017-10-04 03:40:00"
IOP,0.00120612,"2017-10-04 03:45:00"
IOP,0.0012022,"2017-10-04 03:50:00"
IOP,0.00119959,"2017-10-04 03:55:00"
IOP,0.00120219,"2017-10-04 04:00:00"
IOP,0.001205,"2017-10-04 04:05:00"
IOP,0.00120612,"2017-10-04 04:10:00"
IOP,0.00120997,"2017-10-04 04:15:00"
IOP,0.00121853,"2017-10-04 04:20:00"
IOP,0.00122157,"2017-10-04 04:25:00"
IOP,0.0012241,"2017-10-04 04:30:00"
IOP,0.00123612,"2017-10-04 04:35:00"
IOP,0.00123902,"2017-10-04 04:40:00"
IOP,0.00123685,"2017-10-04 04:45:00"
IOP,0.00122,"2017-10-04 04:50:00"
IOP,0.00120912,"2017-10-04 04:55:00"
IOP,0.00121224,"2017-10-04 05:00:00"
IOP,0.00121305,"2017-10-04 05:05:00"
IOP,0.00120493,"2017-10-04 05:10:00"
IOP,0.00120002,"2017-10-04 05:15:00"
IOP,0.00119954,"2017-10-04 05:20:00"
IOP,0.00121289,"2017-10-04 05:25:00"
IOP,0.00119912,"2017-10-04 05:30:00"
IOP,0.00119812,"2017-10-04 05:35:00"
IOP,0.00121288,"2017-10-04 05:40:00"
IOP,0.001213,"2017-10-04 05:45:00"
IOP,0.00122113,"2017-10-04 05:50:00"
IOP,0.00123214,"2017-10-04 05:55:00"
IOP,0.00122177,"2017-10-04 06:00:00"
IOP,0.00120071,"2017-10-04 06:05:00"
IOP,0.001205,"2017-10-04 06:10:00"
IOP,0.00119036,"2017-10-04 06:15:00"
IOP,0.00118998,"2017-10-04 06:20:00"
IOP,0.00118999,"2017-10-04 06:25:00"
IOP,0.0011843,"2017-10-04 06:30:00"
IOP,0.001182,"2017-10-04 06:35:00"
IOP,0.0012,"2017-10-04 06:40:00"
IOP,0.00120182,"2017-10-04 06:45:00"
IOP,0.00120109,"2017-10-04 06:50:00"
IOP,0.00120754,"2017-10-04 06:55:00"
IOP,0.001209,"2017-10-04 07:00:00"
IOP,0.0012091,"2017-10-04 07:05:00"
IOP,0.0012146,"2017-10-04 07:10:00"
IOP,0.00120746,"2017-10-04 07:15:00"
IOP,0.00119975,"2017-10-04 07:20:00"
IOP,0.00119573,"2017-10-04 07:25:00"
IOP,0.00118506,"2017-10-04 07:30:00"
IOP,0.00119,"2017-10-04 07:35:00"
IOP,0.00118483,"2017-10-04 07:40:00"
IOP,0.00117699,"2017-10-04 07:45:00"
IOP,0.00117003,"2017-10-04 07:50:00"
IOP,0.001178,"2017-10-04 07:55:00"
IOP,0.00118301,"2017-10-04 08:00:00"
IOP,0.00118315,"2017-10-04 08:05:00"
IOP,0.00119349,"2017-10-04 08:10:00"
IOP,0.00119,"2017-10-04 08:15:00"
IOP,0.00117751,"2017-10-04 08:20:00"
IOP,0.00116757,"2017-10-04 08:25:00"
IOP,0.00116716,"2017-10-04 08:30:00"
IOP,0.001167,"2017-10-04 08:35:00"
IOP,0.00116705,"2017-10-04 08:40:00"
IOP,0.001175,"2017-10-04 08:45:00"
IOP,0.00118503,"2017-10-04 08:50:00"
IOP,0.0011845,"2017-10-04 08:55:00"
IOP,0.00118391,"2017-10-04 09:00:00"
IOP,0.0011786,"2017-10-04 09:05:00"
IOP,0.00117504,"2017-10-04 09:10:00"
IOP,0.00117503,"2017-10-04 09:15:00"
IOP,0.00117504,"2017-10-04 09:20:00"
IOP,0.00118023,"2017-10-04 09:25:00"
IOP,0.00118391,"2017-10-04 09:30:00"
IOP,0.0011803,"2017-10-04 09:35:00"
IOP,0.00118389,"2017-10-04 09:40:00"
IOP,0.00118025,"2017-10-04 09:45:00"
IOP,0.0011815,"2017-10-04 09:50:00"
IOP,0.00118508,"2017-10-04 09:55:00"
IOP,0.00118508,"2017-10-04 10:00:00"
IOP,0.00119517,"2017-10-04 10:05:00"
IOP,0.00120345,"2017-10-04 10:10:00"
IOP,0.001204,"2017-10-04 10:15:00"
IOP,0.00120367,"2017-10-04 10:20:00"
IOP,0.00119223,"2017-10-04 10:25:00"
IOP,0.00120223,"2017-10-04 10:30:00"
IOP,0.0012,"2017-10-04 10:35:00"
IOP,0.00120317,"2017-10-04 10:40:00"
IOP,0.00120566,"2017-10-04 10:45:00"
IOP,0.00121399,"2017-10-04 10:50:00"
IOP,0.00121406,"2017-10-04 10:55:00"
IOP,0.00121499,"2017-10-04 11:00:00"
IOP,0.00121703,"2017-10-04 11:05:00"
IOP,0.00121797,"2017-10-04 11:10:00"
IOP,0.00119415,"2017-10-04 11:15:00"
IOP,0.00118536,"2017-10-04 11:20:00"
IOP,0.00118791,"2017-10-04 11:25:00"
IOP,0.00117916,"2017-10-04 11:30:00"
IOP,0.00118671,"2017-10-04 11:35:00"
IOP,0.00117915,"2017-10-04 11:40:00"
IOP,0.00116381,"2017-10-04 11:45:00"
IOP,0.00115498,"2017-10-04 11:50:00"
IOP,0.001169,"2017-10-04 11:55:00"
IOP,0.001169,"2017-10-04 12:00:00"
IOP,0.00116801,"2017-10-04 12:05:00"
IOP,0.00116889,"2017-10-04 12:10:00"
IOP,0.0011501,"2017-10-04 12:15:00"
IOP,0.00115452,"2017-10-04 12:20:00"
IOP,0.0011556,"2017-10-04 12:25:00"
IOP,0.00115001,"2017-10-04 12:30:00"
IOP,0.00114678,"2017-10-04 12:35:00"
IOP,0.00112999,"2017-10-04 12:40:00"
IOP,0.00113,"2017-10-04 12:45:00"
IOP,0.001135,"2017-10-04 12:50:00"
IOP,0.00115,"2017-10-04 12:55:00"
IOP,0.00115,"2017-10-04 13:00:00"
IOP,0.001123,"2017-10-04 13:05:00"
IOP,0.0011429,"2017-10-04 13:10:00"
IOP,0.00113805,"2017-10-04 13:15:00"
IOP,0.001138,"2017-10-04 13:20:00"
IOP,0.00114,"2017-10-04 13:25:00"
IOP,0.00113991,"2017-10-04 13:30:00"
IOP,0.00114105,"2017-10-04 13:35:00"
IOP,0.00115222,"2017-10-04 13:40:00"
IOP,0.00115755,"2017-10-04 13:45:00"
IOP,0.00118,"2017-10-04 13:50:00"
IOP,0.001178,"2017-10-04 13:55:00"
IOP,0.0011741,"2017-10-04 14:00:00"
IOP,0.00118,"2017-10-04 14:05:00"
IOP,0.0011753,"2017-10-04 14:10:00"
IOP,0.0011741,"2017-10-04 14:15:00"
IOP,0.00115758,"2017-10-04 14:20:00"
IOP,0.00115333,"2017-10-04 14:25:00"
IOP,0.00115,"2017-10-04 14:30:00"
IOP,0.001144,"2017-10-04 14:35:00"
IOP,0.00114302,"2017-10-04 14:40:00"
IOP,0.00113036,"2017-10-04 14:45:00"
IOP,0.00112606,"2017-10-04 14:50:00"
IOP,0.00112,"2017-10-04 14:55:00"
IOP,0.00111114,"2017-10-04 15:00:00"
IOP,0.00111773,"2017-10-04 15:05:00"
IOP,0.00113145,"2017-10-04 15:10:00"
IOP,0.00113708,"2017-10-04 15:15:00"
IOP,0.00115318,"2017-10-04 15:20:00"
IOP,0.00113957,"2017-10-04 15:25:00"
IOP,0.00114001,"2017-10-04 15:30:00"
IOP,0.00113392,"2017-10-04 15:35:00"
IOP,0.00114099,"2017-10-04 15:40:00"
IOP,0.001154,"2017-10-04 15:45:00"
IOP,0.00114823,"2017-10-04 15:50:00"
IOP,0.001143,"2017-10-04 15:55:00"
IOP,0.0011519,"2017-10-04 16:00:00"
IOP,0.00115396,"2017-10-04 16:05:00"
IOP,0.00115948,"2017-10-04 16:10:00"
IOP,0.00115499,"2017-10-04 16:15:00"
IOP,0.00116041,"2017-10-04 16:20:00"
IOP,0.00115175,"2017-10-04 16:25:00"
IOP,0.00114881,"2017-10-04 16:30:00"
IOP,0.00114549,"2017-10-04 16:35:00"
IOP,0.001148,"2017-10-04 16:40:00"
IOP,0.0011449,"2017-10-04 16:45:00"
IOP,0.0011449,"2017-10-04 16:50:00"
IOP,0.0011394,"2017-10-04 16:55:00"
IOP,0.00113533,"2017-10-04 17:00:00"
IOP,0.001125,"2017-10-04 17:05:00"
IOP,0.00112489,"2017-10-04 17:10:00"
IOP,0.00112,"2017-10-04 17:15:00"
IOP,0.00112489,"2017-10-04 17:20:00"
IOP,0.00112398,"2017-10-04 17:25:00"
IOP,0.00112398,"2017-10-04 17:30:00"
IOP,0.00111899,"2017-10-04 17:35:00"
IOP,0.00111699,"2017-10-04 17:40:00"
IOP,0.00111447,"2017-10-04 17:45:00"
IOP,0.00112361,"2017-10-04 17:50:00"
IOP,0.001145,"2017-10-04 17:55:00"
IOP,0.00113,"2017-10-04 18:00:00"
IOP,0.00112289,"2017-10-04 18:05:00"
IOP,0.00112327,"2017-10-04 18:10:00"
IOP,0.00112257,"2017-10-04 18:15:00"
IOP,0.00112031,"2017-10-04 18:20:00"
IOP,0.001125,"2017-10-04 18:25:00"
IOP,0.00111757,"2017-10-04 18:30:00"
IOP,0.00111669,"2017-10-04 18:35:00"
IOP,0.0011167,"2017-10-04 18:40:00"
IOP,0.00112905,"2017-10-04 18:45:00"
IOP,0.00112011,"2017-10-04 18:50:00"
IOP,0.00112013,"2017-10-04 18:55:00"
IOP,0.00112846,"2017-10-04 19:00:00"
IOP,0.00112625,"2017-10-04 19:05:00"
IOP,0.00112599,"2017-10-04 19:10:00"
IOP,0.0011285,"2017-10-04 19:15:00"
IOP,0.00112706,"2017-10-04 19:20:00"
IOP,0.00113347,"2017-10-04 19:25:00"
IOP,0.001153,"2017-10-04 19:30:00"
IOP,0.00113929,"2017-10-04 19:35:00"
IOP,0.001135,"2017-10-04 19:40:00"
IOP,0.00115347,"2017-10-04 19:45:00"
IOP,0.0011533,"2017-10-04 19:50:00"
IOP,0.00114403,"2017-10-04 19:55:00"
IOP,0.00115037,"2017-10-04 20:00:00"
IOP,0.00114332,"2017-10-04 20:05:00"
IOP,0.001145,"2017-10-04 20:10:00"
IOP,0.00115045,"2017-10-04 20:15:00"
IOP,0.00115045,"2017-10-04 20:20:00"
IOP,0.00115045,"2017-10-04 20:25:00"
IOP,0.00115039,"2017-10-04 20:30:00"
IOP,0.00115039,"2017-10-04 20:35:00"
IOP,0.0011599,"2017-10-04 20:40:00"
IOP,0.00116803,"2017-10-04 20:45:00"
IOP,0.00116999,"2017-10-04 20:50:00"
IOP,0.00117401,"2017-10-04 20:55:00"
IOP,0.0011742,"2017-10-04 21:00:00"
IOP,0.00116832,"2017-10-04 21:05:00"
IOP,0.00115779,"2017-10-04 21:10:00"
IOP,0.00115074,"2017-10-04 21:15:00"
IOP,0.00116201,"2017-10-04 21:20:00"
IOP,0.00116799,"2017-10-04 21:25:00"
IOP,0.0011738,"2017-10-04 21:30:00"
IOP,0.00116858,"2017-10-04 21:35:00"
IOP,0.00116068,"2017-10-04 21:40:00"
IOP,0.00117,"2017-10-04 21:45:00"
IOP,0.00117175,"2017-10-04 21:50:00"
IOP,0.00117175,"2017-10-04 21:55:00"
IOP,0.00117175,"2017-10-04 22:00:00"
IOP,0.001178,"2017-10-04 22:05:00"
IOP,0.00117996,"2017-10-04 22:10:00"
IOP,0.00117,"2017-10-04 22:15:00"
IOP,0.0011875,"2017-10-04 22:20:00"
IOP,0.0011855,"2017-10-04 22:25:00"
IOP,0.0011875,"2017-10-04 22:30:00"
IOP,0.0011883,"2017-10-04 22:35:00"
IOP,0.0011885,"2017-10-04 22:40:00"
IOP,0.00118866,"2017-10-04 22:45:00"
IOP,0.0011886,"2017-10-04 22:50:00"
IOP,0.00118999,"2017-10-04 22:55:00"
IOP,0.001192,"2017-10-04 23:00:00"
IOP,0.00119767,"2017-10-04 23:05:00"
IOP,0.0012,"2017-10-04 23:10:00"
IOP,0.001194,"2017-10-04 23:15:00"
IOP,0.00117931,"2017-10-04 23:20:00"
IOP,0.00117034,"2017-10-04 23:25:00"
IOP,0.00116999,"2017-10-04 23:30:00"
IOP,0.00116998,"2017-10-04 23:35:00"
IOP,0.0011674,"2017-10-04 23:40:00"
IOP,0.00116249,"2017-10-04 23:45:00"
IOP,0.00116203,"2017-10-04 23:50:00"
IOP,0.00115957,"2017-10-04 23:55:00"
IOP,0.00116157,"2017-10-05 00:00:00"
IOP,0.00115822,"2017-10-05 00:05:00"
IOP,0.00115137,"2017-10-05 00:10:00"
IOP,0.00115138,"2017-10-05 00:15:00"
IOP,0.00115138,"2017-10-05 00:20:00"
IOP,0.00116425,"2017-10-05 00:25:00"
IOP,0.00116346,"2017-10-05 00:30:00"
IOP,0.00116346,"2017-10-05 00:35:00"
IOP,0.00116372,"2017-10-05 00:40:00"
IOP,0.00116781,"2017-10-05 00:45:00"
IOP,0.00116975,"2017-10-05 00:50:00"
IOP,0.00116698,"2017-10-05 00:55:00"
IOP,0.001161,"2017-10-05 01:00:00"
IOP,0.00115238,"2017-10-05 01:05:00"
IOP,0.00115285,"2017-10-05 01:10:00"
IOP,0.00115238,"2017-10-05 01:15:00"
IOP,0.00115285,"2017-10-05 01:20:00"
IOP,0.00115613,"2017-10-05 01:25:00"
IOP,0.00115614,"2017-10-05 01:30:00"
IOP,0.00115508,"2017-10-05 01:35:00"
IOP,0.001155,"2017-10-05 01:40:00"
IOP,0.0011514,"2017-10-05 01:45:00"
IOP,0.00115001,"2017-10-05 01:50:00"
IOP,0.0011514,"2017-10-05 01:55:00"
IOP,0.00115979,"2017-10-05 02:00:00"
IOP,0.00115982,"2017-10-05 02:05:00"
IOP,0.00115982,"2017-10-05 02:10:00"
IOP,0.00116,"2017-10-05 02:15:00"
IOP,0.00115982,"2017-10-05 02:20:00"
IOP,0.00115247,"2017-10-05 02:25:00"
IOP,0.00114537,"2017-10-05 02:30:00"
IOP,0.00114,"2017-10-05 02:35:00"
IOP,0.00113607,"2017-10-05 02:40:00"
IOP,0.00114,"2017-10-05 02:45:00"
IOP,0.00113407,"2017-10-05 02:50:00"
IOP,0.00112653,"2017-10-05 02:55:00"
IOP,0.001133,"2017-10-05 03:00:00"
IOP,0.00113,"2017-10-05 03:05:00"
IOP,0.00114201,"2017-10-05 03:10:00"
IOP,0.0011555,"2017-10-05 03:15:00"
IOP,0.00115687,"2017-10-05 03:20:00"
IOP,0.00115999,"2017-10-05 03:25:00"
IOP,0.0011484,"2017-10-05 03:30:00"
IOP,0.0011484,"2017-10-05 03:35:00"
IOP,0.00114725,"2017-10-05 03:40:00"
IOP,0.00114003,"2017-10-05 03:45:00"
IOP,0.00115,"2017-10-05 03:50:00"
IOP,0.00114,"2017-10-05 03:55:00"
IOP,0.00112395,"2017-10-05 04:00:00"
IOP,0.001123,"2017-10-05 04:05:00"
IOP,0.00112,"2017-10-05 04:10:00"
IOP,0.00111,"2017-10-05 04:15:00"
IOP,0.0011101,"2017-10-05 04:20:00"
IOP,0.0011077,"2017-10-05 04:25:00"
IOP,0.00111901,"2017-10-05 04:30:00"
IOP,0.00112832,"2017-10-05 04:35:00"
IOP,0.001132,"2017-10-05 04:40:00"
IOP,0.00113277,"2017-10-05 04:45:00"
IOP,0.00113366,"2017-10-05 04:50:00"
IOP,0.00113378,"2017-10-05 04:55:00"
IOP,0.0011355,"2017-10-05 05:00:00"
IOP,0.0011385,"2017-10-05 05:05:00"
IOP,0.001132,"2017-10-05 05:10:00"
IOP,0.001139,"2017-10-05 05:15:00"
IOP,0.001139,"2017-10-05 05:20:00"
IOP,0.00113789,"2017-10-05 05:25:00"
IOP,0.001132,"2017-10-05 05:30:00"
IOP,0.00111775,"2017-10-05 05:35:00"
IOP,0.00111483,"2017-10-05 05:40:00"
IOP,0.00111331,"2017-10-05 05:45:00"
IOP,0.00111105,"2017-10-05 05:50:00"
IOP,0.00111106,"2017-10-05 05:55:00"
IOP,0.00111106,"2017-10-05 06:00:00"
IOP,0.00110249,"2017-10-05 06:05:00"
IOP,0.00111102,"2017-10-05 06:10:00"
IOP,0.00109921,"2017-10-05 06:15:00"
IOP,0.001092,"2017-10-05 06:20:00"
IOP,0.0010758,"2017-10-05 06:25:00"
IOP,0.00107738,"2017-10-05 06:30:00"
IOP,0.00108,"2017-10-05 06:35:00"
IOP,0.001102,"2017-10-05 06:40:00"
IOP,0.00110434,"2017-10-05 06:45:00"
IOP,0.00109712,"2017-10-05 06:50:00"
IOP,0.00108764,"2017-10-05 06:55:00"
IOP,0.00108466,"2017-10-05 07:00:00"
IOP,0.00108466,"2017-10-05 07:05:00"
IOP,0.00110391,"2017-10-05 07:10:00"
IOP,0.00110444,"2017-10-05 07:15:00"
IOP,0.00110489,"2017-10-05 07:20:00"
IOP,0.001109,"2017-10-05 07:25:00"
IOP,0.00113322,"2017-10-05 07:30:00"
IOP,0.00113347,"2017-10-05 07:35:00"
IOP,0.0011193,"2017-10-05 07:40:00"
IOP,0.00110506,"2017-10-05 07:45:00"
IOP,0.00110506,"2017-10-05 07:50:00"
IOP,0.00110206,"2017-10-05 07:55:00"
IOP,0.00110506,"2017-10-05 08:00:00"
IOP,0.00110515,"2017-10-05 08:05:00"
IOP,0.00111581,"2017-10-05 08:10:00"
IOP,0.00110605,"2017-10-05 08:15:00"
IOP,0.00111529,"2017-10-05 08:20:00"
IOP,0.00111497,"2017-10-05 08:25:00"
IOP,0.00110111,"2017-10-05 08:30:00"
IOP,0.00111441,"2017-10-05 08:35:00"
IOP,0.00111022,"2017-10-05 08:40:00"
IOP,0.0011011,"2017-10-05 08:45:00"
IOP,0.00110001,"2017-10-05 08:50:00"
IOP,0.00110115,"2017-10-05 08:55:00"
IOP,0.00110115,"2017-10-05 09:00:00"
IOP,0.00110099,"2017-10-05 09:05:00"
IOP,0.00110099,"2017-10-05 09:10:00"
IOP,0.00109544,"2017-10-05 09:15:00"
IOP,0.00108004,"2017-10-05 09:20:00"
IOP,0.00107861,"2017-10-05 09:25:00"
IOP,0.00107874,"2017-10-05 09:30:00"
IOP,0.00109314,"2017-10-05 09:35:00"
IOP,0.00109289,"2017-10-05 09:40:00"
IOP,0.00109011,"2017-10-05 09:45:00"
IOP,0.00108,"2017-10-05 09:50:00"
IOP,0.00107512,"2017-10-05 09:55:00"
IOP,0.00107121,"2017-10-05 10:00:00"
IOP,0.00107122,"2017-10-05 10:05:00"
IOP,0.00108422,"2017-10-05 10:10:00"
IOP,0.00107475,"2017-10-05 10:15:00"
IOP,0.001085,"2017-10-05 10:20:00"
IOP,0.001085,"2017-10-05 10:25:00"
IOP,0.00108849,"2017-10-05 10:30:00"
IOP,0.00108,"2017-10-05 10:35:00"
IOP,0.00108,"2017-10-05 10:40:00"
IOP,0.00107477,"2017-10-05 10:45:00"
IOP,0.00107252,"2017-10-05 10:50:00"
IOP,0.00108,"2017-10-05 10:55:00"
IOP,0.00108058,"2017-10-05 11:00:00"
IOP,0.00107999,"2017-10-05 11:05:00"
IOP,0.00108519,"2017-10-05 11:10:00"
IOP,0.0010885,"2017-10-05 11:15:00"
IOP,0.00108551,"2017-10-05 11:20:00"
IOP,0.0010896,"2017-10-05 11:25:00"
IOP,0.0010874,"2017-10-05 11:30:00"
IOP,0.00108853,"2017-10-05 11:35:00"
IOP,0.001089,"2017-10-05 11:40:00"
IOP,0.00108881,"2017-10-05 11:45:00"
IOP,0.001091,"2017-10-05 11:50:00"
IOP,0.00110017,"2017-10-05 11:55:00"
IOP,0.00110115,"2017-10-05 12:00:00"
IOP,0.0011019,"2017-10-05 12:05:00"
IOP,0.00110423,"2017-10-05 12:10:00"
IOP,0.00113593,"2017-10-05 12:15:00"
IOP,0.00113506,"2017-10-05 12:20:00"
IOP,0.00113001,"2017-10-05 12:25:00"
IOP,0.001116,"2017-10-05 12:30:00"
IOP,0.00113,"2017-10-05 12:35:00"
IOP,0.00111519,"2017-10-05 12:40:00"
IOP,0.00111518,"2017-10-05 12:45:00"
IOP,0.00111514,"2017-10-05 12:50:00"
IOP,0.0011151,"2017-10-05 12:55:00"
IOP,0.00111184,"2017-10-05 13:00:00"
IOP,0.00110396,"2017-10-05 13:05:00"
IOP,0.00110031,"2017-10-05 13:10:00"
IOP,0.00110031,"2017-10-05 13:15:00"
IOP,0.00109194,"2017-10-05 13:20:00"
IOP,0.00109006,"2017-10-05 13:25:00"
IOP,0.001089,"2017-10-05 13:30:00"
IOP,0.00109,"2017-10-05 13:35:00"
IOP,0.00109,"2017-10-05 13:40:00"
IOP,0.00108776,"2017-10-05 13:45:00"
IOP,0.00109,"2017-10-05 13:50:00"
IOP,0.001105,"2017-10-05 13:55:00"
IOP,0.00110543,"2017-10-05 14:00:00"
IOP,0.00109627,"2017-10-05 14:05:00"
IOP,0.00109134,"2017-10-05 14:10:00"
IOP,0.00109625,"2017-10-05 14:15:00"
IOP,0.00109623,"2017-10-05 14:20:00"
IOP,0.001097,"2017-10-05 14:25:00"
IOP,0.00109,"2017-10-05 14:30:00"
IOP,0.00108884,"2017-10-05 14:35:00"
IOP,0.00108884,"2017-10-05 14:40:00"
IOP,0.001088,"2017-10-05 14:45:00"
IOP,0.00108,"2017-10-05 14:50:00"
IOP,0.00108,"2017-10-05 14:55:00"
IOP,0.00107909,"2017-10-05 15:00:00"
IOP,0.00107782,"2017-10-05 15:05:00"
IOP,0.00107,"2017-10-05 15:10:00"
IOP,0.00106802,"2017-10-05 15:15:00"
IOP,0.00105166,"2017-10-05 15:20:00"
IOP,0.0010548,"2017-10-05 15:25:00"
IOP,0.001074,"2017-10-05 15:30:00"
IOP,0.00108182,"2017-10-05 15:35:00"
IOP,0.00108125,"2017-10-05 15:40:00"
IOP,0.001068,"2017-10-05 15:45:00"
IOP,0.001061,"2017-10-05 15:50:00"
IOP,0.001064,"2017-10-05 15:55:00"
IOP,0.0010687,"2017-10-05 16:00:00"
IOP,0.00106877,"2017-10-05 16:05:00"
IOP,0.00108681,"2017-10-05 16:10:00"
IOP,0.0010885,"2017-10-05 16:15:00"
IOP,0.001089,"2017-10-05 16:20:00"
IOP,0.00107886,"2017-10-05 16:25:00"
IOP,0.00106572,"2017-10-05 16:30:00"
IOP,0.00106843,"2017-10-05 16:35:00"
IOP,0.001056,"2017-10-05 16:40:00"
IOP,0.001056,"2017-10-05 16:45:00"
IOP,0.0010533,"2017-10-05 16:50:00"
IOP,0.0010533,"2017-10-05 16:55:00"
IOP,0.00105599,"2017-10-05 17:00:00"
IOP,0.001055,"2017-10-05 17:05:00"
IOP,0.00105287,"2017-10-05 17:10:00"
IOP,0.00104886,"2017-10-05 17:15:00"
IOP,0.0010455,"2017-10-05 17:20:00"
IOP,0.00104812,"2017-10-05 17:25:00"
IOP,0.00104288,"2017-10-05 17:30:00"
IOP,0.00104018,"2017-10-05 17:35:00"
IOP,0.00103975,"2017-10-05 17:40:00"
IOP,0.00104862,"2017-10-05 17:45:00"
IOP,0.00104473,"2017-10-05 17:50:00"
IOP,0.00104798,"2017-10-05 17:55:00"
IOP,0.00104411,"2017-10-05 18:00:00"
IOP,0.0010401,"2017-10-05 18:05:00"
IOP,0.0010401,"2017-10-05 18:10:00"
IOP,0.00105633,"2017-10-05 18:15:00"
IOP,0.00105999,"2017-10-05 18:20:00"
IOP,0.001063,"2017-10-05 18:25:00"
IOP,0.00106321,"2017-10-05 18:30:00"
IOP,0.00106678,"2017-10-05 18:35:00"
IOP,0.00106221,"2017-10-05 18:40:00"
IOP,0.00105644,"2017-10-05 18:45:00"
IOP,0.001056,"2017-10-05 18:50:00"
IOP,0.00105644,"2017-10-05 18:55:00"
IOP,0.00104,"2017-10-05 19:00:00"
IOP,0.00104438,"2017-10-05 19:05:00"
IOP,0.00104,"2017-10-05 19:10:00"
IOP,0.00103173,"2017-10-05 19:15:00"
IOP,0.00103125,"2017-10-05 19:20:00"
IOP,0.0010312,"2017-10-05 19:25:00"
IOP,0.00104335,"2017-10-05 19:30:00"
IOP,0.00103505,"2017-10-05 19:35:00"
IOP,0.00103505,"2017-10-05 19:40:00"
IOP,0.00104336,"2017-10-05 19:45:00"
IOP,0.00104304,"2017-10-05 19:50:00"
IOP,0.00104304,"2017-10-05 19:55:00"
IOP,0.00104305,"2017-10-05 20:00:00"
IOP,0.00104304,"2017-10-05 20:05:00"
IOP,0.00104304,"2017-10-05 20:10:00"
IOP,0.00103,"2017-10-05 20:15:00"
IOP,0.00103025,"2017-10-05 20:20:00"
IOP,0.00103027,"2017-10-05 20:25:00"
IOP,0.00103035,"2017-10-05 20:30:00"
IOP,0.00104013,"2017-10-05 20:35:00"
IOP,0.00104025,"2017-10-05 20:40:00"
IOP,0.00104025,"2017-10-05 20:45:00"
IOP,0.00104561,"2017-10-05 20:50:00"
IOP,0.0010523,"2017-10-05 20:55:00"
IOP,0.0010613,"2017-10-05 21:00:00"
IOP,0.001065,"2017-10-05 21:05:00"
IOP,0.00105745,"2017-10-05 21:10:00"
IOP,0.00106293,"2017-10-05 21:15:00"
IOP,0.00106357,"2017-10-05 21:20:00"
IOP,0.00106358,"2017-10-05 21:25:00"
IOP,0.00105745,"2017-10-05 21:30:00"
IOP,0.00105745,"2017-10-05 21:35:00"
IOP,0.00105706,"2017-10-05 21:40:00"
IOP,0.00105502,"2017-10-05 21:45:00"
IOP,0.00105501,"2017-10-05 21:50:00"
IOP,0.0010492,"2017-10-05 21:55:00"
IOP,0.00104683,"2017-10-05 22:00:00"
IOP,0.00104655,"2017-10-05 22:05:00"
IOP,0.0010496,"2017-10-05 22:10:00"
IOP,0.00104955,"2017-10-05 22:15:00"
IOP,0.001035,"2017-10-05 22:20:00"
IOP,0.0010365,"2017-10-05 22:25:00"
IOP,0.00103499,"2017-10-05 22:30:00"
IOP,0.00104,"2017-10-05 22:35:00"
IOP,0.00103652,"2017-10-05 22:40:00"
IOP,0.001038,"2017-10-05 22:45:00"
IOP,0.00105179,"2017-10-05 22:50:00"
IOP,0.00105976,"2017-10-05 22:55:00"
IOP,0.00105825,"2017-10-05 23:00:00"
IOP,0.00105825,"2017-10-05 23:05:00"
IOP,0.00106,"2017-10-05 23:10:00"
IOP,0.00106,"2017-10-05 23:15:00"
IOP,0.00104963,"2017-10-05 23:20:00"
IOP,0.00104965,"2017-10-05 23:25:00"
IOP,0.00106009,"2017-10-05 23:30:00"
IOP,0.00104966,"2017-10-05 23:35:00"
IOP,0.0010497,"2017-10-05 23:40:00"
IOP,0.001063,"2017-10-05 23:45:00"
IOP,0.00107099,"2017-10-05 23:50:00"
IOP,0.001065,"2017-10-05 23:55:00"
IOP,0.00106297,"2017-10-06 00:00:00"
IOP,0.00105743,"2017-10-06 00:05:00"
IOP,0.00106223,"2017-10-06 00:10:00"
IOP,0.00106786,"2017-10-06 00:15:00"
IOP,0.00107099,"2017-10-06 00:20:00"
IOP,0.00107115,"2017-10-06 00:25:00"
IOP,0.001088,"2017-10-06 00:30:00"
IOP,0.00110456,"2017-10-06 00:35:00"
IOP,0.001109,"2017-10-06 00:40:00"
IOP,0.00108825,"2017-10-06 00:45:00"
IOP,0.001095,"2017-10-06 00:50:00"
IOP,0.00109999,"2017-10-06 00:55:00"
IOP,0.00108794,"2017-10-06 01:00:00"
IOP,0.001075,"2017-10-06 01:05:00"
IOP,0.00107391,"2017-10-06 01:10:00"
IOP,0.0010701,"2017-10-06 01:15:00"
IOP,0.00105912,"2017-10-06 01:20:00"
IOP,0.00106998,"2017-10-06 01:25:00"
IOP,0.00106214,"2017-10-06 01:30:00"
IOP,0.00106992,"2017-10-06 01:35:00"
IOP,0.00106844,"2017-10-06 01:40:00"
IOP,0.001075,"2017-10-06 01:45:00"
IOP,0.001075,"2017-10-06 01:50:00"
IOP,0.00108606,"2017-10-06 01:55:00"
IOP,0.0010865,"2017-10-06 02:00:00"
IOP,0.00107303,"2017-10-06 02:05:00"
IOP,0.001068,"2017-10-06 02:10:00"
IOP,0.001073,"2017-10-06 02:15:00"
IOP,0.00108606,"2017-10-06 02:20:00"
IOP,0.00111,"2017-10-06 02:25:00"
IOP,0.00109469,"2017-10-06 02:30:00"
IOP,0.0011,"2017-10-06 02:35:00"
IOP,0.00110002,"2017-10-06 02:40:00"
IOP,0.00109773,"2017-10-06 02:45:00"
IOP,0.001086,"2017-10-06 02:50:00"
IOP,0.00108107,"2017-10-06 02:55:00"
IOP,0.00108925,"2017-10-06 03:00:00"
IOP,0.00109021,"2017-10-06 03:05:00"
IOP,0.0010982,"2017-10-06 03:10:00"
IOP,0.00108835,"2017-10-06 03:15:00"
IOP,0.00108504,"2017-10-06 03:20:00"
IOP,0.00109703,"2017-10-06 03:25:00"
IOP,0.00108406,"2017-10-06 03:30:00"
IOP,0.00108073,"2017-10-06 03:35:00"
IOP,0.0010795,"2017-10-06 03:40:00"
IOP,0.0010835,"2017-10-06 03:45:00"
IOP,0.0010737,"2017-10-06 03:50:00"
IOP,0.00106829,"2017-10-06 03:55:00"
IOP,0.00106829,"2017-10-06 04:00:00"
IOP,0.0010683,"2017-10-06 04:05:00"
IOP,0.0010739,"2017-10-06 04:10:00"
IOP,0.00107703,"2017-10-06 04:15:00"
IOP,0.00108107,"2017-10-06 04:20:00"
IOP,0.00108108,"2017-10-06 04:25:00"
IOP,0.0010842,"2017-10-06 04:30:00"
IOP,0.0010842,"2017-10-06 04:35:00"
IOP,0.00107667,"2017-10-06 04:40:00"
IOP,0.00108,"2017-10-06 04:45:00"
IOP,0.00107667,"2017-10-06 04:50:00"
IOP,0.00107392,"2017-10-06 04:55:00"
IOP,0.00107392,"2017-10-06 05:00:00"
IOP,0.00107662,"2017-10-06 05:05:00"
IOP,0.001074,"2017-10-06 05:10:00"
IOP,0.00107003,"2017-10-06 05:15:00"
IOP,0.00107096,"2017-10-06 05:20:00"
IOP,0.00108397,"2017-10-06 05:25:00"
IOP,0.00107398,"2017-10-06 05:30:00"
IOP,0.001074,"2017-10-06 05:35:00"
IOP,0.00107398,"2017-10-06 05:40:00"
IOP,0.00107398,"2017-10-06 05:45:00"
IOP,0.00107398,"2017-10-06 05:50:00"
IOP,0.0010718,"2017-10-06 05:55:00"
IOP,0.0010718,"2017-10-06 06:00:00"
IOP,0.00107256,"2017-10-06 06:05:00"
IOP,0.00107257,"2017-10-06 06:10:00"
IOP,0.00107257,"2017-10-06 06:15:00"
IOP,0.00107205,"2017-10-06 06:20:00"
IOP,0.00107205,"2017-10-06 06:25:00"
IOP,0.00107301,"2017-10-06 06:30:00"
IOP,0.001075,"2017-10-06 06:35:00"
IOP,0.001075,"2017-10-06 06:40:00"
IOP,0.00107211,"2017-10-06 06:45:00"
IOP,0.0010721,"2017-10-06 06:50:00"
IOP,0.0010721,"2017-10-06 06:55:00"
IOP,0.00108147,"2017-10-06 07:00:00"
IOP,0.00107203,"2017-10-06 07:05:00"
IOP,0.0010718,"2017-10-06 07:10:00"
IOP,0.00107003,"2017-10-06 07:15:00"
IOP,0.00107,"2017-10-06 07:20:00"
IOP,0.00107,"2017-10-06 07:25:00"
IOP,0.00106999,"2017-10-06 07:30:00"
IOP,0.00106556,"2017-10-06 07:35:00"
IOP,0.00106556,"2017-10-06 07:40:00"
IOP,0.00106529,"2017-10-06 07:45:00"
IOP,0.001066,"2017-10-06 07:50:00"
IOP,0.00106999,"2017-10-06 07:55:00"
IOP,0.00106529,"2017-10-06 08:00:00"
IOP,0.001065,"2017-10-06 08:05:00"
IOP,0.00106999,"2017-10-06 08:10:00"
IOP,0.001065,"2017-10-06 08:15:00"
IOP,0.001065,"2017-10-06 08:20:00"
IOP,0.001065,"2017-10-06 08:25:00"
IOP,0.001065,"2017-10-06 08:30:00"
IOP,0.00106428,"2017-10-06 08:35:00"
IOP,0.001065,"2017-10-06 08:40:00"
IOP,0.00106499,"2017-10-06 08:45:00"
IOP,0.00106037,"2017-10-06 08:50:00"
IOP,0.00106143,"2017-10-06 08:55:00"
IOP,0.00105274,"2017-10-06 09:00:00"
IOP,0.00105,"2017-10-06 09:05:00"
IOP,0.00105,"2017-10-06 09:10:00"
IOP,0.00105264,"2017-10-06 09:15:00"
IOP,0.00104118,"2017-10-06 09:20:00"
IOP,0.00104,"2017-10-06 09:25:00"
IOP,0.00103737,"2017-10-06 09:30:00"
IOP,0.00103738,"2017-10-06 09:35:00"
IOP,0.00103999,"2017-10-06 09:40:00"
IOP,0.00105196,"2017-10-06 09:45:00"
IOP,0.00104,"2017-10-06 09:50:00"
IOP,0.0010374,"2017-10-06 09:55:00"
IOP,0.00103652,"2017-10-06 10:00:00"
IOP,0.001036,"2017-10-06 10:05:00"
IOP,0.00104277,"2017-10-06 10:10:00"
IOP,0.001045,"2017-10-06 10:15:00"
IOP,0.00103193,"2017-10-06 10:20:00"
IOP,0.00103196,"2017-10-06 10:25:00"
IOP,0.00103196,"2017-10-06 10:30:00"
IOP,0.001034,"2017-10-06 10:35:00"
IOP,0.00104,"2017-10-06 10:40:00"
IOP,0.00104479,"2017-10-06 10:45:00"
IOP,0.00103197,"2017-10-06 10:50:00"
IOP,0.00103,"2017-10-06 10:55:00"
IOP,0.00104175,"2017-10-06 11:00:00"
IOP,0.00104575,"2017-10-06 11:05:00"
IOP,0.001059,"2017-10-06 11:10:00"
IOP,0.00106429,"2017-10-06 11:15:00"
IOP,0.00105516,"2017-10-06 11:20:00"
IOP,0.00106889,"2017-10-06 11:25:00"
IOP,0.00106889,"2017-10-06 11:30:00"
IOP,0.00105929,"2017-10-06 11:35:00"
IOP,0.00104889,"2017-10-06 11:40:00"
IOP,0.001046,"2017-10-06 11:45:00"
IOP,0.00104606,"2017-10-06 11:50:00"
IOP,0.00104606,"2017-10-06 11:55:00"
IOP,0.00105825,"2017-10-06 12:00:00"
IOP,0.00105208,"2017-10-06 12:05:00"
IOP,0.00104653,"2017-10-06 12:10:00"
IOP,0.00104656,"2017-10-06 12:15:00"
IOP,0.001046,"2017-10-06 12:20:00"
IOP,0.00105195,"2017-10-06 12:25:00"
IOP,0.00105,"2017-10-06 12:30:00"
IOP,0.001046,"2017-10-06 12:35:00"
IOP,0.00104528,"2017-10-06 12:40:00"
IOP,0.001046,"2017-10-06 12:45:00"
IOP,0.001046,"2017-10-06 12:50:00"
IOP,0.00104528,"2017-10-06 12:55:00"
IOP,0.00103724,"2017-10-06 13:00:00"
IOP,0.00103599,"2017-10-06 13:05:00"
IOP,0.00103599,"2017-10-06 13:10:00"
IOP,0.0010452,"2017-10-06 13:15:00"
IOP,0.00104511,"2017-10-06 13:20:00"
IOP,0.00103812,"2017-10-06 13:25:00"
IOP,0.00104504,"2017-10-06 13:30:00"
IOP,0.001047,"2017-10-06 13:35:00"
IOP,0.0010492,"2017-10-06 13:40:00"
IOP,0.00105198,"2017-10-06 13:45:00"
IOP,0.00105353,"2017-10-06 13:50:00"
IOP,0.00105353,"2017-10-06 13:55:00"
IOP,0.00104921,"2017-10-06 14:00:00"
IOP,0.001038,"2017-10-06 14:05:00"
IOP,0.00103793,"2017-10-06 14:10:00"
IOP,0.00103602,"2017-10-06 14:15:00"
IOP,0.00103458,"2017-10-06 14:20:00"
IOP,0.00103061,"2017-10-06 14:25:00"
IOP,0.0010305,"2017-10-06 14:30:00"
IOP,0.00103793,"2017-10-06 14:35:00"
IOP,0.00104336,"2017-10-06 14:40:00"
IOP,0.00104336,"2017-10-06 14:45:00"
IOP,0.00103981,"2017-10-06 14:50:00"
IOP,0.00104947,"2017-10-06 14:55:00"
IOP,0.00107849,"2017-10-06 15:00:00"
IOP,0.00108025,"2017-10-06 15:05:00"
IOP,0.00109682,"2017-10-06 15:10:00"
IOP,0.00110675,"2017-10-06 15:15:00"
IOP,0.00108501,"2017-10-06 15:20:00"
IOP,0.00108199,"2017-10-06 15:25:00"
IOP,0.00107917,"2017-10-06 15:30:00"
IOP,0.00107344,"2017-10-06 15:35:00"
IOP,0.00106089,"2017-10-06 15:40:00"
IOP,0.00106782,"2017-10-06 15:45:00"
IOP,0.001075,"2017-10-06 15:50:00"
IOP,0.00106001,"2017-10-06 15:55:00"
IOP,0.001054,"2017-10-06 16:00:00"
IOP,0.00106576,"2017-10-06 16:05:00"
IOP,0.00106831,"2017-10-06 16:10:00"
IOP,0.00106537,"2017-10-06 16:15:00"
IOP,0.00106421,"2017-10-06 16:20:00"
IOP,0.00105986,"2017-10-06 16:25:00"
IOP,0.00105733,"2017-10-06 16:30:00"
IOP,0.00105156,"2017-10-06 16:35:00"
IOP,0.00105,"2017-10-06 16:40:00"
IOP,0.00105002,"2017-10-06 16:45:00"
IOP,0.00104601,"2017-10-06 16:50:00"
IOP,0.00105274,"2017-10-06 16:55:00"
IOP,0.00104603,"2017-10-06 17:00:00"
IOP,0.00105672,"2017-10-06 17:05:00"
IOP,0.00105672,"2017-10-06 17:10:00"
IOP,0.0010654,"2017-10-06 17:15:00"
IOP,0.0010654,"2017-10-06 17:20:00"
IOP,0.00105,"2017-10-06 17:25:00"
IOP,0.00106249,"2017-10-06 17:30:00"
IOP,0.00105309,"2017-10-06 17:35:00"
IOP,0.00105014,"2017-10-06 17:40:00"
IOP,0.00105013,"2017-10-06 17:45:00"
IOP,0.00105798,"2017-10-06 17:50:00"
IOP,0.00105002,"2017-10-06 17:55:00"
IOP,0.00105,"2017-10-06 18:00:00"
IOP,0.00104603,"2017-10-06 18:05:00"
IOP,0.00103527,"2017-10-06 18:10:00"
IOP,0.0010465,"2017-10-06 18:15:00"
IOP,0.00105082,"2017-10-06 18:20:00"
IOP,0.00105989,"2017-10-06 18:25:00"
IOP,0.001065,"2017-10-06 18:30:00"
IOP,0.001065,"2017-10-06 18:35:00"
IOP,0.00105321,"2017-10-06 18:40:00"
IOP,0.00105327,"2017-10-06 18:45:00"
IOP,0.00104069,"2017-10-06 18:50:00"
IOP,0.00104072,"2017-10-06 18:55:00"
IOP,0.00104072,"2017-10-06 19:00:00"
IOP,0.001045,"2017-10-06 19:05:00"
IOP,0.0010611,"2017-10-06 19:10:00"
IOP,0.001061,"2017-10-06 19:15:00"
IOP,0.00104528,"2017-10-06 19:20:00"
IOP,0.00104094,"2017-10-06 19:25:00"
IOP,0.00104577,"2017-10-06 19:30:00"
IOP,0.001045,"2017-10-06 19:35:00"
IOP,0.0010425,"2017-10-06 19:40:00"
IOP,0.0010425,"2017-10-06 19:45:00"
IOP,0.00105031,"2017-10-06 19:50:00"
IOP,0.001044,"2017-10-06 19:55:00"
IOP,0.001043,"2017-10-06 20:00:00"
IOP,0.001043,"2017-10-06 20:05:00"
IOP,0.00104,"2017-10-06 20:10:00"
IOP,0.00103801,"2017-10-06 20:15:00"
IOP,0.001037,"2017-10-06 20:20:00"
IOP,0.00103401,"2017-10-06 20:25:00"
IOP,0.001031,"2017-10-06 20:30:00"
IOP,0.00104,"2017-10-06 20:35:00"
IOP,0.00104,"2017-10-06 20:40:00"
IOP,0.00104,"2017-10-06 20:45:00"
IOP,0.001034,"2017-10-06 20:50:00"
IOP,0.001034,"2017-10-06 20:55:00"
IOP,0.001034,"2017-10-06 21:00:00"
IOP,0.001034,"2017-10-06 21:05:00"
IOP,0.0010331,"2017-10-06 21:10:00"
IOP,0.00103058,"2017-10-06 21:15:00"
IOP,0.00103058,"2017-10-06 21:20:00"
IOP,0.0010385,"2017-10-06 21:25:00"
IOP,0.00103056,"2017-10-06 21:30:00"
IOP,0.00103056,"2017-10-06 21:35:00"
IOP,0.00103056,"2017-10-06 21:40:00"
IOP,0.00103948,"2017-10-06 21:45:00"
IOP,0.00103999,"2017-10-06 21:50:00"
IOP,0.00103999,"2017-10-06 21:55:00"
IOP,0.00103999,"2017-10-06 22:00:00"
IOP,0.00103999,"2017-10-06 22:05:00"
IOP,0.00103999,"2017-10-06 22:10:00"
IOP,0.00103102,"2017-10-06 22:15:00"
IOP,0.00103888,"2017-10-06 22:20:00"
IOP,0.00104795,"2017-10-06 22:25:00"
IOP,0.00104621,"2017-10-06 22:30:00"
IOP,0.00103889,"2017-10-06 22:35:00"
IOP,0.00103889,"2017-10-06 22:40:00"
IOP,0.00103587,"2017-10-06 22:45:00"
IOP,0.00103108,"2017-10-06 22:50:00"
IOP,0.00103006,"2017-10-06 22:55:00"
IOP,0.00103006,"2017-10-06 23:00:00"
IOP,0.00102976,"2017-10-06 23:05:00"
IOP,0.00102366,"2017-10-06 23:10:00"
IOP,0.00102975,"2017-10-06 23:15:00"
IOP,0.001027,"2017-10-06 23:20:00"
IOP,0.00102389,"2017-10-06 23:25:00"
IOP,0.00103001,"2017-10-06 23:30:00"
IOP,0.00103549,"2017-10-06 23:35:00"
IOP,0.00103548,"2017-10-06 23:40:00"
IOP,0.00103001,"2017-10-06 23:45:00"
IOP,0.00103001,"2017-10-06 23:50:00"
IOP,0.00103546,"2017-10-06 23:55:00"
IOP,0.00103049,"2017-10-07 00:00:00"
IOP,0.00103025,"2017-10-07 00:05:00"
IOP,0.0010304,"2017-10-07 00:10:00"
IOP,0.00103043,"2017-10-07 00:15:00"
IOP,0.00102321,"2017-10-07 00:20:00"
IOP,0.0010226,"2017-10-07 00:25:00"
IOP,0.0010226,"2017-10-07 00:30:00"
IOP,0.0010226,"2017-10-07 00:35:00"
IOP,0.00102255,"2017-10-07 00:40:00"
IOP,0.00102252,"2017-10-07 00:45:00"
IOP,0.001026,"2017-10-07 00:50:00"
IOP,0.00102625,"2017-10-07 00:55:00"
IOP,0.00102258,"2017-10-07 01:00:00"
IOP,0.00102625,"2017-10-07 01:05:00"
IOP,0.00102625,"2017-10-07 01:10:00"
IOP,0.0010225,"2017-10-07 01:15:00"
IOP,0.00102625,"2017-10-07 01:20:00"
IOP,0.00102625,"2017-10-07 01:25:00"
IOP,0.00102625,"2017-10-07 01:30:00"
IOP,0.00102625,"2017-10-07 01:35:00"
IOP,0.00102434,"2017-10-07 01:40:00"
IOP,0.00102625,"2017-10-07 01:45:00"
IOP,0.00102069,"2017-10-07 01:50:00"
IOP,0.00101885,"2017-10-07 01:55:00"
IOP,0.00101997,"2017-10-07 02:00:00"
IOP,0.0010197,"2017-10-07 02:05:00"
IOP,0.00101397,"2017-10-07 02:10:00"
IOP,0.00100001,"2017-10-07 02:15:00"
IOP,0.00099884,"2017-10-07 02:20:00"
IOP,0.00099403,"2017-10-07 02:25:00"
IOP,0.00099696,"2017-10-07 02:30:00"
IOP,0.00099701,"2017-10-07 02:35:00"
IOP,0.000995,"2017-10-07 02:40:00"
IOP,0.0009971,"2017-10-07 02:45:00"
IOP,0.000996,"2017-10-07 02:50:00"
IOP,0.000995,"2017-10-07 02:55:00"
IOP,0.00099788,"2017-10-07 03:00:00"
IOP,0.001,"2017-10-07 03:05:00"
IOP,0.00098999,"2017-10-07 03:10:00"
IOP,0.00099,"2017-10-07 03:15:00"
IOP,0.00098415,"2017-10-07 03:20:00"
IOP,0.00097867,"2017-10-07 03:25:00"
IOP,0.00097556,"2017-10-07 03:30:00"
IOP,0.00097394,"2017-10-07 03:35:00"
IOP,0.00097401,"2017-10-07 03:40:00"
IOP,0.00097401,"2017-10-07 03:45:00"
IOP,0.00097653,"2017-10-07 03:50:00"
IOP,0.00098951,"2017-10-07 03:55:00"
IOP,0.001,"2017-10-07 04:00:00"
IOP,0.00098256,"2017-10-07 04:05:00"
IOP,0.00098248,"2017-10-07 04:10:00"
IOP,0.000983,"2017-10-07 04:15:00"
IOP,0.00099288,"2017-10-07 04:20:00"
IOP,0.00099287,"2017-10-07 04:25:00"
IOP,0.00099288,"2017-10-07 04:30:00"
IOP,0.00099288,"2017-10-07 04:35:00"
IOP,0.00099235,"2017-10-07 04:40:00"
IOP,0.00099079,"2017-10-07 04:45:00"
IOP,0.00097981,"2017-10-07 04:50:00"
IOP,0.00097503,"2017-10-07 04:55:00"
IOP,0.0009751,"2017-10-07 05:00:00"
IOP,0.000973,"2017-10-07 05:05:00"
IOP,0.00096602,"2017-10-07 05:10:00"
IOP,0.00096981,"2017-10-07 05:15:00"
IOP,0.00096039,"2017-10-07 05:20:00"
IOP,0.00096978,"2017-10-07 05:25:00"
IOP,0.00095836,"2017-10-07 05:30:00"
IOP,0.000965,"2017-10-07 05:35:00"
IOP,0.00097108,"2017-10-07 05:40:00"
IOP,0.00096038,"2017-10-07 05:45:00"
IOP,0.00097065,"2017-10-07 05:50:00"
IOP,0.00097057,"2017-10-07 05:55:00"
IOP,0.00096205,"2017-10-07 06:00:00"
IOP,0.0009604,"2017-10-07 06:05:00"
IOP,0.00095113,"2017-10-07 06:10:00"
IOP,0.00093952,"2017-10-07 06:15:00"
IOP,0.0009394,"2017-10-07 06:20:00"
IOP,0.00093675,"2017-10-07 06:25:00"
IOP,0.0009168,"2017-10-07 06:30:00"
IOP,0.0009101,"2017-10-07 06:35:00"
IOP,0.00092053,"2017-10-07 06:40:00"
IOP,0.0009278,"2017-10-07 06:45:00"
IOP,0.00091996,"2017-10-07 06:50:00"
IOP,0.000919,"2017-10-07 06:55:00"
IOP,0.000919,"2017-10-07 07:00:00"
IOP,0.0009315,"2017-10-07 07:05:00"
IOP,0.00093121,"2017-10-07 07:10:00"
IOP,0.00093496,"2017-10-07 07:15:00"
IOP,0.00093118,"2017-10-07 07:20:00"
IOP,0.00092191,"2017-10-07 07:25:00"
IOP,0.000919,"2017-10-07 07:30:00"
IOP,0.00089972,"2017-10-07 07:35:00"
IOP,0.000909,"2017-10-07 07:40:00"
IOP,0.00089601,"2017-10-07 07:45:00"
IOP,0.00091077,"2017-10-07 07:50:00"
IOP,0.00090982,"2017-10-07 07:55:00"
IOP,0.00090994,"2017-10-07 08:00:00"
IOP,0.00091321,"2017-10-07 08:05:00"
IOP,0.0009268,"2017-10-07 08:10:00"
IOP,0.00093293,"2017-10-07 08:15:00"
IOP,0.00093455,"2017-10-07 08:20:00"
IOP,0.00093548,"2017-10-07 08:25:00"
IOP,0.00094089,"2017-10-07 08:30:00"
IOP,0.00095172,"2017-10-07 08:35:00"
IOP,0.00095349,"2017-10-07 08:40:00"
IOP,0.00094001,"2017-10-07 08:45:00"
IOP,0.00093923,"2017-10-07 08:50:00"
IOP,0.00094,"2017-10-07 08:55:00"
IOP,0.00094,"2017-10-07 09:00:00"
IOP,0.00094375,"2017-10-07 09:05:00"
IOP,0.0009499,"2017-10-07 09:10:00"
IOP,0.00095762,"2017-10-07 09:15:00"
IOP,0.00095832,"2017-10-07 09:20:00"
IOP,0.00096347,"2017-10-07 09:25:00"
IOP,0.0009581,"2017-10-07 09:30:00"
IOP,0.00095998,"2017-10-07 09:35:00"
IOP,0.00094002,"2017-10-07 09:40:00"
IOP,0.00094,"2017-10-07 09:45:00"
IOP,0.00094445,"2017-10-07 09:50:00"
IOP,0.00092497,"2017-10-07 09:55:00"
IOP,0.00092,"2017-10-07 10:00:00"
IOP,0.00092086,"2017-10-07 10:05:00"
IOP,0.00092,"2017-10-07 10:10:00"
IOP,0.00092,"2017-10-07 10:15:00"
IOP,0.00090306,"2017-10-07 10:20:00"
IOP,0.00089574,"2017-10-07 10:25:00"
IOP,0.00090328,"2017-10-07 10:30:00"
IOP,0.00090627,"2017-10-07 10:35:00"
IOP,0.00091727,"2017-10-07 10:40:00"
IOP,0.00090731,"2017-10-07 10:45:00"
IOP,0.00091736,"2017-10-07 10:50:00"
IOP,0.00091732,"2017-10-07 10:55:00"
IOP,0.00090733,"2017-10-07 11:00:00"
IOP,0.000907,"2017-10-07 11:05:00"
IOP,0.00090027,"2017-10-07 11:10:00"
IOP,0.0009,"2017-10-07 11:15:00"
IOP,0.00089834,"2017-10-07 11:20:00"
IOP,0.00086523,"2017-10-07 11:25:00"
IOP,0.00087627,"2017-10-07 11:30:00"
IOP,0.0009114,"2017-10-07 11:35:00"
IOP,0.0009,"2017-10-07 11:40:00"
IOP,0.00089827,"2017-10-07 11:45:00"
IOP,0.00087504,"2017-10-07 11:50:00"
IOP,0.00089804,"2017-10-07 11:55:00"
IOP,0.000913,"2017-10-07 12:00:00"
IOP,0.000914,"2017-10-07 12:05:00"
IOP,0.00093095,"2017-10-07 12:10:00"
IOP,0.00093452,"2017-10-07 12:15:00"
IOP,0.00090568,"2017-10-07 12:20:00"
IOP,0.00092361,"2017-10-07 12:25:00"
IOP,0.00093,"2017-10-07 12:30:00"
IOP,0.00093166,"2017-10-07 12:35:00"
IOP,0.000933,"2017-10-07 12:40:00"
IOP,0.00093303,"2017-10-07 12:45:00"
IOP,0.00093304,"2017-10-07 12:50:00"
IOP,0.00093334,"2017-10-07 12:55:00"
IOP,0.00091851,"2017-10-07 13:00:00"
IOP,0.00090341,"2017-10-07 13:05:00"
IOP,0.00089964,"2017-10-07 13:10:00"
IOP,0.0009,"2017-10-07 13:15:00"
IOP,0.0009001,"2017-10-07 13:20:00"
IOP,0.000901,"2017-10-07 13:25:00"
IOP,0.00090631,"2017-10-07 13:30:00"
IOP,0.000907,"2017-10-07 13:35:00"
IOP,0.00091085,"2017-10-07 13:40:00"
IOP,0.0009,"2017-10-07 13:45:00"
IOP,0.0009,"2017-10-07 13:50:00"
IOP,0.00089581,"2017-10-07 13:55:00"
IOP,0.00088991,"2017-10-07 14:00:00"
IOP,0.00089108,"2017-10-07 14:05:00"
IOP,0.00090999,"2017-10-07 14:10:00"
IOP,0.00091,"2017-10-07 14:15:00"
IOP,0.00091,"2017-10-07 14:20:00"
IOP,0.000909,"2017-10-07 14:25:00"
IOP,0.00090034,"2017-10-07 14:30:00"
IOP,0.0009003,"2017-10-07 14:35:00"
IOP,0.00090035,"2017-10-07 14:40:00"
IOP,0.0009085,"2017-10-07 14:45:00"
IOP,0.00090153,"2017-10-07 14:50:00"
IOP,0.00090155,"2017-10-07 14:55:00"
IOP,0.00090999,"2017-10-07 15:00:00"
IOP,0.00090995,"2017-10-07 15:05:00"
IOP,0.00091,"2017-10-07 15:10:00"
IOP,0.00090991,"2017-10-07 15:15:00"
IOP,0.00090409,"2017-10-07 15:20:00"
IOP,0.00090988,"2017-10-07 15:25:00"
IOP,0.00090988,"2017-10-07 15:30:00"
IOP,0.00091,"2017-10-07 15:35:00"
IOP,0.00091,"2017-10-07 15:40:00"
IOP,0.00091108,"2017-10-07 15:45:00"
IOP,0.00091455,"2017-10-07 15:50:00"
IOP,0.0009118,"2017-10-07 15:55:00"
IOP,0.00091867,"2017-10-07 16:00:00"
IOP,0.00092545,"2017-10-07 16:05:00"
IOP,0.00092601,"2017-10-07 16:10:00"
IOP,0.0009254,"2017-10-07 16:15:00"
IOP,0.00092199,"2017-10-07 16:20:00"
IOP,0.00091109,"2017-10-07 16:25:00"
IOP,0.00092108,"2017-10-07 16:30:00"
IOP,0.00091113,"2017-10-07 16:35:00"
IOP,0.00089999,"2017-10-07 16:40:00"
IOP,0.00091088,"2017-10-07 16:45:00"
IOP,0.00090601,"2017-10-07 16:50:00"
IOP,0.0009002,"2017-10-07 16:55:00"
IOP,0.0009061,"2017-10-07 17:00:00"
IOP,0.0009108,"2017-10-07 17:05:00"
IOP,0.0009061,"2017-10-07 17:10:00"
IOP,0.00090253,"2017-10-07 17:15:00"
IOP,0.00090899,"2017-10-07 17:20:00"
IOP,0.00091924,"2017-10-07 17:25:00"
IOP,0.00091102,"2017-10-07 17:30:00"
IOP,0.00092107,"2017-10-07 17:35:00"
IOP,0.0009235,"2017-10-07 17:40:00"
IOP,0.0009235,"2017-10-07 17:45:00"
IOP,0.00092796,"2017-10-07 17:50:00"
IOP,0.0009258,"2017-10-07 17:55:00"
IOP,0.00097131,"2017-10-07 18:00:00"
IOP,0.000977,"2017-10-07 18:05:00"
IOP,0.00096883,"2017-10-07 18:10:00"
IOP,0.0009315,"2017-10-07 18:15:00"
IOP,0.00095572,"2017-10-07 18:20:00"
IOP,0.00096049,"2017-10-07 18:25:00"
IOP,0.00093826,"2017-10-07 18:30:00"
IOP,0.00093501,"2017-10-07 18:35:00"
IOP,0.00093755,"2017-10-07 18:40:00"
IOP,0.00095074,"2017-10-07 18:45:00"
IOP,0.00095521,"2017-10-07 18:50:00"
IOP,0.0009636,"2017-10-07 18:55:00"
IOP,0.0009561,"2017-10-07 19:00:00"
IOP,0.0009636,"2017-10-07 19:05:00"
IOP,0.00096909,"2017-10-07 19:10:00"
IOP,0.00098495,"2017-10-07 19:15:00"
IOP,0.00098434,"2017-10-07 19:20:00"
IOP,0.00096484,"2017-10-07 19:25:00"
IOP,0.000975,"2017-10-07 19:30:00"
IOP,0.00098375,"2017-10-07 19:35:00"
IOP,0.00098455,"2017-10-07 19:40:00"
IOP,0.00097619,"2017-10-07 19:45:00"
IOP,0.00097712,"2017-10-07 19:50:00"
IOP,0.00096675,"2017-10-07 19:55:00"
IOP,0.00095549,"2017-10-07 20:00:00"
IOP,0.00095249,"2017-10-07 20:05:00"
IOP,0.00094996,"2017-10-07 20:10:00"
IOP,0.00094259,"2017-10-07 20:15:00"
IOP,0.000941,"2017-10-07 20:20:00"
IOP,0.000941,"2017-10-07 20:25:00"
IOP,0.00094003,"2017-10-07 20:30:00"
IOP,0.000941,"2017-10-07 20:35:00"
IOP,0.00094259,"2017-10-07 20:40:00"
IOP,0.00094259,"2017-10-07 20:45:00"
IOP,0.00094198,"2017-10-07 20:50:00"
IOP,0.0009555,"2017-10-07 20:55:00"
IOP,0.00095299,"2017-10-07 21:00:00"
IOP,0.00095,"2017-10-07 21:05:00"
IOP,0.00094936,"2017-10-07 21:10:00"
IOP,0.00093965,"2017-10-07 21:15:00"
IOP,0.00094903,"2017-10-07 21:20:00"
IOP,0.00093962,"2017-10-07 21:25:00"
IOP,0.00093861,"2017-10-07 21:30:00"
IOP,0.00093827,"2017-10-07 21:35:00"
IOP,0.0009383,"2017-10-07 21:40:00"
IOP,0.00094797,"2017-10-07 21:45:00"
IOP,0.0009498,"2017-10-07 21:50:00"
IOP,0.00094744,"2017-10-07 21:55:00"
IOP,0.000948,"2017-10-07 22:00:00"
IOP,0.0009479,"2017-10-07 22:05:00"
IOP,0.000938,"2017-10-07 22:10:00"
IOP,0.00094139,"2017-10-07 22:15:00"
IOP,0.00093801,"2017-10-07 22:20:00"
IOP,0.00093666,"2017-10-07 22:25:00"
IOP,0.000925,"2017-10-07 22:30:00"
IOP,0.00093112,"2017-10-07 22:35:00"
IOP,0.00091148,"2017-10-07 22:40:00"
IOP,0.00091999,"2017-10-07 22:45:00"
IOP,0.00090999,"2017-10-07 22:50:00"
IOP,0.00091051,"2017-10-07 22:55:00"
IOP,0.00091977,"2017-10-07 23:00:00"
IOP,0.00091974,"2017-10-07 23:05:00"
IOP,0.00091082,"2017-10-07 23:10:00"
IOP,0.00091985,"2017-10-07 23:15:00"
IOP,0.00091068,"2017-10-07 23:20:00"
IOP,0.0009106,"2017-10-07 23:25:00"
IOP,0.00091061,"2017-10-07 23:30:00"
IOP,0.00091061,"2017-10-07 23:35:00"
IOP,0.00091853,"2017-10-07 23:40:00"
IOP,0.00091263,"2017-10-07 23:45:00"
IOP,0.00091837,"2017-10-07 23:50:00"
IOP,0.0009106,"2017-10-07 23:55:00"
IOP,0.00091263,"2017-10-08 00:00:00"
IOP,0.00091845,"2017-10-08 00:05:00"
IOP,0.0009211,"2017-10-08 00:10:00"
IOP,0.00092758,"2017-10-08 00:15:00"
IOP,0.00093111,"2017-10-08 00:20:00"
IOP,0.00092515,"2017-10-08 00:25:00"
IOP,0.000922,"2017-10-08 00:30:00"
IOP,0.0009211,"2017-10-08 00:35:00"
IOP,0.00091993,"2017-10-08 00:40:00"
IOP,0.00091992,"2017-10-08 00:45:00"
IOP,0.00091992,"2017-10-08 00:50:00"
IOP,0.000923,"2017-10-08 00:55:00"
IOP,0.0009211,"2017-10-08 01:00:00"
IOP,0.0009211,"2017-10-08 01:05:00"
IOP,0.0009211,"2017-10-08 01:10:00"
IOP,0.00091992,"2017-10-08 01:15:00"
IOP,0.00091587,"2017-10-08 01:20:00"
IOP,0.00092499,"2017-10-08 01:25:00"
IOP,0.00091705,"2017-10-08 01:30:00"
IOP,0.000925,"2017-10-08 01:35:00"
IOP,0.00091586,"2017-10-08 01:40:00"
IOP,0.00091012,"2017-10-08 01:45:00"
IOP,0.000915,"2017-10-08 01:50:00"
IOP,0.00091447,"2017-10-08 01:55:00"
IOP,0.00090889,"2017-10-08 02:00:00"
IOP,0.0009089,"2017-10-08 02:05:00"
IOP,0.00091447,"2017-10-08 02:10:00"
IOP,0.00091446,"2017-10-08 02:15:00"
IOP,0.00091199,"2017-10-08 02:20:00"
IOP,0.0009089,"2017-10-08 02:25:00"
IOP,0.0009089,"2017-10-08 02:30:00"
IOP,0.0009088,"2017-10-08 02:35:00"
IOP,0.0009081,"2017-10-08 02:40:00"
IOP,0.0009081,"2017-10-08 02:45:00"
IOP,0.00090799,"2017-10-08 02:50:00"
IOP,0.00090673,"2017-10-08 02:55:00"
IOP,0.00090674,"2017-10-08 03:00:00"
IOP,0.0009089,"2017-10-08 03:05:00"
IOP,0.00090673,"2017-10-08 03:10:00"
IOP,0.00090672,"2017-10-08 03:15:00"
IOP,0.00091,"2017-10-08 03:20:00"
IOP,0.000905,"2017-10-08 03:25:00"
IOP,0.000905,"2017-10-08 03:30:00"
IOP,0.00091356,"2017-10-08 03:35:00"
IOP,0.000905,"2017-10-08 03:40:00"
IOP,0.000909,"2017-10-08 03:45:00"
IOP,0.0009017,"2017-10-08 03:50:00"
IOP,0.000904,"2017-10-08 03:55:00"
IOP,0.000904,"2017-10-08 04:00:00"
IOP,0.00090102,"2017-10-08 04:05:00"
IOP,0.00089802,"2017-10-08 04:10:00"
IOP,0.00089957,"2017-10-08 04:15:00"
IOP,0.00089958,"2017-10-08 04:20:00"
IOP,0.000895,"2017-10-08 04:25:00"
IOP,0.00089409,"2017-10-08 04:30:00"
IOP,0.00088827,"2017-10-08 04:35:00"
IOP,0.00088669,"2017-10-08 04:40:00"
IOP,0.00088466,"2017-10-08 04:45:00"
IOP,0.00087858,"2017-10-08 04:50:00"
IOP,0.00087935,"2017-10-08 04:55:00"
IOP,0.000886,"2017-10-08 05:00:00"
IOP,0.00088789,"2017-10-08 05:05:00"
IOP,0.00088979,"2017-10-08 05:10:00"
IOP,0.00088098,"2017-10-08 05:15:00"
IOP,0.00088978,"2017-10-08 05:20:00"
IOP,0.00088979,"2017-10-08 05:25:00"
IOP,0.00088979,"2017-10-08 05:30:00"
IOP,0.00089678,"2017-10-08 05:35:00"
IOP,0.00090153,"2017-10-08 05:40:00"
IOP,0.00090704,"2017-10-08 05:45:00"
IOP,0.00090859,"2017-10-08 05:50:00"
IOP,0.00090858,"2017-10-08 05:55:00"
IOP,0.0009078,"2017-10-08 06:00:00"
IOP,0.00090825,"2017-10-08 06:05:00"
IOP,0.00090725,"2017-10-08 06:10:00"
IOP,0.00090158,"2017-10-08 06:15:00"
IOP,0.00090157,"2017-10-08 06:20:00"
IOP,0.00090725,"2017-10-08 06:25:00"
IOP,0.00090725,"2017-10-08 06:30:00"
IOP,0.00090724,"2017-10-08 06:35:00"
IOP,0.00090154,"2017-10-08 06:40:00"
IOP,0.00090154,"2017-10-08 06:45:00"
IOP,0.00090144,"2017-10-08 06:50:00"
IOP,0.00090143,"2017-10-08 06:55:00"
IOP,0.00090144,"2017-10-08 07:00:00"
IOP,0.00090144,"2017-10-08 07:05:00"
IOP,0.0009,"2017-10-08 07:10:00"
IOP,0.000901,"2017-10-08 07:15:00"
IOP,0.00090099,"2017-10-08 07:20:00"
IOP,0.00090099,"2017-10-08 07:25:00"
IOP,0.00089998,"2017-10-08 07:30:00"
IOP,0.00089275,"2017-10-08 07:35:00"
IOP,0.00088492,"2017-10-08 07:40:00"
IOP,0.00087668,"2017-10-08 07:45:00"
IOP,0.00087301,"2017-10-08 07:50:00"
IOP,0.000876,"2017-10-08 07:55:00"
IOP,0.000876,"2017-10-08 08:00:00"
IOP,0.000876,"2017-10-08 08:05:00"
IOP,0.0008725,"2017-10-08 08:10:00"
IOP,0.000874,"2017-10-08 08:15:00"
IOP,0.00087265,"2017-10-08 08:20:00"
IOP,0.0008711,"2017-10-08 08:25:00"
IOP,0.00087,"2017-10-08 08:30:00"
IOP,0.00086908,"2017-10-08 08:35:00"
IOP,0.00087255,"2017-10-08 08:40:00"
IOP,0.00087157,"2017-10-08 08:45:00"
IOP,0.00085664,"2017-10-08 08:50:00"
IOP,0.00085492,"2017-10-08 08:55:00"
IOP,0.00084819,"2017-10-08 09:00:00"
IOP,0.00085711,"2017-10-08 09:05:00"
IOP,0.00084973,"2017-10-08 09:10:00"
IOP,0.00084251,"2017-10-08 09:15:00"
IOP,0.0008401,"2017-10-08 09:20:00"
IOP,0.00084009,"2017-10-08 09:25:00"
IOP,0.00084009,"2017-10-08 09:30:00"
IOP,0.00085055,"2017-10-08 09:35:00"
IOP,0.00085049,"2017-10-08 09:40:00"
IOP,0.00085,"2017-10-08 09:45:00"
IOP,0.000844,"2017-10-08 09:50:00"
IOP,0.00085,"2017-10-08 09:55:00"
IOP,0.00085952,"2017-10-08 10:00:00"
IOP,0.00087124,"2017-10-08 10:05:00"
IOP,0.00086532,"2017-10-08 10:10:00"
IOP,0.000863,"2017-10-08 10:15:00"
IOP,0.00087,"2017-10-08 10:20:00"
IOP,0.00086969,"2017-10-08 10:25:00"
IOP,0.00085996,"2017-10-08 10:30:00"
IOP,0.000867,"2017-10-08 10:35:00"
IOP,0.0008514,"2017-10-08 10:40:00"
IOP,0.0008514,"2017-10-08 10:45:00"
IOP,0.00084932,"2017-10-08 10:50:00"
IOP,0.00085855,"2017-10-08 10:55:00"
IOP,0.00084812,"2017-10-08 11:00:00"
IOP,0.0008401,"2017-10-08 11:05:00"
IOP,0.00084599,"2017-10-08 11:10:00"
IOP,0.00083881,"2017-10-08 11:15:00"
IOP,0.00083495,"2017-10-08 11:20:00"
IOP,0.00082,"2017-10-08 11:25:00"
IOP,0.00082727,"2017-10-08 11:30:00"
IOP,0.00082722,"2017-10-08 11:35:00"
IOP,0.00081,"2017-10-08 11:40:00"
IOP,0.00080975,"2017-10-08 11:45:00"
IOP,0.00080175,"2017-10-08 11:50:00"
IOP,0.000805,"2017-10-08 11:55:00"
IOP,0.00080998,"2017-10-08 12:00:00"
IOP,0.00081,"2017-10-08 12:05:00"
IOP,0.00081482,"2017-10-08 12:10:00"
IOP,0.0008211,"2017-10-08 12:15:00"
IOP,0.00081482,"2017-10-08 12:20:00"
IOP,0.00080676,"2017-10-08 12:25:00"
IOP,0.00081674,"2017-10-08 12:30:00"
IOP,0.00080856,"2017-10-08 12:35:00"
IOP,0.00080005,"2017-10-08 12:40:00"
IOP,0.00080006,"2017-10-08 12:45:00"
IOP,0.00079755,"2017-10-08 12:50:00"
IOP,0.00079358,"2017-10-08 12:55:00"
IOP,0.00078355,"2017-10-08 13:00:00"
IOP,0.00079099,"2017-10-08 13:05:00"
IOP,0.00079,"2017-10-08 13:10:00"
IOP,0.00079,"2017-10-08 13:15:00"
IOP,0.00078004,"2017-10-08 13:20:00"
IOP,0.00077424,"2017-10-08 13:25:00"
IOP,0.00076697,"2017-10-08 13:30:00"
IOP,0.00078188,"2017-10-08 13:35:00"
IOP,0.00079087,"2017-10-08 13:40:00"
IOP,0.0008,"2017-10-08 13:45:00"
IOP,0.00081555,"2017-10-08 13:50:00"
IOP,0.000818,"2017-10-08 13:55:00"
IOP,0.00084263,"2017-10-08 14:00:00"
IOP,0.0008435,"2017-10-08 14:05:00"
IOP,0.000848,"2017-10-08 14:10:00"
IOP,0.00079,"2017-10-08 14:15:00"
IOP,0.000796,"2017-10-08 14:20:00"
IOP,0.000805,"2017-10-08 14:25:00"
IOP,0.00080512,"2017-10-08 14:30:00"
IOP,0.00079602,"2017-10-08 14:35:00"
IOP,0.00082598,"2017-10-08 14:40:00"
IOP,0.000815,"2017-10-08 14:45:00"
IOP,0.000809,"2017-10-08 14:50:00"
IOP,0.00080817,"2017-10-08 14:55:00"
IOP,0.00079722,"2017-10-08 15:00:00"
IOP,0.00080989,"2017-10-08 15:05:00"
IOP,0.00079026,"2017-10-08 15:10:00"
IOP,0.00081394,"2017-10-08 15:15:00"
IOP,0.00082,"2017-10-08 15:20:00"
IOP,0.00081999,"2017-10-08 15:25:00"
IOP,0.00081537,"2017-10-08 15:30:00"
IOP,0.00081999,"2017-10-08 15:35:00"
IOP,0.00081998,"2017-10-08 15:40:00"
IOP,0.00081228,"2017-10-08 15:45:00"
IOP,0.0008166,"2017-10-08 15:50:00"
IOP,0.00081659,"2017-10-08 15:55:00"
IOP,0.00081658,"2017-10-08 16:00:00"
IOP,0.0008123,"2017-10-08 16:05:00"
IOP,0.00081228,"2017-10-08 16:10:00"
IOP,0.00081228,"2017-10-08 16:15:00"
IOP,0.00081228,"2017-10-08 16:20:00"
IOP,0.00080212,"2017-10-08 16:25:00"
IOP,0.00079049,"2017-10-08 16:30:00"
IOP,0.0008129,"2017-10-08 16:35:00"
IOP,0.000811,"2017-10-08 16:40:00"
IOP,0.00079037,"2017-10-08 16:45:00"
IOP,0.00079033,"2017-10-08 16:50:00"
IOP,0.00078951,"2017-10-08 16:55:00"
IOP,0.0007895,"2017-10-08 17:00:00"
IOP,0.00077946,"2017-10-08 17:05:00"
IOP,0.00076972,"2017-10-08 17:10:00"
IOP,0.000767,"2017-10-08 17:15:00"
IOP,0.00078276,"2017-10-08 17:20:00"
IOP,0.000785,"2017-10-08 17:25:00"
IOP,0.00077992,"2017-10-08 17:30:00"
IOP,0.00077973,"2017-10-08 17:35:00"
IOP,0.00077002,"2017-10-08 17:40:00"
IOP,0.00077484,"2017-10-08 17:45:00"
IOP,0.0007611,"2017-10-08 17:50:00"
IOP,0.00076,"2017-10-08 17:55:00"
IOP,0.000762,"2017-10-08 18:00:00"
IOP,0.0007601,"2017-10-08 18:05:00"
IOP,0.00076009,"2017-10-08 18:10:00"
IOP,0.00076013,"2017-10-08 18:15:00"
IOP,0.00075798,"2017-10-08 18:20:00"
IOP,0.0007501,"2017-10-08 18:25:00"
IOP,0.00074541,"2017-10-08 18:30:00"
IOP,0.00073305,"2017-10-08 18:35:00"
IOP,0.00072426,"2017-10-08 18:40:00"
IOP,0.00072855,"2017-10-08 18:45:00"
IOP,0.00071921,"2017-10-08 18:50:00"
IOP,0.00072381,"2017-10-08 18:55:00"
IOP,0.0007675,"2017-10-08 19:00:00"
IOP,0.00082274,"2017-10-08 19:05:00"
IOP,0.00078701,"2017-10-08 19:10:00"
IOP,0.0008,"2017-10-08 19:15:00"
IOP,0.00081018,"2017-10-08 19:20:00"
IOP,0.0008349,"2017-10-08 19:25:00"
IOP,0.00080107,"2017-10-08 19:30:00"
IOP,0.000806,"2017-10-08 19:35:00"
IOP,0.00081704,"2017-10-08 19:40:00"
IOP,0.00082665,"2017-10-08 19:45:00"
IOP,0.00084,"2017-10-08 19:50:00"
IOP,0.00084,"2017-10-08 19:55:00"
IOP,0.00083768,"2017-10-08 20:00:00"
IOP,0.00083475,"2017-10-08 20:05:00"
IOP,0.00084,"2017-10-08 20:10:00"
IOP,0.0008316,"2017-10-08 20:15:00"
IOP,0.0008293,"2017-10-08 20:20:00"
IOP,0.00080495,"2017-10-08 20:25:00"
IOP,0.00081168,"2017-10-08 20:30:00"
IOP,0.000804,"2017-10-08 20:35:00"
IOP,0.00080132,"2017-10-08 20:40:00"
IOP,0.0008014,"2017-10-08 20:45:00"
IOP,0.0008089,"2017-10-08 20:50:00"
IOP,0.000802,"2017-10-08 20:55:00"
IOP,0.000807,"2017-10-08 21:00:00"
IOP,0.00080917,"2017-10-08 21:05:00"
IOP,0.00080925,"2017-10-08 21:10:00"
IOP,0.00080925,"2017-10-08 21:15:00"
IOP,0.00077854,"2017-10-08 21:20:00"
IOP,0.00076665,"2017-10-08 21:25:00"
IOP,0.00079,"2017-10-08 21:30:00"
IOP,0.00079,"2017-10-08 21:35:00"
IOP,0.0007912,"2017-10-08 21:40:00"
IOP,0.00079502,"2017-10-08 21:45:00"
IOP,0.0008,"2017-10-08 21:50:00"
IOP,0.000793,"2017-10-08 21:55:00"
IOP,0.00079952,"2017-10-08 22:00:00"
IOP,0.00079302,"2017-10-08 22:05:00"
IOP,0.00077878,"2017-10-08 22:10:00"
IOP,0.000768,"2017-10-08 22:15:00"
IOP,0.00077805,"2017-10-08 22:20:00"
IOP,0.00078373,"2017-10-08 22:25:00"
IOP,0.00076667,"2017-10-08 22:30:00"
IOP,0.00076503,"2017-10-08 22:35:00"
IOP,0.00076591,"2017-10-08 22:40:00"
IOP,0.00078809,"2017-10-08 22:45:00"
IOP,0.000779,"2017-10-08 22:50:00"
IOP,0.00077897,"2017-10-08 22:55:00"
IOP,0.00077399,"2017-10-08 23:00:00"
IOP,0.00075997,"2017-10-08 23:05:00"
IOP,0.0007516,"2017-10-08 23:10:00"
IOP,0.00075002,"2017-10-08 23:15:00"
IOP,0.00075,"2017-10-08 23:20:00"
IOP,0.00073201,"2017-10-08 23:25:00"
IOP,0.00074755,"2017-10-08 23:30:00"
IOP,0.00074755,"2017-10-08 23:35:00"
IOP,0.00075998,"2017-10-08 23:40:00"
IOP,0.00073912,"2017-10-08 23:45:00"
IOP,0.00072791,"2017-10-08 23:50:00"
IOP,0.000729,"2017-10-08 23:55:00"
IOP,0.000729,"2017-10-09 00:00:00"
IOP,0.000729,"2017-10-09 00:05:00"
IOP,0.00073603,"2017-10-09 00:10:00"
IOP,0.0007276,"2017-10-09 00:15:00"
IOP,0.00072303,"2017-10-09 00:20:00"
IOP,0.000705,"2017-10-09 00:25:00"
IOP,0.00070722,"2017-10-09 00:30:00"
IOP,0.00072562,"2017-10-09 00:35:00"
IOP,0.00070561,"2017-10-09 00:40:00"
IOP,0.0007056,"2017-10-09 00:45:00"
IOP,0.00070561,"2017-10-09 00:50:00"
IOP,0.00071973,"2017-10-09 00:55:00"
IOP,0.000708,"2017-10-09 01:00:00"
IOP,0.00071466,"2017-10-09 01:05:00"
IOP,0.00072251,"2017-10-09 01:10:00"
IOP,0.00074214,"2017-10-09 01:15:00"
IOP,0.00071755,"2017-10-09 01:20:00"
IOP,0.00071999,"2017-10-09 01:25:00"
IOP,0.00071509,"2017-10-09 01:30:00"
IOP,0.00071509,"2017-10-09 01:35:00"
IOP,0.00070899,"2017-10-09 01:40:00"
IOP,0.00071,"2017-10-09 01:45:00"
IOP,0.00071357,"2017-10-09 01:50:00"
IOP,0.00071357,"2017-10-09 01:55:00"
IOP,0.00071349,"2017-10-09 02:00:00"
IOP,0.00069508,"2017-10-09 02:05:00"
IOP,0.00072215,"2017-10-09 02:10:00"
IOP,0.000717,"2017-10-09 02:15:00"
IOP,0.000714,"2017-10-09 02:20:00"
IOP,0.00071412,"2017-10-09 02:25:00"
IOP,0.00072206,"2017-10-09 02:30:00"
IOP,0.00072207,"2017-10-09 02:35:00"
IOP,0.00073595,"2017-10-09 02:40:00"
IOP,0.00073586,"2017-10-09 02:45:00"
IOP,0.000738,"2017-10-09 02:50:00"
IOP,0.00074136,"2017-10-09 02:55:00"
IOP,0.000731,"2017-10-09 03:00:00"
IOP,0.00072367,"2017-10-09 03:05:00"
IOP,0.00071751,"2017-10-09 03:10:00"
IOP,0.000718,"2017-10-09 03:15:00"
IOP,0.000714,"2017-10-09 03:20:00"
IOP,0.000714,"2017-10-09 03:25:00"
IOP,0.00071301,"2017-10-09 03:30:00"
IOP,0.00071001,"2017-10-09 03:35:00"
IOP,0.000722,"2017-10-09 03:40:00"
IOP,0.00072811,"2017-10-09 03:45:00"
IOP,0.00071311,"2017-10-09 03:50:00"
IOP,0.00071314,"2017-10-09 03:55:00"
IOP,0.00072811,"2017-10-09 04:00:00"
IOP,0.00072498,"2017-10-09 04:05:00"
IOP,0.0007242,"2017-10-09 04:10:00"
IOP,0.00071257,"2017-10-09 04:15:00"
IOP,0.00071256,"2017-10-09 04:20:00"
IOP,0.00071256,"2017-10-09 04:25:00"
IOP,0.00073728,"2017-10-09 04:30:00"
IOP,0.00073,"2017-10-09 04:35:00"
IOP,0.000736,"2017-10-09 04:40:00"
IOP,0.000736,"2017-10-09 04:45:00"
IOP,0.000736,"2017-10-09 04:50:00"
IOP,0.00072991,"2017-10-09 04:55:00"
IOP,0.00072655,"2017-10-09 05:00:00"
IOP,0.000711,"2017-10-09 05:05:00"
IOP,0.00072207,"2017-10-09 05:10:00"
IOP,0.00071862,"2017-10-09 05:15:00"
IOP,0.000715,"2017-10-09 05:20:00"
IOP,0.00071511,"2017-10-09 05:25:00"
IOP,0.00071655,"2017-10-09 05:30:00"
IOP,0.0007135,"2017-10-09 05:35:00"
IOP,0.00071125,"2017-10-09 05:40:00"
IOP,0.00071125,"2017-10-09 05:45:00"
IOP,0.00071,"2017-10-09 05:50:00"
IOP,0.00071125,"2017-10-09 05:55:00"
IOP,0.00070999,"2017-10-09 06:00:00"
IOP,0.00070833,"2017-10-09 06:05:00"
IOP,0.00070837,"2017-10-09 06:10:00"
IOP,0.0007,"2017-10-09 06:15:00"
IOP,0.00068006,"2017-10-09 06:20:00"
IOP,0.00068205,"2017-10-09 06:25:00"
IOP,0.00068005,"2017-10-09 06:30:00"
IOP,0.000685,"2017-10-09 06:35:00"
IOP,0.00069434,"2017-10-09 06:40:00"
IOP,0.00069433,"2017-10-09 06:45:00"
IOP,0.00068,"2017-10-09 06:50:00"
IOP,0.000668,"2017-10-09 06:55:00"
IOP,0.00066659,"2017-10-09 07:00:00"
IOP,0.00067258,"2017-10-09 07:05:00"
IOP,0.00067119,"2017-10-09 07:10:00"
IOP,0.00066909,"2017-10-09 07:15:00"
IOP,0.0006586,"2017-10-09 07:20:00"
IOP,0.00064449,"2017-10-09 07:25:00"
IOP,0.00065999,"2017-10-09 07:30:00"
IOP,0.00067499,"2017-10-09 07:35:00"
IOP,0.00065561,"2017-10-09 07:40:00"
IOP,0.00064879,"2017-10-09 07:45:00"
IOP,0.000648,"2017-10-09 07:50:00"
IOP,0.00064002,"2017-10-09 07:55:00"
IOP,0.00063978,"2017-10-09 08:00:00"
IOP,0.00064215,"2017-10-09 08:05:00"
IOP,0.00064215,"2017-10-09 08:10:00"
IOP,0.00065559,"2017-10-09 08:15:00"
IOP,0.00065559,"2017-10-09 08:20:00"
IOP,0.00065331,"2017-10-09 08:25:00"
IOP,0.00065331,"2017-10-09 08:30:00"
IOP,0.0006529,"2017-10-09 08:35:00"
IOP,0.00064501,"2017-10-09 08:40:00"
IOP,0.0006519,"2017-10-09 08:45:00"
IOP,0.000659,"2017-10-09 08:50:00"
IOP,0.00066866,"2017-10-09 08:55:00"
IOP,0.00064688,"2017-10-09 09:00:00"
IOP,0.000652,"2017-10-09 09:05:00"
IOP,0.00065301,"2017-10-09 09:10:00"
IOP,0.00066021,"2017-10-09 09:15:00"
IOP,0.00065701,"2017-10-09 09:20:00"
IOP,0.00066502,"2017-10-09 09:25:00"
IOP,0.00067668,"2017-10-09 09:30:00"
IOP,0.0006789,"2017-10-09 09:35:00"
IOP,0.00066715,"2017-10-09 09:40:00"
IOP,0.00066991,"2017-10-09 09:45:00"
IOP,0.00065302,"2017-10-09 09:50:00"
IOP,0.00065368,"2017-10-09 09:55:00"
IOP,0.00065524,"2017-10-09 10:00:00"
IOP,0.00066002,"2017-10-09 10:05:00"
IOP,0.00067043,"2017-10-09 10:10:00"
IOP,0.00067232,"2017-10-09 10:15:00"
IOP,0.00067492,"2017-10-09 10:20:00"
IOP,0.0006656,"2017-10-09 10:25:00"
IOP,0.00066352,"2017-10-09 10:30:00"
IOP,0.00067984,"2017-10-09 10:35:00"
IOP,0.00067967,"2017-10-09 10:40:00"
IOP,0.00067999,"2017-10-09 10:45:00"
IOP,0.00067501,"2017-10-09 10:50:00"
IOP,0.000675,"2017-10-09 10:55:00"
IOP,0.00067992,"2017-10-09 11:00:00"
IOP,0.00068,"2017-10-09 11:05:00"
IOP,0.00067322,"2017-10-09 11:10:00"
IOP,0.00067323,"2017-10-09 11:15:00"
IOP,0.00067326,"2017-10-09 11:20:00"
IOP,0.00067323,"2017-10-09 11:25:00"
IOP,0.00067322,"2017-10-09 11:30:00"
IOP,0.00067322,"2017-10-09 11:35:00"
IOP,0.0006719,"2017-10-09 11:40:00"
IOP,0.00067,"2017-10-09 11:45:00"
IOP,0.00067799,"2017-10-09 11:50:00"
IOP,0.00067799,"2017-10-09 11:55:00"
IOP,0.000677,"2017-10-09 12:00:00"
IOP,0.0006768,"2017-10-09 12:05:00"
IOP,0.000665,"2017-10-09 12:10:00"
IOP,0.00066,"2017-10-09 12:15:00"
IOP,0.00065999,"2017-10-09 12:20:00"
IOP,0.000645,"2017-10-09 12:25:00"
IOP,0.00064505,"2017-10-09 12:30:00"
IOP,0.00066,"2017-10-09 12:35:00"
IOP,0.00066196,"2017-10-09 12:40:00"
IOP,0.00066192,"2017-10-09 12:45:00"
IOP,0.00066191,"2017-10-09 12:50:00"
IOP,0.00066188,"2017-10-09 12:55:00"
IOP,0.00066188,"2017-10-09 13:00:00"
IOP,0.00064877,"2017-10-09 13:05:00"
IOP,0.00066191,"2017-10-09 13:10:00"
IOP,0.000659,"2017-10-09 13:15:00"
IOP,0.00065165,"2017-10-09 13:20:00"
IOP,0.000655,"2017-10-09 13:25:00"
IOP,0.00066144,"2017-10-09 13:30:00"
IOP,0.00065555,"2017-10-09 13:35:00"
IOP,0.00065555,"2017-10-09 13:40:00"
IOP,0.00066145,"2017-10-09 13:45:00"
IOP,0.00066,"2017-10-09 13:50:00"
IOP,0.00065504,"2017-10-09 13:55:00"
IOP,0.00066,"2017-10-09 14:00:00"
IOP,0.00066019,"2017-10-09 14:05:00"
IOP,0.00066019,"2017-10-09 14:10:00"
IOP,0.00065196,"2017-10-09 14:15:00"
IOP,0.00065,"2017-10-09 14:20:00"
IOP,0.00065194,"2017-10-09 14:25:00"
IOP,0.00066226,"2017-10-09 14:30:00"
IOP,0.00065002,"2017-10-09 14:35:00"
IOP,0.0006615,"2017-10-09 14:40:00"
IOP,0.00067,"2017-10-09 14:45:00"
IOP,0.00066801,"2017-10-09 14:50:00"
IOP,0.000675,"2017-10-09 14:55:00"
IOP,0.0006768,"2017-10-09 15:00:00"
IOP,0.00068354,"2017-10-09 15:05:00"
IOP,0.00071429,"2017-10-09 15:10:00"
IOP,0.0007143,"2017-10-09 15:15:00"
IOP,0.00069049,"2017-10-09 15:20:00"
IOP,0.0007,"2017-10-09 15:25:00"
IOP,0.0007018,"2017-10-09 15:30:00"
IOP,0.00068122,"2017-10-09 15:35:00"
IOP,0.000685,"2017-10-09 15:40:00"
IOP,0.000685,"2017-10-09 15:45:00"
IOP,0.00069808,"2017-10-09 15:50:00"
IOP,0.00068704,"2017-10-09 15:55:00"
IOP,0.00068508,"2017-10-09 16:00:00"
IOP,0.000685,"2017-10-09 16:05:00"
IOP,0.00068505,"2017-10-09 16:10:00"
IOP,0.00069093,"2017-10-09 16:15:00"
IOP,0.00070037,"2017-10-09 16:20:00"
IOP,0.00070141,"2017-10-09 16:25:00"
IOP,0.00070277,"2017-10-09 16:30:00"
IOP,0.00071073,"2017-10-09 16:35:00"
IOP,0.00071992,"2017-10-09 16:40:00"
IOP,0.000725,"2017-10-09 16:45:00"
IOP,0.00079,"2017-10-09 16:50:00"
IOP,0.00077496,"2017-10-09 16:55:00"
IOP,0.000839,"2017-10-09 17:00:00"
IOP,0.00078781,"2017-10-09 17:05:00"
IOP,0.0007902,"2017-10-09 17:10:00"
IOP,0.00077137,"2017-10-09 17:15:00"
IOP,0.00075402,"2017-10-09 17:20:00"
IOP,0.00078436,"2017-10-09 17:25:00"
IOP,0.00076879,"2017-10-09 17:30:00"
IOP,0.00078896,"2017-10-09 17:35:00"
IOP,0.00078849,"2017-10-09 17:40:00"
IOP,0.00082,"2017-10-09 17:45:00"
IOP,0.00079791,"2017-10-09 17:50:00"
IOP,0.00082211,"2017-10-09 17:55:00"
IOP,0.00081999,"2017-10-09 18:00:00"
IOP,0.00081796,"2017-10-09 18:05:00"
IOP,0.0008,"2017-10-09 18:10:00"
IOP,0.000778,"2017-10-09 18:15:00"
IOP,0.00077,"2017-10-09 18:20:00"
IOP,0.00077771,"2017-10-09 18:25:00"
IOP,0.00077942,"2017-10-09 18:30:00"
IOP,0.00079612,"2017-10-09 18:35:00"
IOP,0.00079,"2017-10-09 18:40:00"
IOP,0.00080037,"2017-10-09 18:45:00"
IOP,0.00079439,"2017-10-09 18:50:00"
IOP,0.00078767,"2017-10-09 18:55:00"
IOP,0.0008,"2017-10-09 19:00:00"
IOP,0.00078411,"2017-10-09 19:05:00"
IOP,0.00078413,"2017-10-09 19:10:00"
IOP,0.00078964,"2017-10-09 19:15:00"
IOP,0.00078001,"2017-10-09 19:20:00"
IOP,0.00076987,"2017-10-09 19:25:00"
IOP,0.0007523,"2017-10-09 19:30:00"
IOP,0.00076295,"2017-10-09 19:35:00"
IOP,0.00075099,"2017-10-09 19:40:00"
IOP,0.00074501,"2017-10-09 19:45:00"
IOP,0.00074505,"2017-10-09 19:50:00"
IOP,0.00073,"2017-10-09 19:55:00"
IOP,0.00073823,"2017-10-09 20:00:00"
IOP,0.000731,"2017-10-09 20:05:00"
IOP,0.00072,"2017-10-09 20:10:00"
IOP,0.00070554,"2017-10-09 20:15:00"
IOP,0.00069101,"2017-10-09 20:20:00"
IOP,0.0007,"2017-10-09 20:25:00"
IOP,0.0007183,"2017-10-09 20:30:00"
IOP,0.00070109,"2017-10-09 20:35:00"
IOP,0.00070283,"2017-10-09 20:40:00"
IOP,0.0006956,"2017-10-09 20:45:00"
IOP,0.00070002,"2017-10-09 20:50:00"
IOP,0.00070699,"2017-10-09 20:55:00"
IOP,0.0007149,"2017-10-09 21:00:00"
IOP,0.00071498,"2017-10-09 21:05:00"
IOP,0.00071472,"2017-10-09 21:10:00"
IOP,0.00070492,"2017-10-09 21:15:00"
IOP,0.0006927,"2017-10-09 21:20:00"
IOP,0.00068958,"2017-10-09 21:25:00"
IOP,0.00068271,"2017-10-09 21:30:00"
IOP,0.00067999,"2017-10-09 21:35:00"
IOP,0.00068765,"2017-10-09 21:40:00"
IOP,0.00068765,"2017-10-09 21:45:00"
IOP,0.00069821,"2017-10-09 21:50:00"
IOP,0.00070313,"2017-10-09 21:55:00"
IOP,0.00069817,"2017-10-09 22:00:00"
IOP,0.00068419,"2017-10-09 22:05:00"
IOP,0.0006845,"2017-10-09 22:10:00"
IOP,0.00069065,"2017-10-09 22:15:00"
IOP,0.00069959,"2017-10-09 22:20:00"
IOP,0.00068312,"2017-10-09 22:25:00"
IOP,0.00068253,"2017-10-09 22:30:00"
IOP,0.00067999,"2017-10-09 22:35:00"
IOP,0.00068252,"2017-10-09 22:40:00"
IOP,0.0006835,"2017-10-09 22:45:00"
IOP,0.00068976,"2017-10-09 22:50:00"
IOP,0.00068976,"2017-10-09 22:55:00"
IOP,0.00068163,"2017-10-09 23:00:00"
IOP,0.00068975,"2017-10-09 23:05:00"
IOP,0.00069496,"2017-10-09 23:10:00"
IOP,0.00069074,"2017-10-09 23:15:00"
IOP,0.0006851,"2017-10-09 23:20:00"
IOP,0.00069113,"2017-10-09 23:25:00"
IOP,0.00068149,"2017-10-09 23:30:00"
IOP,0.00069153,"2017-10-09 23:35:00"
IOP,0.000693,"2017-10-09 23:40:00"
IOP,0.00068378,"2017-10-09 23:45:00"
IOP,0.00070208,"2017-10-09 23:50:00"
IOP,0.00070208,"2017-10-09 23:55:00"
IOP,0.00070492,"2017-10-10 00:00:00"
IOP,0.00072674,"2017-10-10 00:05:00"
IOP,0.00073334,"2017-10-10 00:10:00"
IOP,0.000733,"2017-10-10 00:15:00"
IOP,0.00075,"2017-10-10 00:20:00"
IOP,0.0007515,"2017-10-10 00:25:00"
IOP,0.00074999,"2017-10-10 00:30:00"
IOP,0.00078252,"2017-10-10 00:35:00"
IOP,0.00077952,"2017-10-10 00:40:00"
IOP,0.00075977,"2017-10-10 00:45:00"
IOP,0.00072409,"2017-10-10 00:50:00"
IOP,0.00075,"2017-10-10 00:55:00"
IOP,0.00074538,"2017-10-10 01:00:00"
IOP,0.00074501,"2017-10-10 01:05:00"
IOP,0.00075417,"2017-10-10 01:10:00"
IOP,0.00074387,"2017-10-10 01:15:00"
IOP,0.00074358,"2017-10-10 01:20:00"
IOP,0.000728,"2017-10-10 01:25:00"
IOP,0.00072,"2017-10-10 01:30:00"
IOP,0.00071345,"2017-10-10 01:35:00"
IOP,0.00071345,"2017-10-10 01:40:00"
IOP,0.00072,"2017-10-10 01:45:00"
IOP,0.00072329,"2017-10-10 01:50:00"
IOP,0.00074999,"2017-10-10 01:55:00"
IOP,0.00072701,"2017-10-10 02:00:00"
IOP,0.0007282,"2017-10-10 02:05:00"
IOP,0.00073524,"2017-10-10 02:10:00"
IOP,0.00073739,"2017-10-10 02:15:00"
IOP,0.00073739,"2017-10-10 02:20:00"
IOP,0.00073739,"2017-10-10 02:25:00"
IOP,0.00074,"2017-10-10 02:30:00"
IOP,0.00074081,"2017-10-10 02:35:00"
IOP,0.00074914,"2017-10-10 02:40:00"
IOP,0.00075998,"2017-10-10 02:45:00"
IOP,0.0007678,"2017-10-10 02:50:00"
IOP,0.00075639,"2017-10-10 02:55:00"
IOP,0.00075582,"2017-10-10 03:00:00"
IOP,0.000751,"2017-10-10 03:05:00"
IOP,0.00075201,"2017-10-10 03:10:00"
IOP,0.00076,"2017-10-10 03:15:00"
IOP,0.00076,"2017-10-10 03:20:00"
IOP,0.00075994,"2017-10-10 03:25:00"
IOP,0.00075898,"2017-10-10 03:30:00"
IOP,0.0007478,"2017-10-10 03:35:00"
IOP,0.00074118,"2017-10-10 03:40:00"
IOP,0.00072831,"2017-10-10 03:45:00"
IOP,0.00072299,"2017-10-10 03:50:00"
IOP,0.00072557,"2017-10-10 03:55:00"
IOP,0.00073785,"2017-10-10 04:00:00"
IOP,0.00072902,"2017-10-10 04:05:00"
IOP,0.00073785,"2017-10-10 04:10:00"
IOP,0.000739,"2017-10-10 04:15:00"
IOP,0.000739,"2017-10-10 04:20:00"
IOP,0.0007395,"2017-10-10 04:25:00"
IOP,0.00073898,"2017-10-10 04:30:00"
IOP,0.0007395,"2017-10-10 04:35:00"
IOP,0.00073786,"2017-10-10 04:40:00"
IOP,0.00074678,"2017-10-10 04:45:00"
IOP,0.000732,"2017-10-10 04:50:00"
IOP,0.00073603,"2017-10-10 04:55:00"
IOP,0.0007304,"2017-10-10 05:00:00"
IOP,0.000723,"2017-10-10 05:05:00"
IOP,0.00072,"2017-10-10 05:10:00"
IOP,0.00072986,"2017-10-10 05:15:00"
IOP,0.0007289,"2017-10-10 05:20:00"
IOP,0.00071804,"2017-10-10 05:25:00"
IOP,0.00072999,"2017-10-10 05:30:00"
IOP,0.0007179,"2017-10-10 05:35:00"
IOP,0.0007182,"2017-10-10 05:40:00"
IOP,0.00071823,"2017-10-10 05:45:00"
IOP,0.00072826,"2017-10-10 05:50:00"
IOP,0.000727,"2017-10-10 05:55:00"
IOP,0.00071815,"2017-10-10 06:00:00"
IOP,0.00071819,"2017-10-10 06:05:00"
IOP,0.00072536,"2017-10-10 06:10:00"
IOP,0.00072536,"2017-10-10 06:15:00"
IOP,0.0007185,"2017-10-10 06:20:00"
IOP,0.00071566,"2017-10-10 06:25:00"
IOP,0.00071524,"2017-10-10 06:30:00"
IOP,0.000705,"2017-10-10 06:35:00"
IOP,0.00071363,"2017-10-10 06:40:00"
IOP,0.00071363,"2017-10-10 06:45:00"
IOP,0.00071566,"2017-10-10 06:50:00"
IOP,0.00071456,"2017-10-10 06:55:00"
IOP,0.0007002,"2017-10-10 07:00:00"
IOP,0.00070709,"2017-10-10 07:05:00"
IOP,0.00070351,"2017-10-10 07:10:00"
IOP,0.00071724,"2017-10-10 07:15:00"
IOP,0.00070203,"2017-10-10 07:20:00"
IOP,0.00070618,"2017-10-10 07:25:00"
IOP,0.00069,"2017-10-10 07:30:00"
IOP,0.00068999,"2017-10-10 07:35:00"
IOP,0.00068913,"2017-10-10 07:40:00"
IOP,0.00068705,"2017-10-10 07:45:00"
IOP,0.0006871,"2017-10-10 07:50:00"
IOP,0.00068699,"2017-10-10 07:55:00"
IOP,0.00067541,"2017-10-10 08:00:00"
IOP,0.00068396,"2017-10-10 08:05:00"
IOP,0.00068118,"2017-10-10 08:10:00"
IOP,0.00068,"2017-10-10 08:15:00"
IOP,0.00069,"2017-10-10 08:20:00"
IOP,0.00071625,"2017-10-10 08:25:00"
IOP,0.0007092,"2017-10-10 08:30:00"
IOP,0.00069125,"2017-10-10 08:35:00"
IOP,0.00068957,"2017-10-10 08:40:00"
IOP,0.00069055,"2017-10-10 08:45:00"
IOP,0.000693,"2017-10-10 08:50:00"
IOP,0.00070702,"2017-10-10 08:55:00"
IOP,0.00070781,"2017-10-10 09:00:00"
IOP,0.00071067,"2017-10-10 09:05:00"
IOP,0.00071655,"2017-10-10 09:10:00"
IOP,0.00071508,"2017-10-10 09:15:00"
IOP,0.00071508,"2017-10-10 09:20:00"
IOP,0.00070642,"2017-10-10 09:25:00"
IOP,0.00070488,"2017-10-10 09:30:00"
IOP,0.000695,"2017-10-10 09:35:00"
IOP,0.00069501,"2017-10-10 09:40:00"
IOP,0.00070488,"2017-10-10 09:45:00"
IOP,0.000703,"2017-10-10 09:50:00"
IOP,0.000703,"2017-10-10 09:55:00"
IOP,0.00070285,"2017-10-10 10:00:00"
IOP,0.00070285,"2017-10-10 10:05:00"
IOP,0.00070296,"2017-10-10 10:10:00"
IOP,0.000703,"2017-10-10 10:15:00"
IOP,0.0007,"2017-10-10 10:20:00"
IOP,0.00070488,"2017-10-10 10:25:00"
IOP,0.00071341,"2017-10-10 10:30:00"
IOP,0.00071,"2017-10-10 10:35:00"
IOP,0.000704,"2017-10-10 10:40:00"
IOP,0.00070004,"2017-10-10 10:45:00"
IOP,0.0007005,"2017-10-10 10:50:00"
IOP,0.00070008,"2017-10-10 10:55:00"
IOP,0.0007002,"2017-10-10 11:00:00"
IOP,0.00070006,"2017-10-10 11:05:00"
IOP,0.00070006,"2017-10-10 11:10:00"
IOP,0.0007097,"2017-10-10 11:15:00"
IOP,0.000705,"2017-10-10 11:20:00"
IOP,0.00069841,"2017-10-10 11:25:00"
IOP,0.00069078,"2017-10-10 11:30:00"
IOP,0.00069107,"2017-10-10 11:35:00"
IOP,0.0006913,"2017-10-10 11:40:00"
IOP,0.000692,"2017-10-10 11:45:00"
IOP,0.00069131,"2017-10-10 11:50:00"
IOP,0.0007142,"2017-10-10 11:55:00"
IOP,0.00071508,"2017-10-10 12:00:00"
IOP,0.00074,"2017-10-10 12:05:00"
IOP,0.00074999,"2017-10-10 12:10:00"
IOP,0.00073908,"2017-10-10 12:15:00"
IOP,0.00072351,"2017-10-10 12:20:00"
IOP,0.00073,"2017-10-10 12:25:00"
IOP,0.00073794,"2017-10-10 12:30:00"
IOP,0.00074702,"2017-10-10 12:35:00"
IOP,0.00074789,"2017-10-10 12:40:00"
IOP,0.00075635,"2017-10-10 12:45:00"
IOP,0.00075034,"2017-10-10 12:50:00"
IOP,0.00075315,"2017-10-10 12:55:00"
IOP,0.00075798,"2017-10-10 13:00:00"
IOP,0.00077005,"2017-10-10 13:05:00"
IOP,0.00077828,"2017-10-10 13:10:00"
IOP,0.00075551,"2017-10-10 13:15:00"
IOP,0.00075264,"2017-10-10 13:20:00"
IOP,0.00073787,"2017-10-10 13:25:00"
IOP,0.00073,"2017-10-10 13:30:00"
IOP,0.00075,"2017-10-10 13:35:00"
IOP,0.00072999,"2017-10-10 13:40:00"
IOP,0.00074,"2017-10-10 13:45:00"
IOP,0.00075,"2017-10-10 13:50:00"
IOP,0.000743,"2017-10-10 13:55:00"
IOP,0.00075803,"2017-10-10 14:00:00"
IOP,0.00076878,"2017-10-10 14:01:00"
IOP,0.00076878,"2017-10-10 14:01:00"
IOP,0.000762,"2017-10-10 14:02:00"
IOP,0.0007635,"2017-10-10 14:05:00"
IOP,0.00077387,"2017-10-10 14:10:00"
IOP,0.00075027,"2017-10-10 14:15:00"
IOP,0.00077802,"2017-10-10 14:20:00"
IOP,0.0007778,"2017-10-10 14:25:00"
IOP,0.000775,"2017-10-10 14:30:00"
IOP,0.00077449,"2017-10-10 14:35:00"
IOP,0.00077,"2017-10-10 14:40:00"
IOP,0.00077,"2017-10-10 14:45:00"
IOP,0.00076902,"2017-10-10 14:50:00"
IOP,0.000768,"2017-10-10 14:55:00"
IOP,0.00076241,"2017-10-10 15:00:00"
IOP,0.00076066,"2017-10-10 15:05:00"
IOP,0.0007522,"2017-10-10 15:10:00"
IOP,0.000754,"2017-10-10 15:15:00"
IOP,0.0007515,"2017-10-10 15:20:00"
IOP,0.00073386,"2017-10-10 15:25:00"
IOP,0.00074694,"2017-10-10 15:30:00"
IOP,0.0007405,"2017-10-10 15:35:00"
IOP,0.00074995,"2017-10-10 15:40:00"
IOP,0.00074472,"2017-10-10 15:45:00"
IOP,0.00074995,"2017-10-10 15:50:00"
IOP,0.000755,"2017-10-10 15:55:00"
IOP,0.00075522,"2017-10-10 16:00:00"
IOP,0.00074021,"2017-10-10 16:05:00"
IOP,0.0007425,"2017-10-10 16:10:00"
IOP,0.0007425,"2017-10-10 16:15:00"
IOP,0.0007351,"2017-10-10 16:20:00"
IOP,0.00073825,"2017-10-10 16:25:00"
IOP,0.00072917,"2017-10-10 16:30:00"
IOP,0.00072888,"2017-10-10 16:35:00"
IOP,0.00074375,"2017-10-10 16:40:00"
IOP,0.00073888,"2017-10-10 16:45:00"
IOP,0.00072512,"2017-10-10 16:50:00"
IOP,0.00073365,"2017-10-10 16:55:00"
IOP,0.00073349,"2017-10-10 17:00:00"
IOP,0.00072545,"2017-10-10 17:05:00"
IOP,0.00072246,"2017-10-10 17:10:00"
IOP,0.00073,"2017-10-10 17:15:00"
IOP,0.00073,"2017-10-10 17:20:00"
IOP,0.000725,"2017-10-10 17:25:00"
IOP,0.00071692,"2017-10-10 17:30:00"
IOP,0.00072027,"2017-10-10 17:35:00"
IOP,0.00072002,"2017-10-10 17:40:00"
IOP,0.00072661,"2017-10-10 17:45:00"
IOP,0.00072661,"2017-10-10 17:50:00"
IOP,0.00073,"2017-10-10 17:55:00"
IOP,0.00073439,"2017-10-10 18:00:00"
IOP,0.000733,"2017-10-10 18:05:00"
IOP,0.00073298,"2017-10-10 18:10:00"
IOP,0.00073253,"2017-10-10 18:15:00"
IOP,0.0007275,"2017-10-10 18:20:00"
IOP,0.00072502,"2017-10-10 18:25:00"
IOP,0.000721,"2017-10-10 18:30:00"
IOP,0.00071786,"2017-10-10 18:35:00"
IOP,0.000725,"2017-10-10 18:40:00"
IOP,0.0007183,"2017-10-10 18:45:00"
IOP,0.00072996,"2017-10-10 18:50:00"
IOP,0.00072499,"2017-10-10 18:55:00"
IOP,0.00072559,"2017-10-10 19:00:00"
IOP,0.00072637,"2017-10-10 19:05:00"
IOP,0.00072726,"2017-10-10 19:10:00"
IOP,0.00072576,"2017-10-10 19:15:00"
IOP,0.00073466,"2017-10-10 19:20:00"
IOP,0.00073465,"2017-10-10 19:25:00"
IOP,0.00074,"2017-10-10 19:30:00"
IOP,0.00074,"2017-10-10 19:35:00"
IOP,0.00074239,"2017-10-10 19:40:00"
IOP,0.00073301,"2017-10-10 19:45:00"
IOP,0.00073072,"2017-10-10 19:50:00"
IOP,0.0007225,"2017-10-10 19:55:00"
IOP,0.00072251,"2017-10-10 20:00:00"
IOP,0.000725,"2017-10-10 20:05:00"
IOP,0.000722,"2017-10-10 20:10:00"
IOP,0.00071216,"2017-10-10 20:15:00"
IOP,0.00072089,"2017-10-10 20:20:00"
IOP,0.00071313,"2017-10-10 20:25:00"
IOP,0.00072091,"2017-10-10 20:30:00"
IOP,0.00072,"2017-10-10 20:35:00"
IOP,0.00072031,"2017-10-10 20:40:00"
IOP,0.00072452,"2017-10-10 20:45:00"
IOP,0.00072448,"2017-10-10 20:50:00"
IOP,0.00072449,"2017-10-10 20:55:00"
IOP,0.00072226,"2017-10-10 21:00:00"
IOP,0.00071369,"2017-10-10 21:05:00"
IOP,0.00072187,"2017-10-10 21:10:00"
IOP,0.00071512,"2017-10-10 21:15:00"
IOP,0.000715,"2017-10-10 21:20:00"
IOP,0.00071368,"2017-10-10 21:25:00"
IOP,0.00071368,"2017-10-10 21:30:00"
IOP,0.00072129,"2017-10-10 21:35:00"
IOP,0.00071504,"2017-10-10 21:40:00"
IOP,0.00072289,"2017-10-10 21:45:00"
IOP,0.00072491,"2017-10-10 21:50:00"
IOP,0.00072175,"2017-10-10 21:55:00"
IOP,0.00072175,"2017-10-10 22:00:00"
IOP,0.00072174,"2017-10-10 22:05:00"
IOP,0.00071706,"2017-10-10 22:10:00"
IOP,0.00071853,"2017-10-10 22:15:00"
IOP,0.00072491,"2017-10-10 22:20:00"
IOP,0.00073195,"2017-10-10 22:25:00"
IOP,0.00074219,"2017-10-10 22:30:00"
IOP,0.000739,"2017-10-10 22:35:00"
IOP,0.00074991,"2017-10-10 22:40:00"
IOP,0.0007511,"2017-10-10 22:45:00"
IOP,0.00074419,"2017-10-10 22:50:00"
IOP,0.00074431,"2017-10-10 22:55:00"
IOP,0.00073079,"2017-10-10 23:00:00"
IOP,0.0007365,"2017-10-10 23:05:00"
IOP,0.000738,"2017-10-10 23:10:00"
IOP,0.00073079,"2017-10-10 23:15:00"
IOP,0.00073009,"2017-10-10 23:20:00"
IOP,0.00074051,"2017-10-10 23:25:00"
IOP,0.00074737,"2017-10-10 23:30:00"
IOP,0.0007425,"2017-10-10 23:35:00"
IOP,0.00074058,"2017-10-10 23:40:00"
IOP,0.00073572,"2017-10-10 23:45:00"
IOP,0.00073643,"2017-10-10 23:50:00"
IOP,0.00074423,"2017-10-10 23:55:00"
IOP,0.0007473,"2017-10-11 00:00:00"
IOP,0.00073765,"2017-10-11 00:05:00"
IOP,0.00074482,"2017-10-11 00:10:00"
IOP,0.00073599,"2017-10-11 00:15:00"
IOP,0.00072133,"2017-10-11 00:20:00"
IOP,0.00072863,"2017-10-11 00:25:00"
IOP,0.00072899,"2017-10-11 00:30:00"
IOP,0.00074078,"2017-10-11 00:35:00"
IOP,0.00074074,"2017-10-11 00:40:00"
IOP,0.0007408,"2017-10-11 00:45:00"
IOP,0.0007408,"2017-10-11 00:50:00"
IOP,0.00074173,"2017-10-11 00:55:00"
IOP,0.0007497,"2017-10-11 01:00:00"
IOP,0.00074737,"2017-10-11 01:05:00"
IOP,0.00075091,"2017-10-11 01:10:00"
IOP,0.00075858,"2017-10-11 01:15:00"
IOP,0.00075899,"2017-10-11 01:20:00"
IOP,0.00073221,"2017-10-11 01:25:00"
IOP,0.00073925,"2017-10-11 01:30:00"
IOP,0.00072975,"2017-10-11 01:35:00"
IOP,0.0007295,"2017-10-11 01:40:00"
IOP,0.000729,"2017-10-11 01:45:00"
IOP,0.00073198,"2017-10-11 01:50:00"
IOP,0.0007373,"2017-10-11 01:55:00"
IOP,0.00073719,"2017-10-11 02:00:00"
IOP,0.000735,"2017-10-11 02:05:00"
IOP,0.00073728,"2017-10-11 02:10:00"
IOP,0.00073754,"2017-10-11 02:15:00"
IOP,0.000735,"2017-10-11 02:20:00"
IOP,0.00073754,"2017-10-11 02:25:00"
IOP,0.00073762,"2017-10-11 02:30:00"
IOP,0.00074299,"2017-10-11 02:35:00"
IOP,0.00074369,"2017-10-11 02:40:00"
IOP,0.00074369,"2017-10-11 02:45:00"
IOP,0.0007378,"2017-10-11 02:50:00"
IOP,0.000739,"2017-10-11 02:55:00"
IOP,0.00074361,"2017-10-11 03:00:00"
IOP,0.00074369,"2017-10-11 03:05:00"
IOP,0.0007444,"2017-10-11 03:10:00"
IOP,0.0007444,"2017-10-11 03:15:00"
IOP,0.00074448,"2017-10-11 03:20:00"
IOP,0.00074,"2017-10-11 03:25:00"
IOP,0.00074,"2017-10-11 03:30:00"
IOP,0.00073767,"2017-10-11 03:35:00"
IOP,0.00074,"2017-10-11 03:40:00"
IOP,0.00074,"2017-10-11 03:45:00"
IOP,0.00074,"2017-10-11 03:50:00"
IOP,0.00073805,"2017-10-11 03:55:00"
IOP,0.00073815,"2017-10-11 04:00:00"
IOP,0.00073815,"2017-10-11 04:05:00"
IOP,0.00073843,"2017-10-11 04:10:00"
IOP,0.00073843,"2017-10-11 04:15:00"
IOP,0.00073911,"2017-10-11 04:20:00"
IOP,0.00074063,"2017-10-11 04:25:00"
IOP,0.00074063,"2017-10-11 04:30:00"
IOP,0.00074445,"2017-10-11 04:35:00"
IOP,0.00074445,"2017-10-11 04:40:00"
IOP,0.00074445,"2017-10-11 04:45:00"
IOP,0.00074449,"2017-10-11 04:50:00"
IOP,0.0007445,"2017-10-11 04:55:00"
IOP,0.0007445,"2017-10-11 05:00:00"
IOP,0.00075239,"2017-10-11 05:05:00"
IOP,0.000761,"2017-10-11 05:10:00"
IOP,0.00075838,"2017-10-11 05:15:00"
IOP,0.00075132,"2017-10-11 05:20:00"
IOP,0.00075858,"2017-10-11 05:25:00"
IOP,0.00074851,"2017-10-11 05:30:00"
IOP,0.00075651,"2017-10-11 05:35:00"
IOP,0.00074857,"2017-10-11 05:40:00"
IOP,0.00074856,"2017-10-11 05:45:00"
IOP,0.000746,"2017-10-11 05:50:00"
IOP,0.0007466,"2017-10-11 05:55:00"
IOP,0.00074648,"2017-10-11 06:00:00"
IOP,0.000754,"2017-10-11 06:05:00"
IOP,0.00077,"2017-10-11 06:10:00"
IOP,0.00076409,"2017-10-11 06:15:00"
IOP,0.00075427,"2017-10-11 06:20:00"
IOP,0.00076,"2017-10-11 06:25:00"
IOP,0.0007623,"2017-10-11 06:30:00"
IOP,0.00077249,"2017-10-11 06:35:00"
IOP,0.00077123,"2017-10-11 06:40:00"
IOP,0.00076948,"2017-10-11 06:45:00"
IOP,0.00077398,"2017-10-11 06:50:00"
IOP,0.00077422,"2017-10-11 06:55:00"
IOP,0.00076535,"2017-10-11 07:00:00"
IOP,0.0007655,"2017-10-11 07:05:00"
IOP,0.00077199,"2017-10-11 07:10:00"
IOP,0.000772,"2017-10-11 07:15:00"
IOP,0.0007755,"2017-10-11 07:20:00"
IOP,0.00078478,"2017-10-11 07:25:00"
IOP,0.00078698,"2017-10-11 07:30:00"
IOP,0.00079442,"2017-10-11 07:35:00"
IOP,0.000802,"2017-10-11 07:40:00"
IOP,0.00080994,"2017-10-11 07:45:00"
IOP,0.00078824,"2017-10-11 07:50:00"
IOP,0.0008,"2017-10-11 07:55:00"
IOP,0.00079615,"2017-10-11 08:00:00"
IOP,0.00080569,"2017-10-11 08:05:00"
IOP,0.000792,"2017-10-11 08:10:00"
IOP,0.000786,"2017-10-11 08:15:00"
IOP,0.00078324,"2017-10-11 08:20:00"
IOP,0.00079,"2017-10-11 08:25:00"
IOP,0.0008,"2017-10-11 08:30:00"
IOP,0.00081399,"2017-10-11 08:35:00"
IOP,0.00081,"2017-10-11 08:40:00"
IOP,0.0008,"2017-10-11 08:45:00"
IOP,0.00078308,"2017-10-11 08:50:00"
IOP,0.000778,"2017-10-11 08:55:00"
IOP,0.00079495,"2017-10-11 09:00:00"
IOP,0.0008055,"2017-10-11 09:05:00"
IOP,0.0008,"2017-10-11 09:10:00"
IOP,0.0008,"2017-10-11 09:15:00"
IOP,0.0008,"2017-10-11 09:20:00"
IOP,0.000814,"2017-10-11 09:25:00"
IOP,0.00082112,"2017-10-11 09:30:00"
IOP,0.00081133,"2017-10-11 09:35:00"
IOP,0.00082571,"2017-10-11 09:40:00"
IOP,0.00082654,"2017-10-11 09:45:00"
IOP,0.00082989,"2017-10-11 09:50:00"
IOP,0.00081993,"2017-10-11 09:55:00"
IOP,0.00082699,"2017-10-11 10:00:00"
IOP,0.000826,"2017-10-11 10:05:00"
IOP,0.00081567,"2017-10-11 10:10:00"
IOP,0.00081502,"2017-10-11 10:15:00"
IOP,0.000815,"2017-10-11 10:20:00"
IOP,0.00082496,"2017-10-11 10:25:00"
IOP,0.00082105,"2017-10-11 10:30:00"
IOP,0.0008248,"2017-10-11 10:35:00"
IOP,0.000823,"2017-10-11 10:40:00"
IOP,0.00082499,"2017-10-11 10:45:00"
IOP,0.000825,"2017-10-11 10:50:00"
IOP,0.00082819,"2017-10-11 10:55:00"
IOP,0.00082928,"2017-10-11 11:00:00"
IOP,0.00083,"2017-10-11 11:05:00"
IOP,0.00083,"2017-10-11 11:10:00"
IOP,0.00083307,"2017-10-11 11:15:00"
IOP,0.00084001,"2017-10-11 11:20:00"
IOP,0.00084645,"2017-10-11 11:25:00"
IOP,0.0008375,"2017-10-11 11:30:00"
IOP,0.000838,"2017-10-11 11:35:00"
IOP,0.00082891,"2017-10-11 11:40:00"
IOP,0.000838,"2017-10-11 11:45:00"
IOP,0.00084264,"2017-10-11 11:50:00"
IOP,0.00084496,"2017-10-11 11:55:00"
IOP,0.00084496,"2017-10-11 12:00:00"
IOP,0.0008368,"2017-10-11 12:05:00"
IOP,0.00083675,"2017-10-11 12:10:00"
IOP,0.00083421,"2017-10-11 12:15:00"
IOP,0.00082694,"2017-10-11 12:20:00"
IOP,0.0008217,"2017-10-11 12:25:00"
IOP,0.00083,"2017-10-11 12:30:00"
IOP,0.0008222,"2017-10-11 12:35:00"
IOP,0.00081774,"2017-10-11 12:40:00"
IOP,0.00082629,"2017-10-11 12:45:00"
IOP,0.00081999,"2017-10-11 12:50:00"
IOP,0.000819,"2017-10-11 12:55:00"
IOP,0.00081632,"2017-10-11 13:00:00"
IOP,0.00080575,"2017-10-11 13:05:00"
IOP,0.00080988,"2017-10-11 13:10:00"
IOP,0.000819,"2017-10-11 13:15:00"
IOP,0.00082,"2017-10-11 13:20:00"
IOP,0.00081085,"2017-10-11 13:25:00"
IOP,0.0008108,"2017-10-11 13:30:00"
IOP,0.000812,"2017-10-11 13:35:00"
IOP,0.000811,"2017-10-11 13:40:00"
IOP,0.00080743,"2017-10-11 13:45:00"
IOP,0.00080755,"2017-10-11 13:50:00"
IOP,0.00081635,"2017-10-11 13:55:00"
IOP,0.00081,"2017-10-11 14:00:00"
IOP,0.0008065,"2017-10-11 14:05:00"
IOP,0.000813,"2017-10-11 14:10:00"
IOP,0.000813,"2017-10-11 14:15:00"
IOP,0.000809,"2017-10-11 14:20:00"
IOP,0.000806,"2017-10-11 14:25:00"
IOP,0.00079354,"2017-10-11 14:30:00"
IOP,0.000806,"2017-10-11 14:35:00"
IOP,0.00079804,"2017-10-11 14:40:00"
IOP,0.00079391,"2017-10-11 14:45:00"
IOP,0.00079201,"2017-10-11 14:50:00"
IOP,0.00080888,"2017-10-11 14:55:00"
IOP,0.000808,"2017-10-11 15:00:00"
IOP,0.0008078,"2017-10-11 15:05:00"
IOP,0.000802,"2017-10-11 15:10:00"
IOP,0.00079312,"2017-10-11 15:15:00"
IOP,0.0007936,"2017-10-11 15:20:00"
IOP,0.00079516,"2017-10-11 15:25:00"
IOP,0.00079564,"2017-10-11 15:30:00"
IOP,0.0008,"2017-10-11 15:35:00"
IOP,0.0008001,"2017-10-11 15:40:00"
IOP,0.000797,"2017-10-11 15:45:00"
IOP,0.00079202,"2017-10-11 15:50:00"
IOP,0.000792,"2017-10-11 15:55:00"
IOP,0.00079052,"2017-10-11 16:00:00"
IOP,0.00079007,"2017-10-11 16:05:00"
IOP,0.0007916,"2017-10-11 16:10:00"
IOP,0.00079105,"2017-10-11 16:15:00"
IOP,0.00079112,"2017-10-11 16:20:00"
IOP,0.000798,"2017-10-11 16:25:00"
IOP,0.00079505,"2017-10-11 16:30:00"
IOP,0.00079881,"2017-10-11 16:35:00"
IOP,0.00079999,"2017-10-11 16:40:00"
IOP,0.00080496,"2017-10-11 16:45:00"
IOP,0.00080494,"2017-10-11 16:55:00"
IOP,0.00080001,"2017-10-11 17:00:00"
IOP,0.000796,"2017-10-11 17:05:00"
IOP,0.00079515,"2017-10-11 17:10:00"
IOP,0.00079505,"2017-10-11 17:15:00"
IOP,0.0007865,"2017-10-11 17:20:00"
IOP,0.00078816,"2017-10-11 17:25:00"
IOP,0.00079988,"2017-10-11 17:30:00"
IOP,0.00079987,"2017-10-11 17:35:00"
IOP,0.00079987,"2017-10-11 17:40:00"
IOP,0.000792,"2017-10-11 17:45:00"
IOP,0.00079964,"2017-10-11 17:50:00"
IOP,0.000798,"2017-10-11 17:55:00"
IOP,0.00079934,"2017-10-11 18:00:00"
IOP,0.00080024,"2017-10-11 18:05:00"
IOP,0.000807,"2017-10-11 18:10:00"
IOP,0.00081325,"2017-10-11 18:15:00"
IOP,0.00081325,"2017-10-11 18:20:00"
IOP,0.00081,"2017-10-11 18:25:00"
IOP,0.00082,"2017-10-11 18:30:00"
IOP,0.00081951,"2017-10-11 18:35:00"
IOP,0.00080569,"2017-10-11 18:40:00"
IOP,0.00080253,"2017-10-11 18:45:00"
IOP,0.00080405,"2017-10-11 18:50:00"
IOP,0.000814,"2017-10-11 18:55:00"
IOP,0.00080343,"2017-10-11 19:00:00"
IOP,0.0008014,"2017-10-11 19:05:00"
IOP,0.00080045,"2017-10-11 19:10:00"
IOP,0.00080269,"2017-10-11 19:15:00"
IOP,0.0008005,"2017-10-11 19:20:00"
IOP,0.00080312,"2017-10-11 19:25:00"
IOP,0.00081,"2017-10-11 19:30:00"
IOP,0.00081306,"2017-10-11 19:35:00"
IOP,0.00081632,"2017-10-11 19:40:00"
IOP,0.00081631,"2017-10-11 19:45:00"
IOP,0.00081224,"2017-10-11 19:50:00"
IOP,0.00080662,"2017-10-11 19:55:00"
IOP,0.00081189,"2017-10-11 20:00:00"
IOP,0.00081189,"2017-10-11 20:05:00"
IOP,0.00081476,"2017-10-11 20:10:00"
IOP,0.0008216,"2017-10-11 20:15:00"
IOP,0.00081872,"2017-10-11 20:20:00"
IOP,0.00082,"2017-10-11 20:25:00"
IOP,0.00082,"2017-10-11 20:30:00"
IOP,0.000822,"2017-10-11 20:35:00"
IOP,0.000822,"2017-10-11 20:40:00"
IOP,0.00081702,"2017-10-11 20:45:00"
IOP,0.000823,"2017-10-11 20:50:00"
IOP,0.000823,"2017-10-11 20:55:00"
IOP,0.00081956,"2017-10-11 21:00:00"
IOP,0.00081476,"2017-10-11 21:05:00"
IOP,0.0008,"2017-10-11 21:10:00"
IOP,0.00079804,"2017-10-11 21:15:00"
IOP,0.00080727,"2017-10-11 21:20:00"
IOP,0.00079995,"2017-10-11 21:25:00"
IOP,0.000802,"2017-10-11 21:30:00"
IOP,0.00080205,"2017-10-11 21:35:00"
IOP,0.000802,"2017-10-11 21:40:00"
IOP,0.00080199,"2017-10-11 21:45:00"
IOP,0.00080001,"2017-10-11 21:50:00"
IOP,0.00080001,"2017-10-11 21:55:00"
IOP,0.00079804,"2017-10-11 22:00:00"
IOP,0.00080003,"2017-10-11 22:05:00"
IOP,0.00079511,"2017-10-11 22:10:00"
IOP,0.00078882,"2017-10-11 22:15:00"
IOP,0.00078318,"2017-10-11 22:20:00"
IOP,0.000782,"2017-10-11 22:25:00"
IOP,0.00078003,"2017-10-11 22:30:00"
IOP,0.00078009,"2017-10-11 22:35:00"
IOP,0.00079377,"2017-10-11 22:40:00"
IOP,0.000785,"2017-10-11 22:45:00"
IOP,0.0007843,"2017-10-11 22:50:00"
IOP,0.000785,"2017-10-11 22:55:00"
IOP,0.00078375,"2017-10-11 23:00:00"
IOP,0.00078399,"2017-10-11 23:05:00"
IOP,0.000784,"2017-10-11 23:10:00"
IOP,0.000784,"2017-10-11 23:15:00"
IOP,0.000793,"2017-10-11 23:20:00"
IOP,0.000795,"2017-10-11 23:25:00"
IOP,0.00078335,"2017-10-11 23:30:00"
IOP,0.000783,"2017-10-11 23:35:00"
IOP,0.000785,"2017-10-11 23:40:00"
IOP,0.000785,"2017-10-11 23:45:00"
IOP,0.00078101,"2017-10-11 23:50:00"
IOP,0.00078099,"2017-10-11 23:55:00"
IOP,0.00078101,"2017-10-12 00:00:00"
IOP,0.00079281,"2017-10-12 00:05:00"
IOP,0.0007895,"2017-10-12 00:10:00"
IOP,0.00078026,"2017-10-12 00:15:00"
IOP,0.00078039,"2017-10-12 00:20:00"
IOP,0.00078833,"2017-10-12 00:25:00"
IOP,0.00078157,"2017-10-12 00:30:00"
IOP,0.000784,"2017-10-12 00:35:00"
IOP,0.00078,"2017-10-12 00:40:00"
IOP,0.00078003,"2017-10-12 00:45:00"
IOP,0.00078011,"2017-10-12 00:50:00"
IOP,0.00078011,"2017-10-12 00:55:00"
IOP,0.00078011,"2017-10-12 01:00:00"
IOP,0.00078317,"2017-10-12 01:05:00"
IOP,0.0007835,"2017-10-12 01:10:00"
IOP,0.00079,"2017-10-12 01:15:00"
IOP,0.00079854,"2017-10-12 01:20:00"
IOP,0.00079017,"2017-10-12 01:25:00"
IOP,0.00079034,"2017-10-12 01:30:00"
IOP,0.0007908,"2017-10-12 01:35:00"
IOP,0.0007915,"2017-10-12 01:40:00"
IOP,0.00079279,"2017-10-12 01:45:00"
IOP,0.00079218,"2017-10-12 01:50:00"
IOP,0.00079407,"2017-10-12 01:55:00"
IOP,0.00079969,"2017-10-12 02:00:00"
IOP,0.00079215,"2017-10-12 02:05:00"
IOP,0.00079221,"2017-10-12 02:10:00"
IOP,0.00079221,"2017-10-12 02:15:00"
IOP,0.00079221,"2017-10-12 02:20:00"
IOP,0.0007921,"2017-10-12 02:25:00"
IOP,0.00079269,"2017-10-12 02:30:00"
IOP,0.00079269,"2017-10-12 02:35:00"
IOP,0.0007938,"2017-10-12 02:40:00"
IOP,0.00079986,"2017-10-12 02:45:00"
IOP,0.00079899,"2017-10-12 02:50:00"
IOP,0.00079899,"2017-10-12 02:55:00"
IOP,0.00079382,"2017-10-12 03:00:00"
IOP,0.0008002,"2017-10-12 03:05:00"
IOP,0.0008002,"2017-10-12 03:10:00"
IOP,0.00079359,"2017-10-12 03:15:00"
IOP,0.00078504,"2017-10-12 03:20:00"
IOP,0.0007855,"2017-10-12 03:25:00"
IOP,0.000785,"2017-10-12 03:30:00"
IOP,0.000785,"2017-10-12 03:35:00"
IOP,0.00078351,"2017-10-12 03:40:00"
IOP,0.00078,"2017-10-12 03:45:00"
IOP,0.00078,"2017-10-12 03:50:00"
IOP,0.000779,"2017-10-12 03:55:00"
IOP,0.00077788,"2017-10-12 04:00:00"
IOP,0.000776,"2017-10-12 04:05:00"
IOP,0.00077893,"2017-10-12 04:10:00"
IOP,0.000776,"2017-10-12 04:15:00"
IOP,0.0007661,"2017-10-12 04:20:00"
IOP,0.00076612,"2017-10-12 04:25:00"
IOP,0.00076999,"2017-10-12 04:30:00"
IOP,0.00077,"2017-10-12 04:35:00"
IOP,0.000765,"2017-10-12 04:40:00"
IOP,0.00075835,"2017-10-12 04:45:00"
IOP,0.00075722,"2017-10-12 04:50:00"
IOP,0.00076199,"2017-10-12 04:55:00"
IOP,0.00075655,"2017-10-12 05:00:00"
IOP,0.00073884,"2017-10-12 05:05:00"
IOP,0.00074645,"2017-10-12 05:10:00"
IOP,0.000762,"2017-10-12 05:15:00"
IOP,0.000764,"2017-10-12 05:20:00"
IOP,0.00076492,"2017-10-12 05:25:00"
IOP,0.0007576,"2017-10-12 05:30:00"
IOP,0.0007576,"2017-10-12 05:35:00"
IOP,0.00074615,"2017-10-12 05:40:00"
IOP,0.00074,"2017-10-12 05:45:00"
IOP,0.00075871,"2017-10-12 05:50:00"
IOP,0.00075878,"2017-10-12 05:55:00"
IOP,0.00076802,"2017-10-12 06:00:00"
IOP,0.000759,"2017-10-12 06:05:00"
IOP,0.00076,"2017-10-12 06:10:00"
IOP,0.000762,"2017-10-12 06:15:00"
IOP,0.00077164,"2017-10-12 06:20:00"
IOP,0.0007757,"2017-10-12 06:25:00"
IOP,0.00078015,"2017-10-12 06:30:00"
IOP,0.00079338,"2017-10-12 06:35:00"
IOP,0.00076665,"2017-10-12 06:40:00"
IOP,0.00075999,"2017-10-12 06:45:00"
IOP,0.0007531,"2017-10-12 06:50:00"
IOP,0.00074504,"2017-10-12 06:55:00"
IOP,0.00075483,"2017-10-12 07:00:00"
IOP,0.000741,"2017-10-12 07:05:00"
IOP,0.00073601,"2017-10-12 07:10:00"
IOP,0.00073188,"2017-10-12 07:15:00"
IOP,0.00072366,"2017-10-12 07:20:00"
IOP,0.0007123,"2017-10-12 07:25:00"
IOP,0.00070458,"2017-10-12 07:30:00"
IOP,0.0007202,"2017-10-12 07:35:00"
IOP,0.0007312,"2017-10-12 07:40:00"
IOP,0.00072,"2017-10-12 07:45:00"
IOP,0.00071001,"2017-10-12 07:50:00"
IOP,0.00071,"2017-10-12 07:55:00"
IOP,0.00071574,"2017-10-12 08:00:00"
IOP,0.00071741,"2017-10-12 08:05:00"
IOP,0.00071741,"2017-10-12 08:10:00"
IOP,0.00071,"2017-10-12 08:15:00"
IOP,0.00072283,"2017-10-12 08:20:00"
IOP,0.00071946,"2017-10-12 08:25:00"
IOP,0.00072005,"2017-10-12 08:30:00"
IOP,0.000733,"2017-10-12 08:35:00"
IOP,0.00073095,"2017-10-12 08:40:00"
IOP,0.00072005,"2017-10-12 08:45:00"
IOP,0.000715,"2017-10-12 08:50:00"
IOP,0.00072398,"2017-10-12 08:55:00"
IOP,0.0007182,"2017-10-12 09:00:00"
IOP,0.000722,"2017-10-12 09:05:00"
IOP,0.00071505,"2017-10-12 09:10:00"
IOP,0.00071502,"2017-10-12 09:15:00"
IOP,0.0007114,"2017-10-12 09:20:00"
IOP,0.00071,"2017-10-12 09:25:00"
IOP,0.00071,"2017-10-12 09:30:00"
IOP,0.000713,"2017-10-12 09:35:00"
IOP,0.000713,"2017-10-12 09:40:00"
IOP,0.0007176,"2017-10-12 09:45:00"
IOP,0.000701,"2017-10-12 09:50:00"
IOP,0.00070002,"2017-10-12 09:55:00"
IOP,0.0007005,"2017-10-12 10:00:00"
IOP,0.00069,"2017-10-12 10:05:00"
IOP,0.00068288,"2017-10-12 10:10:00"
IOP,0.00067101,"2017-10-12 10:15:00"
IOP,0.00066,"2017-10-12 10:20:00"
IOP,0.000661,"2017-10-12 10:25:00"
IOP,0.00066989,"2017-10-12 10:30:00"
IOP,0.00068275,"2017-10-12 10:35:00"
IOP,0.00069593,"2017-10-12 10:40:00"
IOP,0.00070741,"2017-10-12 10:45:00"
IOP,0.00070739,"2017-10-12 10:50:00"
IOP,0.0007,"2017-10-12 10:55:00"
IOP,0.00070299,"2017-10-12 11:00:00"
IOP,0.00069894,"2017-10-12 11:05:00"
IOP,0.0006803,"2017-10-12 11:10:00"
IOP,0.00068011,"2017-10-12 11:15:00"
IOP,0.000667,"2017-10-12 11:20:00"
IOP,0.00068807,"2017-10-12 11:25:00"
IOP,0.00067,"2017-10-12 11:30:00"
IOP,0.00067001,"2017-10-12 11:35:00"
IOP,0.00068286,"2017-10-12 11:40:00"
IOP,0.00067204,"2017-10-12 11:45:00"
IOP,0.00067904,"2017-10-12 11:50:00"
IOP,0.00067832,"2017-10-12 11:55:00"
IOP,0.00067828,"2017-10-12 12:00:00"
IOP,0.00067828,"2017-10-12 12:05:00"
IOP,0.00067303,"2017-10-12 12:10:00"
IOP,0.0006735,"2017-10-12 12:15:00"
IOP,0.00067305,"2017-10-12 12:20:00"
IOP,0.00067216,"2017-10-12 12:25:00"
IOP,0.00067216,"2017-10-12 12:30:00"
IOP,0.00067075,"2017-10-12 12:35:00"
IOP,0.00067937,"2017-10-12 12:40:00"
IOP,0.0006795,"2017-10-12 12:45:00"
IOP,0.00067118,"2017-10-12 12:50:00"
IOP,0.00067,"2017-10-12 12:55:00"
IOP,0.00066378,"2017-10-12 13:00:00"
IOP,0.00065901,"2017-10-12 13:05:00"
IOP,0.000665,"2017-10-12 13:10:00"
IOP,0.00066725,"2017-10-12 13:15:00"
IOP,0.00067,"2017-10-12 13:20:00"
IOP,0.0006659,"2017-10-12 13:25:00"
IOP,0.0006659,"2017-10-12 13:30:00"
IOP,0.00065107,"2017-10-12 13:35:00"
IOP,0.00065,"2017-10-12 13:40:00"
IOP,0.00065001,"2017-10-12 13:45:00"
IOP,0.00065301,"2017-10-12 13:50:00"
IOP,0.000655,"2017-10-12 13:55:00"
IOP,0.00065005,"2017-10-12 14:00:00"
IOP,0.00065252,"2017-10-12 14:05:00"
IOP,0.000665,"2017-10-12 14:10:00"
IOP,0.00067,"2017-10-12 14:15:00"
IOP,0.00067,"2017-10-12 14:20:00"
IOP,0.000668,"2017-10-12 14:25:00"
IOP,0.0006675,"2017-10-12 14:30:00"
IOP,0.00066466,"2017-10-12 14:35:00"
IOP,0.00065,"2017-10-12 14:40:00"
IOP,0.00065,"2017-10-12 14:45:00"
IOP,0.00065002,"2017-10-12 14:50:00"
IOP,0.000655,"2017-10-12 14:55:00"
IOP,0.00066135,"2017-10-12 15:00:00"
IOP,0.00065892,"2017-10-12 15:05:00"
IOP,0.000654,"2017-10-12 15:10:00"
IOP,0.00065302,"2017-10-12 15:15:00"
IOP,0.00065173,"2017-10-12 15:20:00"
IOP,0.00065694,"2017-10-12 15:25:00"
IOP,0.00066,"2017-10-12 15:30:00"
IOP,0.00065198,"2017-10-12 15:35:00"
IOP,0.00066406,"2017-10-12 15:40:00"
IOP,0.00066074,"2017-10-12 15:45:00"
IOP,0.00066416,"2017-10-12 15:50:00"
IOP,0.000666,"2017-10-12 15:55:00"
IOP,0.00066957,"2017-10-12 16:00:00"
IOP,0.00068414,"2017-10-12 16:05:00"
IOP,0.00070392,"2017-10-12 16:10:00"
IOP,0.00070964,"2017-10-12 16:15:00"
IOP,0.00071295,"2017-10-12 16:20:00"
IOP,0.0006875,"2017-10-12 16:25:00"
IOP,0.00068,"2017-10-12 16:30:00"
IOP,0.00068498,"2017-10-12 16:35:00"
IOP,0.00068995,"2017-10-12 16:40:00"
IOP,0.0007039,"2017-10-12 16:45:00"
IOP,0.00071,"2017-10-12 16:50:00"
IOP,0.00070272,"2017-10-12 16:55:00"
IOP,0.000702,"2017-10-12 17:00:00"
IOP,0.00069001,"2017-10-12 17:05:00"
IOP,0.0006855,"2017-10-12 17:10:00"
IOP,0.00068512,"2017-10-12 17:15:00"
IOP,0.00068066,"2017-10-12 17:20:00"
IOP,0.00068055,"2017-10-12 17:25:00"
IOP,0.00068,"2017-10-12 17:30:00"
IOP,0.00067253,"2017-10-12 17:35:00"
IOP,0.000679,"2017-10-12 17:40:00"
IOP,0.00068513,"2017-10-12 17:45:00"
IOP,0.00068811,"2017-10-12 17:50:00"
IOP,0.0006791,"2017-10-12 17:55:00"
IOP,0.00066999,"2017-10-12 18:00:00"
IOP,0.00066399,"2017-10-12 18:05:00"
IOP,0.00068308,"2017-10-12 18:10:00"
IOP,0.00068,"2017-10-12 18:15:00"
IOP,0.00067016,"2017-10-12 18:20:00"
IOP,0.00067143,"2017-10-12 18:25:00"
IOP,0.000657,"2017-10-12 18:30:00"
IOP,0.00065709,"2017-10-12 18:35:00"
IOP,0.00066509,"2017-10-12 18:40:00"
IOP,0.00066481,"2017-10-12 18:45:00"
IOP,0.00066509,"2017-10-12 18:50:00"
IOP,0.00067599,"2017-10-12 18:55:00"
IOP,0.0006654,"2017-10-12 19:00:00"
IOP,0.00067058,"2017-10-12 19:05:00"
IOP,0.0006655,"2017-10-12 19:10:00"
IOP,0.0006655,"2017-10-12 19:15:00"
IOP,0.00067547,"2017-10-12 19:20:00"
IOP,0.000682,"2017-10-12 19:25:00"
IOP,0.00068229,"2017-10-12 19:30:00"
IOP,0.000683,"2017-10-12 19:35:00"
IOP,0.000683,"2017-10-12 19:40:00"
IOP,0.00067851,"2017-10-12 19:45:00"
IOP,0.00067859,"2017-10-12 19:50:00"
IOP,0.00068259,"2017-10-12 19:55:00"
IOP,0.00067865,"2017-10-12 20:00:00"
IOP,0.00068259,"2017-10-12 20:05:00"
IOP,0.00067609,"2017-10-12 20:10:00"
IOP,0.00067049,"2017-10-12 20:15:00"
IOP,0.000662,"2017-10-12 20:20:00"
IOP,0.00067851,"2017-10-12 20:25:00"
IOP,0.000683,"2017-10-12 20:30:00"
IOP,0.00067701,"2017-10-12 20:35:00"
IOP,0.0006775,"2017-10-12 20:40:00"
IOP,0.0006775,"2017-10-12 20:45:00"
IOP,0.00067313,"2017-10-12 20:50:00"
IOP,0.00067312,"2017-10-12 20:55:00"
IOP,0.0006731,"2017-10-12 21:00:00"
IOP,0.000648,"2017-10-12 21:05:00"
IOP,0.0006431,"2017-10-12 21:10:00"
IOP,0.0006498,"2017-10-12 21:15:00"
IOP,0.00064992,"2017-10-12 21:20:00"
IOP,0.00065136,"2017-10-12 21:25:00"
IOP,0.000653,"2017-10-12 21:30:00"
IOP,0.000654,"2017-10-12 21:35:00"
IOP,0.00064981,"2017-10-12 21:40:00"
IOP,0.00064421,"2017-10-12 21:45:00"
IOP,0.00065492,"2017-10-12 21:50:00"
IOP,0.0006436,"2017-10-12 21:55:00"
IOP,0.00064332,"2017-10-12 22:00:00"
IOP,0.00064854,"2017-10-12 22:05:00"
IOP,0.00064854,"2017-10-12 22:10:00"
IOP,0.0006434,"2017-10-12 22:15:00"
IOP,0.0006488,"2017-10-12 22:20:00"
IOP,0.000653,"2017-10-12 22:25:00"
IOP,0.00064863,"2017-10-12 22:30:00"
IOP,0.00064334,"2017-10-12 22:35:00"
IOP,0.00064327,"2017-10-12 22:40:00"
IOP,0.00064,"2017-10-12 22:45:00"
IOP,0.00063063,"2017-10-12 22:50:00"
IOP,0.00063063,"2017-10-12 22:55:00"
IOP,0.00063063,"2017-10-12 23:00:00"
IOP,0.00061999,"2017-10-12 23:05:00"
IOP,0.0006187,"2017-10-12 23:10:00"
IOP,0.000619,"2017-10-12 23:15:00"
IOP,0.00061728,"2017-10-12 23:20:00"
IOP,0.00061388,"2017-10-12 23:25:00"
IOP,0.00061324,"2017-10-12 23:30:00"
IOP,0.00061498,"2017-10-12 23:35:00"
IOP,0.00061013,"2017-10-12 23:40:00"
IOP,0.00061476,"2017-10-12 23:45:00"
IOP,0.00061998,"2017-10-12 23:50:00"
IOP,0.00061998,"2017-10-12 23:55:00"
IOP,0.00061479,"2017-10-13 00:00:00"
IOP,0.00061387,"2017-10-13 00:05:00"
IOP,0.00061019,"2017-10-13 00:10:00"
IOP,0.00061387,"2017-10-13 00:15:00"
IOP,0.00061209,"2017-10-13 00:20:00"
IOP,0.00061125,"2017-10-13 00:25:00"
IOP,0.00061155,"2017-10-13 00:30:00"
IOP,0.000612,"2017-10-13 00:35:00"
IOP,0.00061156,"2017-10-13 00:40:00"
IOP,0.000612,"2017-10-13 00:45:00"
IOP,0.0006122,"2017-10-13 00:50:00"
IOP,0.000609,"2017-10-13 00:55:00"
IOP,0.0006122,"2017-10-13 01:00:00"
IOP,0.0006122,"2017-10-13 01:05:00"
IOP,0.00060539,"2017-10-13 01:10:00"
IOP,0.00059254,"2017-10-13 01:15:00"
IOP,0.00058,"2017-10-13 01:20:00"
IOP,0.000585,"2017-10-13 01:25:00"
IOP,0.0005839,"2017-10-13 01:30:00"
IOP,0.00058689,"2017-10-13 01:35:00"
IOP,0.00058133,"2017-10-13 01:40:00"
IOP,0.00056619,"2017-10-13 01:45:00"
IOP,0.000579,"2017-10-13 01:50:00"
IOP,0.0005699,"2017-10-13 01:55:00"
IOP,0.00057,"2017-10-13 02:00:00"
IOP,0.00057216,"2017-10-13 02:05:00"
IOP,0.0005471,"2017-10-13 02:10:00"
IOP,0.00055149,"2017-10-13 02:15:00"
IOP,0.00055147,"2017-10-13 02:20:00"
IOP,0.0005734,"2017-10-13 02:25:00"
IOP,0.00058466,"2017-10-13 02:30:00"
IOP,0.00058001,"2017-10-13 02:35:00"
IOP,0.00058,"2017-10-13 02:40:00"
IOP,0.00057395,"2017-10-13 02:45:00"
IOP,0.00056264,"2017-10-13 02:50:00"
IOP,0.00056184,"2017-10-13 02:55:00"
IOP,0.00054707,"2017-10-13 03:00:00"
IOP,0.00054795,"2017-10-13 03:05:00"
IOP,0.00054317,"2017-10-13 03:10:00"
IOP,0.00054726,"2017-10-13 03:15:00"
IOP,0.0005565,"2017-10-13 03:20:00"
IOP,0.00054953,"2017-10-13 03:25:00"
IOP,0.0005496,"2017-10-13 03:30:00"
IOP,0.00056441,"2017-10-13 03:35:00"
IOP,0.000565,"2017-10-13 03:40:00"
IOP,0.00057448,"2017-10-13 03:45:00"
IOP,0.00057447,"2017-10-13 03:50:00"
IOP,0.00057447,"2017-10-13 03:55:00"
IOP,0.00055793,"2017-10-13 04:00:00"
IOP,0.00054661,"2017-10-13 04:05:00"
IOP,0.00052767,"2017-10-13 04:10:00"
IOP,0.00053016,"2017-10-13 04:15:00"
IOP,0.00053962,"2017-10-13 04:20:00"
IOP,0.00052369,"2017-10-13 04:25:00"
IOP,0.0005204,"2017-10-13 04:30:00"
IOP,0.00051854,"2017-10-13 04:35:00"
IOP,0.00050755,"2017-10-13 04:40:00"
IOP,0.00050021,"2017-10-13 04:45:00"
IOP,0.0005204,"2017-10-13 04:50:00"
IOP,0.0005152,"2017-10-13 04:55:00"
IOP,0.00050055,"2017-10-13 05:00:00"
IOP,0.000512,"2017-10-13 05:05:00"
IOP,0.00052099,"2017-10-13 05:10:00"
IOP,0.00052623,"2017-10-13 05:15:00"
IOP,0.00053767,"2017-10-13 05:20:00"
IOP,0.00053709,"2017-10-13 05:25:00"
IOP,0.00053705,"2017-10-13 05:30:00"
IOP,0.00054,"2017-10-13 05:35:00"
IOP,0.00054107,"2017-10-13 05:40:00"
IOP,0.00053573,"2017-10-13 05:45:00"
IOP,0.00052591,"2017-10-13 05:50:00"
IOP,0.00052575,"2017-10-13 05:55:00"
IOP,0.00052099,"2017-10-13 06:00:00"
IOP,0.00052308,"2017-10-13 06:05:00"
IOP,0.00052099,"2017-10-13 06:10:00"
IOP,0.00052998,"2017-10-13 06:15:00"
IOP,0.0005315,"2017-10-13 06:20:00"
IOP,0.00053682,"2017-10-13 06:25:00"
IOP,0.00053682,"2017-10-13 06:30:00"
IOP,0.00052,"2017-10-13 06:35:00"
IOP,0.00051957,"2017-10-13 06:40:00"
IOP,0.00051682,"2017-10-13 06:45:00"
IOP,0.00051682,"2017-10-13 06:50:00"
IOP,0.00051683,"2017-10-13 06:55:00"
IOP,0.00051682,"2017-10-13 07:00:00"
IOP,0.00051922,"2017-10-13 07:05:00"
IOP,0.00051685,"2017-10-13 07:10:00"
IOP,0.00051685,"2017-10-13 07:15:00"
IOP,0.00051922,"2017-10-13 07:20:00"
IOP,0.00052708,"2017-10-13 07:25:00"
IOP,0.000526,"2017-10-13 07:30:00"
IOP,0.00054523,"2017-10-13 07:35:00"
IOP,0.00053164,"2017-10-13 07:40:00"
IOP,0.00055122,"2017-10-13 07:45:00"
IOP,0.00058144,"2017-10-13 07:50:00"
IOP,0.00058247,"2017-10-13 07:55:00"
IOP,0.00055937,"2017-10-13 08:00:00"
IOP,0.00057999,"2017-10-13 08:05:00"
IOP,0.00058247,"2017-10-13 08:10:00"
IOP,0.00058247,"2017-10-13 08:15:00"
IOP,0.00058,"2017-10-13 08:20:00"
IOP,0.00057793,"2017-10-13 08:25:00"
IOP,0.00055,"2017-10-13 08:30:00"
IOP,0.00055096,"2017-10-13 08:35:00"
IOP,0.00056841,"2017-10-13 08:40:00"
IOP,0.00056841,"2017-10-13 08:45:00"
IOP,0.00056662,"2017-10-13 08:50:00"
IOP,0.0005596,"2017-10-13 08:55:00"
IOP,0.00055,"2017-10-13 09:00:00"
IOP,0.000544,"2017-10-13 09:05:00"
IOP,0.0005413,"2017-10-13 09:10:00"
IOP,0.00053721,"2017-10-13 09:15:00"
IOP,0.00053929,"2017-10-13 09:20:00"
IOP,0.00054098,"2017-10-13 09:25:00"
IOP,0.00053766,"2017-10-13 09:30:00"
IOP,0.000533,"2017-10-13 09:35:00"
IOP,0.000532,"2017-10-13 09:40:00"
IOP,0.000528,"2017-10-13 09:45:00"
IOP,0.00052206,"2017-10-13 09:50:00"
IOP,0.00052206,"2017-10-13 09:55:00"
IOP,0.00052206,"2017-10-13 10:00:00"
IOP,0.00051531,"2017-10-13 10:05:00"
IOP,0.00051,"2017-10-13 10:10:00"
IOP,0.00051711,"2017-10-13 10:15:00"
IOP,0.00050699,"2017-10-13 10:20:00"
IOP,0.00049999,"2017-10-13 10:25:00"
IOP,0.00049505,"2017-10-13 10:30:00"
IOP,0.000498,"2017-10-13 10:35:00"
IOP,0.00049621,"2017-10-13 10:40:00"
IOP,0.00050993,"2017-10-13 10:45:00"
IOP,0.00051182,"2017-10-13 10:50:00"
IOP,0.00049618,"2017-10-13 10:55:00"
IOP,0.00050941,"2017-10-13 11:00:00"
IOP,0.00052449,"2017-10-13 11:05:00"
IOP,0.00049798,"2017-10-13 11:10:00"
IOP,0.00049998,"2017-10-13 11:15:00"
IOP,0.00049,"2017-10-13 11:20:00"
IOP,0.00045218,"2017-10-13 11:25:00"
IOP,0.0004612,"2017-10-13 11:30:00"
IOP,0.00045995,"2017-10-13 11:35:00"
IOP,0.000458,"2017-10-13 11:40:00"
IOP,0.00046239,"2017-10-13 11:45:00"
IOP,0.000451,"2017-10-13 11:50:00"
IOP,0.00045404,"2017-10-13 11:55:00"
IOP,0.00043324,"2017-10-13 12:00:00"
IOP,0.00042842,"2017-10-13 12:05:00"
IOP,0.00044543,"2017-10-13 12:10:00"
IOP,0.00045107,"2017-10-13 12:15:00"
IOP,0.00044998,"2017-10-13 12:20:00"
IOP,0.00044225,"2017-10-13 12:25:00"
IOP,0.000444,"2017-10-13 12:30:00"
IOP,0.00044481,"2017-10-13 12:35:00"
IOP,0.00044002,"2017-10-13 12:40:00"
IOP,0.00042478,"2017-10-13 12:45:00"
IOP,0.00043736,"2017-10-13 12:50:00"
IOP,0.000446,"2017-10-13 12:55:00"
IOP,0.00045338,"2017-10-13 13:00:00"
IOP,0.00046605,"2017-10-13 13:05:00"
IOP,0.00048475,"2017-10-13 13:10:00"
IOP,0.00048963,"2017-10-13 13:15:00"
IOP,0.0005,"2017-10-13 13:20:00"
IOP,0.00053405,"2017-10-13 13:25:00"
IOP,0.00051,"2017-10-13 13:30:00"
IOP,0.00049301,"2017-10-13 13:35:00"
IOP,0.00047729,"2017-10-13 13:40:00"
IOP,0.00049806,"2017-10-13 13:45:00"
IOP,0.00048885,"2017-10-13 13:50:00"
IOP,0.000477,"2017-10-13 13:55:00"
IOP,0.00047758,"2017-10-13 14:00:00"
IOP,0.00047912,"2017-10-13 14:05:00"
IOP,0.00047604,"2017-10-13 14:10:00"
IOP,0.00047817,"2017-10-13 14:15:00"
IOP,0.00047998,"2017-10-13 14:20:00"
IOP,0.00050677,"2017-10-13 14:25:00"
IOP,0.00049897,"2017-10-13 14:30:00"
IOP,0.00049004,"2017-10-13 14:35:00"
IOP,0.000507,"2017-10-13 14:40:00"
IOP,0.00049882,"2017-10-13 14:45:00"
IOP,0.0004991,"2017-10-13 14:50:00"
IOP,0.00049889,"2017-10-13 14:55:00"
IOP,0.00049846,"2017-10-13 15:00:00"
IOP,0.0004911,"2017-10-13 15:05:00"
IOP,0.00048015,"2017-10-13 15:10:00"
IOP,0.0004809,"2017-10-13 15:15:00"
IOP,0.00048871,"2017-10-13 15:20:00"
IOP,0.0004821,"2017-10-13 15:25:00"
IOP,0.0004886,"2017-10-13 15:30:00"
IOP,0.0005031,"2017-10-13 15:35:00"
IOP,0.0005001,"2017-10-13 15:40:00"
IOP,0.00049046,"2017-10-13 15:45:00"
IOP,0.0005,"2017-10-13 15:50:00"
IOP,0.0005098,"2017-10-13 15:55:00"
IOP,0.00050899,"2017-10-13 16:00:00"
IOP,0.00050999,"2017-10-13 16:05:00"
IOP,0.00050814,"2017-10-13 16:10:00"
IOP,0.00048314,"2017-10-13 16:15:00"
IOP,0.00047882,"2017-10-13 16:20:00"
IOP,0.00048306,"2017-10-13 16:25:00"
IOP,0.00048262,"2017-10-13 16:30:00"
IOP,0.0004731,"2017-10-13 16:35:00"
IOP,0.00047315,"2017-10-13 16:40:00"
IOP,0.00046813,"2017-10-13 16:45:00"
IOP,0.0004592,"2017-10-13 16:50:00"
IOP,0.00045331,"2017-10-13 16:55:00"
IOP,0.00045331,"2017-10-13 17:00:00"
IOP,0.00046929,"2017-10-13 17:05:00"
IOP,0.00049215,"2017-10-13 17:10:00"
IOP,0.0004789,"2017-10-13 17:15:00"
IOP,0.00047027,"2017-10-13 17:20:00"
IOP,0.0004718,"2017-10-13 17:25:00"
IOP,0.0004721,"2017-10-13 17:30:00"
IOP,0.00047137,"2017-10-13 17:35:00"
IOP,0.00048,"2017-10-13 17:40:00"
IOP,0.00046506,"2017-10-13 17:45:00"
IOP,0.00047796,"2017-10-13 17:50:00"
IOP,0.00045501,"2017-10-13 17:55:00"
IOP,0.00046464,"2017-10-13 18:00:00"
IOP,0.00044998,"2017-10-13 18:05:00"
IOP,0.00045659,"2017-10-13 18:10:00"
IOP,0.0004496,"2017-10-13 18:15:00"
IOP,0.00044506,"2017-10-13 18:20:00"
IOP,0.0004383,"2017-10-13 18:25:00"
IOP,0.0004486,"2017-10-13 18:30:00"
IOP,0.000449,"2017-10-13 18:35:00"
IOP,0.000465,"2017-10-13 18:40:00"
IOP,0.00046632,"2017-10-13 18:45:00"
IOP,0.00047475,"2017-10-13 18:50:00"
IOP,0.00047778,"2017-10-13 18:55:00"
IOP,0.0004805,"2017-10-13 19:00:00"
IOP,0.00046953,"2017-10-13 19:05:00"
IOP,0.00047762,"2017-10-13 19:10:00"
IOP,0.00047005,"2017-10-13 19:15:00"
IOP,0.00047018,"2017-10-13 19:20:00"
IOP,0.00046701,"2017-10-13 19:25:00"
IOP,0.00047903,"2017-10-13 19:30:00"
IOP,0.00048325,"2017-10-13 19:35:00"
IOP,0.0005,"2017-10-13 19:40:00"
IOP,0.00048618,"2017-10-13 19:45:00"
IOP,0.0005019,"2017-10-13 19:50:00"
IOP,0.00048,"2017-10-13 19:55:00"
IOP,0.00048116,"2017-10-13 20:00:00"
IOP,0.000499,"2017-10-13 20:05:00"
IOP,0.00049059,"2017-10-13 20:10:00"
IOP,0.00048995,"2017-10-13 20:15:00"
IOP,0.0004899,"2017-10-13 20:20:00"
IOP,0.00046801,"2017-10-13 20:25:00"
IOP,0.00048131,"2017-10-13 20:30:00"
IOP,0.00048616,"2017-10-13 20:35:00"
IOP,0.00048616,"2017-10-13 20:40:00"
IOP,0.000482,"2017-10-13 20:45:00"
IOP,0.00049834,"2017-10-13 20:50:00"
IOP,0.00048808,"2017-10-13 20:55:00"
IOP,0.000482,"2017-10-13 21:00:00"
IOP,0.00048169,"2017-10-13 21:05:00"
IOP,0.0004743,"2017-10-13 21:10:00"
IOP,0.00047,"2017-10-13 21:15:00"
IOP,0.00047003,"2017-10-13 21:20:00"
IOP,0.00047003,"2017-10-13 21:25:00"
IOP,0.00046994,"2017-10-13 21:30:00"
IOP,0.00047,"2017-10-13 21:35:00"
IOP,0.00048131,"2017-10-13 21:40:00"
IOP,0.00048435,"2017-10-13 21:45:00"
IOP,0.00048754,"2017-10-13 21:50:00"
IOP,0.0005,"2017-10-13 21:55:00"
IOP,0.0005199,"2017-10-13 22:00:00"
IOP,0.000499,"2017-10-13 22:05:00"
IOP,0.00048774,"2017-10-13 22:10:00"
IOP,0.00050387,"2017-10-13 22:15:00"
IOP,0.00053,"2017-10-13 22:20:00"
IOP,0.00053001,"2017-10-13 22:25:00"
IOP,0.00052991,"2017-10-13 22:30:00"
IOP,0.000518,"2017-10-13 22:35:00"
IOP,0.00050246,"2017-10-13 22:40:00"
IOP,0.00050301,"2017-10-13 22:45:00"
IOP,0.00050256,"2017-10-13 22:50:00"
IOP,0.00050515,"2017-10-13 22:55:00"
IOP,0.00051179,"2017-10-13 23:00:00"
IOP,0.00050346,"2017-10-13 23:05:00"
IOP,0.00052,"2017-10-13 23:10:00"
IOP,0.00050413,"2017-10-13 23:15:00"
IOP,0.00053,"2017-10-13 23:20:00"
IOP,0.0005301,"2017-10-13 23:25:00"
IOP,0.00053175,"2017-10-13 23:30:00"
IOP,0.00053176,"2017-10-13 23:35:00"
IOP,0.00053175,"2017-10-13 23:40:00"
IOP,0.000533,"2017-10-13 23:45:00"
IOP,0.00053175,"2017-10-13 23:50:00"
IOP,0.00051968,"2017-10-13 23:55:00"
IOP,0.00051961,"2017-10-14 00:00:00"
IOP,0.00051961,"2017-10-14 00:05:00"
IOP,0.000522,"2017-10-14 00:10:00"
IOP,0.0005105,"2017-10-14 00:15:00"
IOP,0.00051117,"2017-10-14 00:20:00"
IOP,0.0005111,"2017-10-14 00:25:00"
IOP,0.00051128,"2017-10-14 00:30:00"
IOP,0.00051102,"2017-10-14 00:35:00"
IOP,0.00052088,"2017-10-14 00:40:00"
IOP,0.0005111,"2017-10-14 00:45:00"
IOP,0.00052088,"2017-10-14 00:50:00"
IOP,0.00052081,"2017-10-14 00:55:00"
IOP,0.00051201,"2017-10-14 01:00:00"
IOP,0.0005167,"2017-10-14 01:05:00"
IOP,0.00050582,"2017-10-14 01:10:00"
IOP,0.00050517,"2017-10-14 01:15:00"
IOP,0.00050501,"2017-10-14 01:20:00"
IOP,0.00050501,"2017-10-14 01:25:00"
IOP,0.00050501,"2017-10-14 01:30:00"
IOP,0.00050501,"2017-10-14 01:35:00"
IOP,0.000503,"2017-10-14 01:40:00"
IOP,0.000503,"2017-10-14 01:45:00"
IOP,0.000505,"2017-10-14 01:50:00"
IOP,0.000503,"2017-10-14 01:55:00"
IOP,0.000503,"2017-10-14 02:00:00"
IOP,0.00051216,"2017-10-14 02:05:00"
IOP,0.00050409,"2017-10-14 02:10:00"
IOP,0.00050347,"2017-10-14 02:15:00"
IOP,0.00051286,"2017-10-14 02:20:00"
IOP,0.000505,"2017-10-14 02:25:00"
IOP,0.00050293,"2017-10-14 02:30:00"
IOP,0.00050268,"2017-10-14 02:35:00"
IOP,0.0005094,"2017-10-14 02:40:00"
IOP,0.00051017,"2017-10-14 02:45:00"
IOP,0.00051018,"2017-10-14 02:50:00"
IOP,0.00051018,"2017-10-14 02:55:00"
IOP,0.00051018,"2017-10-14 03:00:00"
IOP,0.0005105,"2017-10-14 03:05:00"
IOP,0.0005094,"2017-10-14 03:10:00"
IOP,0.0005094,"2017-10-14 03:15:00"
IOP,0.0005035,"2017-10-14 03:20:00"
IOP,0.0005035,"2017-10-14 03:25:00"
IOP,0.0005035,"2017-10-14 03:30:00"
IOP,0.00050352,"2017-10-14 03:35:00"
IOP,0.00050354,"2017-10-14 03:40:00"
IOP,0.00051118,"2017-10-14 03:45:00"
IOP,0.00051633,"2017-10-14 03:50:00"
IOP,0.00052773,"2017-10-14 03:55:00"
IOP,0.00051565,"2017-10-14 04:00:00"
IOP,0.00051563,"2017-10-14 04:05:00"
IOP,0.00051182,"2017-10-14 04:10:00"
IOP,0.00050633,"2017-10-14 04:15:00"
IOP,0.00051659,"2017-10-14 04:20:00"
IOP,0.00051659,"2017-10-14 04:25:00"
IOP,0.00051659,"2017-10-14 04:30:00"
IOP,0.00051659,"2017-10-14 04:35:00"
IOP,0.00051539,"2017-10-14 04:40:00"
IOP,0.00051539,"2017-10-14 04:45:00"
IOP,0.00051539,"2017-10-14 04:50:00"
IOP,0.00051539,"2017-10-14 04:55:00"
IOP,0.0005188,"2017-10-14 05:00:00"
IOP,0.00052006,"2017-10-14 05:05:00"
IOP,0.00051998,"2017-10-14 05:10:00"
IOP,0.00051541,"2017-10-14 05:15:00"
IOP,0.00051541,"2017-10-14 05:20:00"
IOP,0.00050762,"2017-10-14 05:25:00"
IOP,0.00050643,"2017-10-14 05:30:00"
IOP,0.00050277,"2017-10-14 05:35:00"
IOP,0.00050277,"2017-10-14 05:40:00"
IOP,0.00050271,"2017-10-14 05:45:00"
IOP,0.00050271,"2017-10-14 05:50:00"
IOP,0.000505,"2017-10-14 05:55:00"
IOP,0.00050501,"2017-10-14 06:00:00"
IOP,0.00050273,"2017-10-14 06:05:00"
IOP,0.00050267,"2017-10-14 06:10:00"
IOP,0.00050267,"2017-10-14 06:15:00"
IOP,0.00050277,"2017-10-14 06:20:00"
IOP,0.00050277,"2017-10-14 06:25:00"
IOP,0.00050267,"2017-10-14 06:30:00"
IOP,0.00050263,"2017-10-14 06:35:00"
IOP,0.00050263,"2017-10-14 06:40:00"
IOP,0.00050261,"2017-10-14 06:45:00"
IOP,0.00050688,"2017-10-14 06:50:00"
IOP,0.00050258,"2017-10-14 06:55:00"
IOP,0.00050258,"2017-10-14 07:00:00"
IOP,0.000502,"2017-10-14 07:05:00"
IOP,0.00050307,"2017-10-14 07:10:00"
IOP,0.00050204,"2017-10-14 07:15:00"
IOP,0.00050299,"2017-10-14 07:20:00"
IOP,0.000505,"2017-10-14 07:25:00"
IOP,0.00050501,"2017-10-14 07:30:00"
IOP,0.00051332,"2017-10-14 07:35:00"
IOP,0.00051,"2017-10-14 07:40:00"
IOP,0.00050502,"2017-10-14 07:45:00"
IOP,0.0005117,"2017-10-14 07:50:00"
IOP,0.0005117,"2017-10-14 07:55:00"
IOP,0.00051965,"2017-10-14 08:00:00"
IOP,0.000516,"2017-10-14 08:05:00"
IOP,0.000516,"2017-10-14 08:10:00"
IOP,0.00051658,"2017-10-14 08:15:00"
IOP,0.00050726,"2017-10-14 08:20:00"
IOP,0.0005081,"2017-10-14 08:25:00"
IOP,0.00051715,"2017-10-14 08:30:00"
IOP,0.000533,"2017-10-14 08:35:00"
IOP,0.000533,"2017-10-14 08:40:00"
IOP,0.00052815,"2017-10-14 08:45:00"
IOP,0.00052,"2017-10-14 08:50:00"
IOP,0.00050976,"2017-10-14 08:55:00"
IOP,0.00050975,"2017-10-14 09:00:00"
IOP,0.0005154,"2017-10-14 09:05:00"
IOP,0.0005154,"2017-10-14 09:10:00"
IOP,0.0005238,"2017-10-14 09:15:00"
IOP,0.0005213,"2017-10-14 09:20:00"
IOP,0.00053843,"2017-10-14 09:25:00"
IOP,0.00053602,"2017-10-14 09:30:00"
IOP,0.00053201,"2017-10-14 09:35:00"
IOP,0.00053034,"2017-10-14 09:40:00"
IOP,0.000532,"2017-10-14 09:45:00"
IOP,0.0005799,"2017-10-14 09:50:00"
IOP,0.00058624,"2017-10-14 09:55:00"
IOP,0.00060064,"2017-10-14 10:00:00"
IOP,0.00058003,"2017-10-14 10:05:00"
IOP,0.00059,"2017-10-14 10:10:00"
IOP,0.00058002,"2017-10-14 10:15:00"
IOP,0.00057002,"2017-10-14 10:20:00"
IOP,0.00055659,"2017-10-14 10:25:00"
IOP,0.00055682,"2017-10-14 10:30:00"
IOP,0.00056498,"2017-10-14 10:35:00"
IOP,0.00056601,"2017-10-14 10:40:00"
IOP,0.00054994,"2017-10-14 10:45:00"
IOP,0.00055555,"2017-10-14 10:50:00"
IOP,0.00054467,"2017-10-14 10:55:00"
IOP,0.00054,"2017-10-14 11:00:00"
IOP,0.00054,"2017-10-14 11:05:00"
IOP,0.00053839,"2017-10-14 11:10:00"
IOP,0.00054461,"2017-10-14 11:15:00"
IOP,0.00055713,"2017-10-14 11:20:00"
IOP,0.00056459,"2017-10-14 11:25:00"
IOP,0.0005692,"2017-10-14 11:30:00"
IOP,0.00059299,"2017-10-14 11:35:00"
IOP,0.00060332,"2017-10-14 11:40:00"
IOP,0.00062131,"2017-10-14 11:45:00"
IOP,0.00066616,"2017-10-14 11:50:00"
IOP,0.000631,"2017-10-14 11:55:00"
IOP,0.00068,"2017-10-14 12:00:00"
IOP,0.00071,"2017-10-14 12:05:00"
IOP,0.00070006,"2017-10-14 12:10:00"
IOP,0.00071832,"2017-10-14 12:15:00"
IOP,0.00072,"2017-10-14 12:20:00"
IOP,0.0007425,"2017-10-14 12:25:00"
IOP,0.00076656,"2017-10-14 12:30:00"
IOP,0.00075999,"2017-10-14 12:35:00"
IOP,0.00074323,"2017-10-14 12:40:00"
IOP,0.00074102,"2017-10-14 12:45:00"
IOP,0.000725,"2017-10-14 12:50:00"
IOP,0.00072103,"2017-10-14 12:55:00"
IOP,0.000745,"2017-10-14 13:00:00"
IOP,0.00070003,"2017-10-14 13:05:00"
IOP,0.00071701,"2017-10-14 13:10:00"
IOP,0.0007,"2017-10-14 13:15:00"
IOP,0.000675,"2017-10-14 13:20:00"
IOP,0.000685,"2017-10-14 13:25:00"
IOP,0.00069088,"2017-10-14 13:30:00"
IOP,0.0006655,"2017-10-14 13:35:00"
IOP,0.00066125,"2017-10-14 13:40:00"
IOP,0.00065018,"2017-10-14 13:45:00"
IOP,0.00066,"2017-10-14 13:50:00"
IOP,0.00066137,"2017-10-14 13:55:00"
IOP,0.0006523,"2017-10-14 14:00:00"
IOP,0.00063704,"2017-10-14 14:05:00"
IOP,0.00064032,"2017-10-14 14:10:00"
IOP,0.00064582,"2017-10-14 14:15:00"
IOP,0.00069557,"2017-10-14 14:20:00"
IOP,0.000721,"2017-10-14 14:25:00"
IOP,0.00069472,"2017-10-14 14:30:00"
IOP,0.00068411,"2017-10-14 14:35:00"
IOP,0.000675,"2017-10-14 14:40:00"
IOP,0.00067476,"2017-10-14 14:45:00"
IOP,0.00067094,"2017-10-14 14:50:00"
IOP,0.00068715,"2017-10-14 14:55:00"
IOP,0.00069,"2017-10-14 15:00:00"
IOP,0.00070153,"2017-10-14 15:05:00"
IOP,0.00070901,"2017-10-14 15:10:00"
IOP,0.00070845,"2017-10-14 15:15:00"
IOP,0.00071209,"2017-10-14 15:20:00"
IOP,0.00073989,"2017-10-14 15:25:00"
IOP,0.000713,"2017-10-14 15:30:00"
IOP,0.00069189,"2017-10-14 15:35:00"
IOP,0.000675,"2017-10-14 15:40:00"
IOP,0.0006966,"2017-10-14 15:45:00"
IOP,0.0006918,"2017-10-14 15:50:00"
IOP,0.0006977,"2017-10-14 15:55:00"
IOP,0.0006766,"2017-10-14 16:00:00"
IOP,0.00069293,"2017-10-14 16:05:00"
IOP,0.000685,"2017-10-14 16:10:00"
IOP,0.00068,"2017-10-14 16:15:00"
IOP,0.00067,"2017-10-14 16:20:00"
IOP,0.00064953,"2017-10-14 16:25:00"
IOP,0.00067449,"2017-10-14 16:30:00"
IOP,0.00065,"2017-10-14 16:35:00"
IOP,0.0006573,"2017-10-14 16:40:00"
IOP,0.00067142,"2017-10-14 16:45:00"
IOP,0.000695,"2017-10-14 16:50:00"
IOP,0.0007,"2017-10-14 16:55:00"
IOP,0.00068464,"2017-10-14 17:00:00"
IOP,0.00068207,"2017-10-14 17:05:00"
IOP,0.00066578,"2017-10-14 17:10:00"
IOP,0.00065818,"2017-10-14 17:15:00"
IOP,0.000664,"2017-10-14 17:20:00"
IOP,0.0006595,"2017-10-14 17:25:00"
IOP,0.00066725,"2017-10-14 17:30:00"
IOP,0.000668,"2017-10-14 17:35:00"
IOP,0.00067959,"2017-10-14 17:40:00"
IOP,0.00067696,"2017-10-14 17:45:00"
IOP,0.00068,"2017-10-14 17:50:00"
IOP,0.00070799,"2017-10-14 17:55:00"
IOP,0.00071695,"2017-10-14 18:00:00"
IOP,0.00068235,"2017-10-14 18:05:00"
IOP,0.00068792,"2017-10-14 18:10:00"
IOP,0.00070009,"2017-10-14 18:15:00"
IOP,0.00069195,"2017-10-14 18:20:00"
IOP,0.00070843,"2017-10-14 18:25:00"
IOP,0.000688,"2017-10-14 18:30:00"
IOP,0.00069882,"2017-10-14 18:35:00"
IOP,0.00069598,"2017-10-14 18:40:00"
IOP,0.00068781,"2017-10-14 18:45:00"
IOP,0.000682,"2017-10-14 18:50:00"
IOP,0.0006802,"2017-10-14 18:55:00"
IOP,0.00067411,"2017-10-14 19:00:00"
IOP,0.00066328,"2017-10-14 19:05:00"
IOP,0.00067062,"2017-10-14 19:10:00"
IOP,0.00067501,"2017-10-14 19:15:00"
IOP,0.00067794,"2017-10-14 19:20:00"
IOP,0.000677,"2017-10-14 19:25:00"
IOP,0.00067755,"2017-10-14 19:30:00"
IOP,0.0006769,"2017-10-14 19:35:00"
IOP,0.00067597,"2017-10-14 19:40:00"
IOP,0.000662,"2017-10-14 19:45:00"
IOP,0.00067753,"2017-10-14 19:50:00"
IOP,0.00067,"2017-10-14 19:55:00"
IOP,0.00066542,"2017-10-14 20:00:00"
IOP,0.00067,"2017-10-14 20:05:00"
IOP,0.00066542,"2017-10-14 20:10:00"
IOP,0.00067001,"2017-10-14 20:15:00"
IOP,0.00067552,"2017-10-14 20:20:00"
IOP,0.00067552,"2017-10-14 20:25:00"
IOP,0.000675,"2017-10-14 20:30:00"
IOP,0.00066,"2017-10-14 20:35:00"
IOP,0.00065915,"2017-10-14 20:40:00"
IOP,0.00064876,"2017-10-14 20:45:00"
IOP,0.00064,"2017-10-14 20:50:00"
IOP,0.00062688,"2017-10-14 20:55:00"
IOP,0.00064,"2017-10-14 21:00:00"
IOP,0.00063008,"2017-10-14 21:05:00"
IOP,0.000615,"2017-10-14 21:10:00"
IOP,0.00061261,"2017-10-14 21:15:00"
IOP,0.00062,"2017-10-14 21:20:00"
IOP,0.00065,"2017-10-14 21:25:00"
IOP,0.00061651,"2017-10-14 21:30:00"
IOP,0.000619,"2017-10-14 21:35:00"
IOP,0.0006206,"2017-10-14 21:40:00"
IOP,0.00061901,"2017-10-14 21:45:00"
IOP,0.00061777,"2017-10-14 21:50:00"
IOP,0.00061668,"2017-10-14 21:55:00"
IOP,0.00061688,"2017-10-14 22:00:00"
IOP,0.0006031,"2017-10-14 22:05:00"
IOP,0.0006098,"2017-10-14 22:10:00"
IOP,0.000615,"2017-10-14 22:15:00"
IOP,0.000615,"2017-10-14 22:20:00"
IOP,0.00061833,"2017-10-14 22:25:00"
IOP,0.00061309,"2017-10-14 22:30:00"
IOP,0.00061898,"2017-10-14 22:35:00"
IOP,0.00062662,"2017-10-14 22:40:00"
IOP,0.00063012,"2017-10-14 22:45:00"
IOP,0.00062703,"2017-10-14 22:50:00"
IOP,0.00063,"2017-10-14 22:55:00"
IOP,0.00063525,"2017-10-14 23:00:00"
IOP,0.00062057,"2017-10-14 23:05:00"
IOP,0.00061487,"2017-10-14 23:10:00"
IOP,0.00062,"2017-10-14 23:15:00"
IOP,0.00062,"2017-10-14 23:20:00"
IOP,0.00062,"2017-10-14 23:25:00"
IOP,0.000612,"2017-10-14 23:30:00"
IOP,0.0006041,"2017-10-14 23:35:00"
IOP,0.00060519,"2017-10-14 23:40:00"
IOP,0.00060519,"2017-10-14 23:45:00"
IOP,0.00061,"2017-10-14 23:50:00"
IOP,0.00060703,"2017-10-14 23:55:00"
IOP,0.00060411,"2017-10-15 00:00:00"
IOP,0.00060703,"2017-10-15 00:05:00"
IOP,0.000603,"2017-10-15 00:10:00"
IOP,0.00059059,"2017-10-15 00:15:00"
IOP,0.000585,"2017-10-15 00:20:00"
IOP,0.00058192,"2017-10-15 00:25:00"
IOP,0.00056441,"2017-10-15 00:30:00"
IOP,0.000578,"2017-10-15 00:35:00"
IOP,0.00056576,"2017-10-15 00:40:00"
IOP,0.00056608,"2017-10-15 00:45:00"
IOP,0.00056021,"2017-10-15 00:50:00"
IOP,0.00055786,"2017-10-15 00:55:00"
IOP,0.00055535,"2017-10-15 01:00:00"
IOP,0.0005657,"2017-10-15 01:05:00"
IOP,0.000583,"2017-10-15 01:10:00"
IOP,0.0005835,"2017-10-15 01:15:00"
IOP,0.00060233,"2017-10-15 01:20:00"
IOP,0.00062042,"2017-10-15 01:25:00"
IOP,0.0006,"2017-10-15 01:30:00"
IOP,0.00060026,"2017-10-15 01:35:00"
IOP,0.00062351,"2017-10-15 01:40:00"
IOP,0.0006386,"2017-10-15 01:45:00"
IOP,0.00064777,"2017-10-15 01:50:00"
IOP,0.00064505,"2017-10-15 01:55:00"
IOP,0.0006225,"2017-10-15 02:00:00"
IOP,0.00063701,"2017-10-15 02:05:00"
IOP,0.00063911,"2017-10-15 02:10:00"
IOP,0.00064643,"2017-10-15 02:15:00"
IOP,0.00063723,"2017-10-15 02:20:00"
IOP,0.0006205,"2017-10-15 02:25:00"
IOP,0.00059999,"2017-10-15 02:30:00"
IOP,0.00059902,"2017-10-15 02:35:00"
IOP,0.000605,"2017-10-15 02:40:00"
IOP,0.00058443,"2017-10-15 02:45:00"
IOP,0.00057334,"2017-10-15 02:50:00"
IOP,0.000565,"2017-10-15 02:55:00"
IOP,0.00058513,"2017-10-15 03:00:00"
IOP,0.00059054,"2017-10-15 03:05:00"
IOP,0.00058814,"2017-10-15 03:10:00"
IOP,0.00058965,"2017-10-15 03:15:00"
IOP,0.00059776,"2017-10-15 03:20:00"
IOP,0.00058473,"2017-10-15 03:25:00"
IOP,0.00058863,"2017-10-15 03:30:00"
IOP,0.00056507,"2017-10-15 03:35:00"
IOP,0.00057001,"2017-10-15 03:40:00"
IOP,0.00057008,"2017-10-15 03:45:00"
IOP,0.00057352,"2017-10-15 03:50:00"
IOP,0.0005835,"2017-10-15 03:55:00"
IOP,0.00058351,"2017-10-15 04:00:00"
IOP,0.00058803,"2017-10-15 04:05:00"
IOP,0.00061,"2017-10-15 04:10:00"
IOP,0.00059534,"2017-10-15 04:15:00"
IOP,0.0005898,"2017-10-15 04:20:00"
IOP,0.0006,"2017-10-15 04:25:00"
IOP,0.00058856,"2017-10-15 04:30:00"
IOP,0.000584,"2017-10-15 04:35:00"
IOP,0.0005897,"2017-10-15 04:40:00"
IOP,0.0005947,"2017-10-15 04:45:00"
IOP,0.00059,"2017-10-15 04:50:00"
IOP,0.00058981,"2017-10-15 04:55:00"
IOP,0.00058981,"2017-10-15 05:00:00"
IOP,0.00058856,"2017-10-15 05:05:00"
IOP,0.00057878,"2017-10-15 05:10:00"
IOP,0.00057469,"2017-10-15 05:15:00"
IOP,0.00057972,"2017-10-15 05:20:00"
IOP,0.00057705,"2017-10-15 05:25:00"
IOP,0.00058966,"2017-10-15 05:30:00"
IOP,0.00057945,"2017-10-15 05:35:00"
IOP,0.0005778,"2017-10-15 05:40:00"
IOP,0.00057805,"2017-10-15 05:45:00"
IOP,0.00058815,"2017-10-15 05:50:00"
IOP,0.00058815,"2017-10-15 05:55:00"
IOP,0.00058836,"2017-10-15 06:00:00"
IOP,0.00058367,"2017-10-15 06:05:00"
IOP,0.000583,"2017-10-15 06:10:00"
IOP,0.00058268,"2017-10-15 06:15:00"
IOP,0.00058305,"2017-10-15 06:20:00"
IOP,0.000588,"2017-10-15 06:25:00"
IOP,0.00058495,"2017-10-15 06:30:00"
IOP,0.0005853,"2017-10-15 06:35:00"
IOP,0.000596,"2017-10-15 06:40:00"
IOP,0.00060361,"2017-10-15 06:45:00"
IOP,0.00061434,"2017-10-15 06:50:00"
IOP,0.00059711,"2017-10-15 06:55:00"
IOP,0.0006,"2017-10-15 07:00:00"
IOP,0.00061751,"2017-10-15 07:05:00"
IOP,0.00064103,"2017-10-15 07:10:00"
IOP,0.00063351,"2017-10-15 07:15:00"
IOP,0.0006504,"2017-10-15 07:20:00"
IOP,0.00065699,"2017-10-15 07:25:00"
IOP,0.00065112,"2017-10-15 07:30:00"
IOP,0.00063875,"2017-10-15 07:35:00"
IOP,0.00063499,"2017-10-15 07:40:00"
IOP,0.00064304,"2017-10-15 07:45:00"
IOP,0.00064682,"2017-10-15 07:50:00"
IOP,0.00063755,"2017-10-15 07:55:00"
IOP,0.00063151,"2017-10-15 08:00:00"
IOP,0.0006324,"2017-10-15 08:05:00"
IOP,0.0006533,"2017-10-15 08:10:00"
IOP,0.00064957,"2017-10-15 08:15:00"
IOP,0.00064229,"2017-10-15 08:20:00"
IOP,0.00063307,"2017-10-15 08:25:00"
IOP,0.000627,"2017-10-15 08:30:00"
IOP,0.000627,"2017-10-15 08:35:00"
IOP,0.000642,"2017-10-15 08:40:00"
IOP,0.00065,"2017-10-15 08:45:00"
IOP,0.00064221,"2017-10-15 08:50:00"
IOP,0.0006324,"2017-10-15 08:55:00"
IOP,0.00063501,"2017-10-15 09:00:00"
IOP,0.00064,"2017-10-15 09:05:00"
IOP,0.0006373,"2017-10-15 09:10:00"
IOP,0.0006384,"2017-10-15 09:15:00"
IOP,0.00063888,"2017-10-15 09:20:00"
IOP,0.00063501,"2017-10-15 09:25:00"
IOP,0.00063918,"2017-10-15 09:30:00"
IOP,0.00063455,"2017-10-15 09:35:00"
IOP,0.00063239,"2017-10-15 09:40:00"
IOP,0.00062914,"2017-10-15 09:45:00"
IOP,0.000605,"2017-10-15 09:50:00"
IOP,0.00060964,"2017-10-15 09:55:00"
IOP,0.00061214,"2017-10-15 10:00:00"
IOP,0.00061392,"2017-10-15 10:05:00"
IOP,0.00061822,"2017-10-15 10:10:00"
IOP,0.00062031,"2017-10-15 10:15:00"
IOP,0.00061774,"2017-10-15 10:20:00"
IOP,0.00061091,"2017-10-15 10:25:00"
IOP,0.0006099,"2017-10-15 10:30:00"
IOP,0.00062708,"2017-10-15 10:35:00"
IOP,0.00065782,"2017-10-15 10:40:00"
IOP,0.00066158,"2017-10-15 10:45:00"
IOP,0.000695,"2017-10-15 10:50:00"
IOP,0.00070478,"2017-10-15 10:55:00"
IOP,0.00068,"2017-10-15 11:00:00"
IOP,0.00068,"2017-10-15 11:05:00"
IOP,0.00070176,"2017-10-15 11:10:00"
IOP,0.00067773,"2017-10-15 11:15:00"
IOP,0.00068149,"2017-10-15 11:20:00"
IOP,0.00067121,"2017-10-15 11:25:00"
IOP,0.00065686,"2017-10-15 11:30:00"
IOP,0.00067754,"2017-10-15 11:35:00"
IOP,0.00066861,"2017-10-15 11:40:00"
IOP,0.00066735,"2017-10-15 11:45:00"
IOP,0.00066735,"2017-10-15 11:50:00"
IOP,0.00065701,"2017-10-15 11:55:00"
IOP,0.00065703,"2017-10-15 12:00:00"
IOP,0.00064773,"2017-10-15 12:05:00"
IOP,0.000647,"2017-10-15 12:10:00"
IOP,0.0006405,"2017-10-15 12:15:00"
IOP,0.00063899,"2017-10-15 12:20:00"
IOP,0.000639,"2017-10-15 12:25:00"
IOP,0.00063,"2017-10-15 12:30:00"
IOP,0.00063138,"2017-10-15 12:35:00"
IOP,0.00063,"2017-10-15 12:40:00"
IOP,0.000623,"2017-10-15 12:45:00"
IOP,0.000629,"2017-10-15 12:50:00"
IOP,0.00062322,"2017-10-15 12:55:00"
IOP,0.00061501,"2017-10-15 13:00:00"
IOP,0.00062003,"2017-10-15 13:05:00"
IOP,0.00063,"2017-10-15 13:10:00"
IOP,0.000632,"2017-10-15 13:15:00"
IOP,0.000645,"2017-10-15 13:20:00"
IOP,0.0006365,"2017-10-15 13:25:00"
IOP,0.00063651,"2017-10-15 13:30:00"
IOP,0.00064063,"2017-10-15 13:35:00"
IOP,0.00063013,"2017-10-15 13:40:00"
IOP,0.0006249,"2017-10-15 13:45:00"
IOP,0.00062511,"2017-10-15 13:50:00"
IOP,0.00061606,"2017-10-15 13:55:00"
IOP,0.000617,"2017-10-15 14:00:00"
IOP,0.00061622,"2017-10-15 14:05:00"
IOP,0.000602,"2017-10-15 14:10:00"
IOP,0.00060804,"2017-10-15 14:15:00"
IOP,0.00060202,"2017-10-15 14:20:00"
IOP,0.0006108,"2017-10-15 14:25:00"
IOP,0.000615,"2017-10-15 14:30:00"
IOP,0.000629,"2017-10-15 14:35:00"
IOP,0.00062432,"2017-10-15 14:40:00"
IOP,0.000629,"2017-10-15 14:45:00"
IOP,0.00061862,"2017-10-15 14:50:00"
IOP,0.00061404,"2017-10-15 14:55:00"
IOP,0.00061501,"2017-10-15 15:00:00"
IOP,0.00062341,"2017-10-15 15:05:00"
IOP,0.000625,"2017-10-15 15:10:00"
IOP,0.00063189,"2017-10-15 15:15:00"
IOP,0.00063233,"2017-10-15 15:20:00"
IOP,0.00063319,"2017-10-15 15:25:00"
IOP,0.00061987,"2017-10-15 15:30:00"
IOP,0.00062177,"2017-10-15 15:35:00"
IOP,0.00060954,"2017-10-15 15:40:00"
IOP,0.00060808,"2017-10-15 15:45:00"
IOP,0.00061621,"2017-10-15 15:50:00"
IOP,0.00061949,"2017-10-15 15:55:00"
IOP,0.00061892,"2017-10-15 16:00:00"
IOP,0.000622,"2017-10-15 16:05:00"
IOP,0.000613,"2017-10-15 16:10:00"
IOP,0.00061195,"2017-10-15 16:15:00"
IOP,0.00061195,"2017-10-15 16:20:00"
IOP,0.00061,"2017-10-15 16:25:00"
IOP,0.00060607,"2017-10-15 16:30:00"
IOP,0.00060639,"2017-10-15 16:35:00"
IOP,0.0006116,"2017-10-15 16:40:00"
IOP,0.000607,"2017-10-15 16:45:00"
IOP,0.00061005,"2017-10-15 16:50:00"
IOP,0.00061183,"2017-10-15 16:55:00"
IOP,0.00060601,"2017-10-15 17:00:00"
IOP,0.000606,"2017-10-15 17:05:00"
IOP,0.00060601,"2017-10-15 17:10:00"
IOP,0.00061404,"2017-10-15 17:15:00"
IOP,0.00061404,"2017-10-15 17:20:00"
IOP,0.000607,"2017-10-15 17:25:00"
IOP,0.00060534,"2017-10-15 17:30:00"
IOP,0.00060534,"2017-10-15 17:35:00"
IOP,0.00060545,"2017-10-15 17:40:00"
IOP,0.00060501,"2017-10-15 17:45:00"
IOP,0.00060254,"2017-10-15 17:50:00"
IOP,0.00060997,"2017-10-15 17:55:00"
IOP,0.0006001,"2017-10-15 18:00:00"
IOP,0.00060592,"2017-10-15 18:05:00"
IOP,0.000601,"2017-10-15 18:10:00"
IOP,0.000595,"2017-10-15 18:15:00"
IOP,0.0005951,"2017-10-15 18:20:00"
IOP,0.000596,"2017-10-15 18:25:00"
IOP,0.00060995,"2017-10-15 18:30:00"
IOP,0.00060011,"2017-10-15 18:35:00"
IOP,0.00060009,"2017-10-15 18:40:00"
IOP,0.00060009,"2017-10-15 18:45:00"
IOP,0.00059503,"2017-10-15 18:50:00"
IOP,0.00059,"2017-10-15 18:55:00"
IOP,0.00059256,"2017-10-15 19:00:00"
IOP,0.00058671,"2017-10-15 19:05:00"
IOP,0.00057006,"2017-10-15 19:10:00"
IOP,0.00057938,"2017-10-15 19:15:00"
IOP,0.00057939,"2017-10-15 19:20:00"
IOP,0.00057601,"2017-10-15 19:25:00"
IOP,0.00057242,"2017-10-15 19:30:00"
IOP,0.00057596,"2017-10-15 19:35:00"
IOP,0.00057239,"2017-10-15 19:40:00"
IOP,0.00058955,"2017-10-15 19:45:00"
IOP,0.00059804,"2017-10-15 19:50:00"
IOP,0.00059472,"2017-10-15 19:55:00"
IOP,0.00059436,"2017-10-15 20:00:00"
IOP,0.00058,"2017-10-15 20:05:00"
IOP,0.00059151,"2017-10-15 20:10:00"
IOP,0.00059508,"2017-10-15 20:15:00"
IOP,0.00059508,"2017-10-15 20:20:00"
IOP,0.0006,"2017-10-15 20:25:00"
IOP,0.00057541,"2017-10-15 20:30:00"
IOP,0.00059499,"2017-10-15 20:35:00"
IOP,0.0005915,"2017-10-15 20:40:00"
IOP,0.00059149,"2017-10-15 20:45:00"
IOP,0.00058559,"2017-10-15 20:50:00"
IOP,0.00058501,"2017-10-15 20:55:00"
IOP,0.00058501,"2017-10-15 21:00:00"
IOP,0.00059134,"2017-10-15 21:05:00"
IOP,0.00059399,"2017-10-15 21:10:00"
IOP,0.00059399,"2017-10-15 21:15:00"
IOP,0.00058508,"2017-10-15 21:20:00"
IOP,0.00058508,"2017-10-15 21:25:00"
IOP,0.00058038,"2017-10-15 21:30:00"
IOP,0.00057553,"2017-10-15 21:35:00"
IOP,0.0005804,"2017-10-15 21:40:00"
IOP,0.0005804,"2017-10-15 21:45:00"
IOP,0.000577,"2017-10-15 21:50:00"
IOP,0.0005803,"2017-10-15 21:55:00"
IOP,0.00057553,"2017-10-15 22:00:00"
IOP,0.00057976,"2017-10-15 22:05:00"
IOP,0.000584,"2017-10-15 22:10:00"
IOP,0.00058406,"2017-10-15 22:15:00"
IOP,0.00057977,"2017-10-15 22:20:00"
IOP,0.00058406,"2017-10-15 22:25:00"
IOP,0.000585,"2017-10-15 22:30:00"
IOP,0.00058557,"2017-10-15 22:35:00"
IOP,0.00059999,"2017-10-15 22:40:00"
IOP,0.00060278,"2017-10-15 22:45:00"
IOP,0.0006,"2017-10-15 22:50:00"
IOP,0.00060359,"2017-10-15 22:55:00"
IOP,0.00059362,"2017-10-15 23:00:00"
IOP,0.00059644,"2017-10-15 23:05:00"
IOP,0.0005962,"2017-10-15 23:10:00"
IOP,0.00059998,"2017-10-15 23:15:00"
IOP,0.00060481,"2017-10-15 23:20:00"
IOP,0.00059999,"2017-10-15 23:25:00"
IOP,0.00059999,"2017-10-15 23:30:00"
IOP,0.00059995,"2017-10-15 23:35:00"
IOP,0.00060045,"2017-10-15 23:40:00"
IOP,0.00060044,"2017-10-15 23:45:00"
IOP,0.0006004,"2017-10-15 23:50:00"
IOP,0.00060041,"2017-10-15 23:55:00"
IOP,0.00059945,"2017-10-16 00:00:00"
IOP,0.00059899,"2017-10-16 00:05:00"
IOP,0.000593,"2017-10-16 00:10:00"
IOP,0.00058612,"2017-10-16 00:15:00"
IOP,0.00059632,"2017-10-16 00:20:00"
IOP,0.00058694,"2017-10-16 00:25:00"
IOP,0.00058503,"2017-10-16 00:30:00"
IOP,0.000585,"2017-10-16 00:35:00"
IOP,0.00058504,"2017-10-16 00:40:00"
IOP,0.00058504,"2017-10-16 00:45:00"
IOP,0.000588,"2017-10-16 00:50:00"
IOP,0.00058409,"2017-10-16 00:55:00"
IOP,0.00058407,"2017-10-16 01:00:00"
IOP,0.00058255,"2017-10-16 01:05:00"
IOP,0.00058255,"2017-10-16 01:10:00"
IOP,0.00058321,"2017-10-16 01:15:00"
IOP,0.00058256,"2017-10-16 01:20:00"
IOP,0.00058255,"2017-10-16 01:25:00"
IOP,0.00058256,"2017-10-16 01:30:00"
IOP,0.00058255,"2017-10-16 01:35:00"
IOP,0.00058347,"2017-10-16 01:40:00"
IOP,0.00058257,"2017-10-16 01:45:00"
IOP,0.00058257,"2017-10-16 01:50:00"
IOP,0.00058597,"2017-10-16 01:55:00"
IOP,0.00057653,"2017-10-16 02:00:00"
IOP,0.00057646,"2017-10-16 02:05:00"
IOP,0.000577,"2017-10-16 02:10:00"
IOP,0.00058294,"2017-10-16 02:15:00"
IOP,0.00057647,"2017-10-16 02:20:00"
IOP,0.00057721,"2017-10-16 02:25:00"
IOP,0.00057721,"2017-10-16 02:30:00"
IOP,0.00057723,"2017-10-16 02:35:00"
IOP,0.00057723,"2017-10-16 02:40:00"
IOP,0.000569,"2017-10-16 02:45:00"
IOP,0.00056901,"2017-10-16 02:50:00"
IOP,0.00056698,"2017-10-16 02:55:00"
IOP,0.00056501,"2017-10-16 03:00:00"
IOP,0.0005675,"2017-10-16 03:05:00"
IOP,0.00056901,"2017-10-16 03:10:00"
IOP,0.00056752,"2017-10-16 03:15:00"
IOP,0.00056803,"2017-10-16 03:20:00"
IOP,0.00056752,"2017-10-16 03:25:00"
IOP,0.00056018,"2017-10-16 03:30:00"
IOP,0.0005602,"2017-10-16 03:35:00"
IOP,0.00056799,"2017-10-16 03:40:00"
IOP,0.00056799,"2017-10-16 03:45:00"
IOP,0.00056797,"2017-10-16 03:50:00"
IOP,0.00056798,"2017-10-16 03:55:00"
IOP,0.00056202,"2017-10-16 04:00:00"
IOP,0.00056204,"2017-10-16 04:05:00"
IOP,0.00056798,"2017-10-16 04:10:00"
IOP,0.00056051,"2017-10-16 04:15:00"
IOP,0.00056203,"2017-10-16 04:20:00"
IOP,0.00056796,"2017-10-16 04:25:00"
IOP,0.00056795,"2017-10-16 04:30:00"
IOP,0.00056795,"2017-10-16 04:35:00"
IOP,0.00056798,"2017-10-16 04:40:00"
IOP,0.00056901,"2017-10-16 04:45:00"
IOP,0.00056901,"2017-10-16 04:50:00"
IOP,0.00057332,"2017-10-16 04:55:00"
IOP,0.00058553,"2017-10-16 05:00:00"
IOP,0.00060269,"2017-10-16 05:05:00"
IOP,0.00059709,"2017-10-16 05:10:00"
IOP,0.00059709,"2017-10-16 05:15:00"
IOP,0.0005882,"2017-10-16 05:20:00"
IOP,0.00059709,"2017-10-16 05:25:00"
IOP,0.00059112,"2017-10-16 05:30:00"
IOP,0.00059193,"2017-10-16 05:35:00"
IOP,0.00058601,"2017-10-16 05:40:00"
IOP,0.00059522,"2017-10-16 05:45:00"
IOP,0.00060999,"2017-10-16 05:50:00"
IOP,0.00061816,"2017-10-16 05:55:00"
IOP,0.00060999,"2017-10-16 06:00:00"
IOP,0.00060198,"2017-10-16 06:05:00"
IOP,0.00059513,"2017-10-16 06:10:00"
IOP,0.00058407,"2017-10-16 06:15:00"
IOP,0.00059995,"2017-10-16 06:20:00"
IOP,0.00058501,"2017-10-16 06:25:00"
IOP,0.00058515,"2017-10-16 06:30:00"
IOP,0.00058501,"2017-10-16 06:35:00"
IOP,0.00057899,"2017-10-16 06:40:00"
IOP,0.0005761,"2017-10-16 06:45:00"
IOP,0.00056992,"2017-10-16 06:50:00"
IOP,0.0005667,"2017-10-16 06:55:00"
IOP,0.000566,"2017-10-16 07:00:00"
IOP,0.00056933,"2017-10-16 07:05:00"
IOP,0.00058071,"2017-10-16 07:10:00"
IOP,0.00058071,"2017-10-16 07:15:00"
IOP,0.00057863,"2017-10-16 07:20:00"
IOP,0.00057863,"2017-10-16 07:25:00"
IOP,0.00058501,"2017-10-16 07:30:00"
IOP,0.00058795,"2017-10-16 07:35:00"
IOP,0.00058795,"2017-10-16 07:40:00"
IOP,0.000584,"2017-10-16 07:45:00"
IOP,0.00058525,"2017-10-16 07:50:00"
IOP,0.00058369,"2017-10-16 07:55:00"
IOP,0.00058248,"2017-10-16 08:00:00"
IOP,0.00058211,"2017-10-16 08:05:00"
IOP,0.00057467,"2017-10-16 08:10:00"
IOP,0.00057455,"2017-10-16 08:15:00"
IOP,0.00057253,"2017-10-16 08:20:00"
IOP,0.0005627,"2017-10-16 08:25:00"
IOP,0.00056391,"2017-10-16 08:30:00"
IOP,0.00057197,"2017-10-16 08:35:00"
IOP,0.00057352,"2017-10-16 08:40:00"
IOP,0.0005913,"2017-10-16 08:45:00"
IOP,0.00058802,"2017-10-16 08:50:00"
IOP,0.0005993,"2017-10-16 08:55:00"
IOP,0.00060066,"2017-10-16 09:00:00"
IOP,0.00059422,"2017-10-16 09:05:00"
IOP,0.00061,"2017-10-16 09:10:00"
IOP,0.0006,"2017-10-16 09:15:00"
IOP,0.00059406,"2017-10-16 09:20:00"
IOP,0.00059003,"2017-10-16 09:25:00"
IOP,0.00058965,"2017-10-16 09:30:00"
IOP,0.000593,"2017-10-16 09:35:00"
IOP,0.00059273,"2017-10-16 09:40:00"
IOP,0.00059299,"2017-10-16 09:45:00"
IOP,0.00058199,"2017-10-16 09:50:00"
IOP,0.00058054,"2017-10-16 09:55:00"
IOP,0.00058054,"2017-10-16 10:00:00"
IOP,0.00058116,"2017-10-16 10:05:00"
IOP,0.00057955,"2017-10-16 10:10:00"
IOP,0.00056824,"2017-10-16 10:15:00"
IOP,0.00056,"2017-10-16 10:20:00"
IOP,0.00056348,"2017-10-16 10:25:00"
IOP,0.00056353,"2017-10-16 10:30:00"
IOP,0.00056104,"2017-10-16 10:35:00"
IOP,0.0005605,"2017-10-16 10:40:00"
IOP,0.00056103,"2017-10-16 10:45:00"
IOP,0.0005574,"2017-10-16 10:50:00"
IOP,0.00056316,"2017-10-16 10:55:00"
IOP,0.00055932,"2017-10-16 11:00:00"
IOP,0.000549,"2017-10-16 11:05:00"
IOP,0.0005464,"2017-10-16 11:10:00"
IOP,0.00054159,"2017-10-16 11:15:00"
IOP,0.000539,"2017-10-16 11:20:00"
IOP,0.00054775,"2017-10-16 11:25:00"
IOP,0.00056356,"2017-10-16 11:30:00"
IOP,0.000566,"2017-10-16 11:35:00"
IOP,0.00056,"2017-10-16 11:40:00"
IOP,0.00054268,"2017-10-16 11:45:00"
IOP,0.00055304,"2017-10-16 11:50:00"
IOP,0.00054639,"2017-10-16 11:55:00"
IOP,0.00056611,"2017-10-16 12:00:00"
IOP,0.00056315,"2017-10-16 12:05:00"
IOP,0.0005618,"2017-10-16 12:10:00"
IOP,0.00055875,"2017-10-16 12:15:00"
IOP,0.00055193,"2017-10-16 12:20:00"
IOP,0.0005519,"2017-10-16 12:25:00"
IOP,0.00056234,"2017-10-16 12:30:00"
IOP,0.00054885,"2017-10-16 12:35:00"
IOP,0.00054886,"2017-10-16 12:40:00"
IOP,0.00054893,"2017-10-16 12:45:00"
IOP,0.00055903,"2017-10-16 12:50:00"
IOP,0.00055999,"2017-10-16 12:55:00"
IOP,0.00056001,"2017-10-16 13:00:00"
IOP,0.00056092,"2017-10-16 13:05:00"
IOP,0.00056902,"2017-10-16 13:10:00"
IOP,0.00056601,"2017-10-16 13:15:00"
IOP,0.00056093,"2017-10-16 13:20:00"
IOP,0.00056561,"2017-10-16 13:25:00"
IOP,0.00056,"2017-10-16 13:30:00"
IOP,0.00055515,"2017-10-16 13:35:00"
IOP,0.00055512,"2017-10-16 13:40:00"
IOP,0.00055548,"2017-10-16 13:45:00"
IOP,0.00055748,"2017-10-16 13:50:00"
IOP,0.00056176,"2017-10-16 13:55:00"
IOP,0.0005566,"2017-10-16 14:00:00"
IOP,0.00056058,"2017-10-16 14:05:00"
IOP,0.00055661,"2017-10-16 14:10:00"
IOP,0.00055992,"2017-10-16 14:15:00"
IOP,0.00055984,"2017-10-16 14:20:00"
IOP,0.00055984,"2017-10-16 14:25:00"
IOP,0.00055653,"2017-10-16 14:30:00"
IOP,0.00055022,"2017-10-16 14:35:00"
IOP,0.00054901,"2017-10-16 14:40:00"
IOP,0.000549,"2017-10-16 14:45:00"
IOP,0.00054987,"2017-10-16 14:50:00"
IOP,0.00054987,"2017-10-16 14:55:00"
IOP,0.00054958,"2017-10-16 15:00:00"
IOP,0.000545,"2017-10-16 15:05:00"
IOP,0.00054,"2017-10-16 15:10:00"
IOP,0.00053,"2017-10-16 15:15:00"
IOP,0.000525,"2017-10-16 15:20:00"
IOP,0.00052295,"2017-10-16 15:25:00"
IOP,0.00051885,"2017-10-16 15:30:00"
IOP,0.00053144,"2017-10-16 15:35:00"
IOP,0.00051799,"2017-10-16 15:40:00"
IOP,0.00052,"2017-10-16 15:45:00"
IOP,0.00051998,"2017-10-16 15:50:00"
IOP,0.00051562,"2017-10-16 15:55:00"
IOP,0.00052149,"2017-10-16 16:00:00"
IOP,0.00051953,"2017-10-16 16:05:00"
IOP,0.00051955,"2017-10-16 16:10:00"
IOP,0.00051998,"2017-10-16 16:15:00"
IOP,0.00051502,"2017-10-16 16:20:00"
IOP,0.00051286,"2017-10-16 16:25:00"
IOP,0.0005186,"2017-10-16 16:30:00"
IOP,0.0005186,"2017-10-16 16:35:00"
IOP,0.00052695,"2017-10-16 16:40:00"
IOP,0.00052686,"2017-10-16 16:45:00"
IOP,0.00052101,"2017-10-16 16:50:00"
IOP,0.000527,"2017-10-16 16:55:00"
IOP,0.00053405,"2017-10-16 17:00:00"
IOP,0.000541,"2017-10-16 17:05:00"
IOP,0.00055,"2017-10-16 17:10:00"
IOP,0.000549,"2017-10-16 17:15:00"
IOP,0.000533,"2017-10-16 17:20:00"
IOP,0.0005315,"2017-10-16 17:25:00"
IOP,0.00052969,"2017-10-16 17:30:00"
IOP,0.00051799,"2017-10-16 17:35:00"
IOP,0.000529,"2017-10-16 17:40:00"
IOP,0.00052208,"2017-10-16 17:45:00"
IOP,0.00052208,"2017-10-16 17:50:00"
IOP,0.00052581,"2017-10-16 17:55:00"
IOP,0.00052571,"2017-10-16 18:00:00"
IOP,0.00052492,"2017-10-16 18:05:00"
IOP,0.00052487,"2017-10-16 18:10:00"
IOP,0.0005211,"2017-10-16 18:15:00"
IOP,0.000524,"2017-10-16 18:20:00"
IOP,0.000517,"2017-10-16 18:25:00"
IOP,0.000517,"2017-10-16 18:30:00"
IOP,0.00052181,"2017-10-16 18:35:00"
IOP,0.00051755,"2017-10-16 18:40:00"
IOP,0.000524,"2017-10-16 18:45:00"
IOP,0.0005171,"2017-10-16 18:50:00"
IOP,0.00051235,"2017-10-16 18:55:00"
IOP,0.00050907,"2017-10-16 19:00:00"
IOP,0.000516,"2017-10-16 19:05:00"
IOP,0.000515,"2017-10-16 19:10:00"
IOP,0.00050907,"2017-10-16 19:15:00"
IOP,0.000513,"2017-10-16 19:20:00"
IOP,0.000514,"2017-10-16 19:25:00"
IOP,0.0005222,"2017-10-16 19:30:00"
IOP,0.00052,"2017-10-16 19:35:00"
IOP,0.00051306,"2017-10-16 19:40:00"
IOP,0.00052326,"2017-10-16 19:45:00"
IOP,0.00052359,"2017-10-16 19:50:00"
IOP,0.00052444,"2017-10-16 19:55:00"
IOP,0.0005292,"2017-10-16 20:00:00"
IOP,0.000525,"2017-10-16 20:05:00"
IOP,0.00054021,"2017-10-16 20:10:00"
IOP,0.00053481,"2017-10-16 20:15:00"
IOP,0.00052672,"2017-10-16 20:20:00"
IOP,0.00052,"2017-10-16 20:25:00"
IOP,0.00052,"2017-10-16 20:30:00"
IOP,0.00052103,"2017-10-16 20:35:00"
IOP,0.00052877,"2017-10-16 20:40:00"
IOP,0.000535,"2017-10-16 20:45:00"
IOP,0.000528,"2017-10-16 20:50:00"
IOP,0.00052,"2017-10-16 20:55:00"
IOP,0.00051886,"2017-10-16 21:00:00"
IOP,0.00052648,"2017-10-16 21:05:00"
IOP,0.0005225,"2017-10-16 21:10:00"
IOP,0.00052554,"2017-10-16 21:15:00"
IOP,0.0005202,"2017-10-16 21:20:00"
IOP,0.00052555,"2017-10-16 21:25:00"
IOP,0.00052844,"2017-10-16 21:30:00"
IOP,0.00052294,"2017-10-16 21:35:00"
IOP,0.00052272,"2017-10-16 21:40:00"
IOP,0.000521,"2017-10-16 21:45:00"
IOP,0.00052604,"2017-10-16 21:50:00"
IOP,0.00052999,"2017-10-16 21:55:00"
IOP,0.00052607,"2017-10-16 22:00:00"
IOP,0.00053532,"2017-10-16 22:05:00"
IOP,0.00052665,"2017-10-16 22:10:00"
IOP,0.00052665,"2017-10-16 22:15:00"
IOP,0.000531,"2017-10-16 22:20:00"
IOP,0.000531,"2017-10-16 22:25:00"
IOP,0.00052899,"2017-10-16 22:30:00"
IOP,0.000528,"2017-10-16 22:35:00"
IOP,0.000528,"2017-10-16 22:40:00"
IOP,0.00052899,"2017-10-16 22:45:00"
IOP,0.00052665,"2017-10-16 22:50:00"
IOP,0.00053527,"2017-10-16 22:55:00"
IOP,0.00053,"2017-10-16 23:00:00"
IOP,0.00053,"2017-10-16 23:05:00"
IOP,0.00053,"2017-10-16 23:10:00"
IOP,0.00053521,"2017-10-16 23:15:00"
IOP,0.00053999,"2017-10-16 23:20:00"
IOP,0.00053895,"2017-10-16 23:25:00"
IOP,0.00053249,"2017-10-16 23:30:00"
IOP,0.00053005,"2017-10-16 23:35:00"
IOP,0.00053475,"2017-10-16 23:40:00"
IOP,0.00053867,"2017-10-16 23:45:00"
IOP,0.00053081,"2017-10-16 23:50:00"
IOP,0.00053006,"2017-10-16 23:55:00"
IOP,0.00053006,"2017-10-17 00:00:00"
IOP,0.00053005,"2017-10-17 00:05:00"
IOP,0.0005301,"2017-10-17 00:10:00"
IOP,0.0005301,"2017-10-17 00:15:00"
IOP,0.0005301,"2017-10-17 00:20:00"
IOP,0.0005301,"2017-10-17 00:25:00"
IOP,0.000531,"2017-10-17 00:30:00"
IOP,0.000531,"2017-10-17 00:35:00"
IOP,0.00053852,"2017-10-17 00:40:00"
IOP,0.00053153,"2017-10-17 00:45:00"
IOP,0.00053154,"2017-10-17 00:50:00"
IOP,0.00053793,"2017-10-17 00:55:00"
IOP,0.0005379,"2017-10-17 01:00:00"
IOP,0.00053512,"2017-10-17 01:05:00"
IOP,0.00053512,"2017-10-17 01:10:00"
IOP,0.00053506,"2017-10-17 01:15:00"
IOP,0.00053506,"2017-10-17 01:20:00"
IOP,0.00052665,"2017-10-17 01:25:00"
IOP,0.00052666,"2017-10-17 01:30:00"
IOP,0.00052999,"2017-10-17 01:35:00"
IOP,0.00053,"2017-10-17 01:40:00"
IOP,0.00053,"2017-10-17 01:45:00"
IOP,0.00053,"2017-10-17 01:50:00"
IOP,0.00053511,"2017-10-17 01:55:00"
IOP,0.00053511,"2017-10-17 02:00:00"
IOP,0.00053511,"2017-10-17 02:05:00"
IOP,0.00052999,"2017-10-17 02:10:00"
IOP,0.00052999,"2017-10-17 02:15:00"
IOP,0.00052667,"2017-10-17 02:20:00"
IOP,0.000525,"2017-10-17 02:25:00"
IOP,0.00052001,"2017-10-17 02:30:00"
IOP,0.00052053,"2017-10-17 02:35:00"
IOP,0.000524,"2017-10-17 02:40:00"
IOP,0.000524,"2017-10-17 02:45:00"
IOP,0.00052,"2017-10-17 02:50:00"
IOP,0.00052787,"2017-10-17 02:55:00"
IOP,0.000524,"2017-10-17 03:00:00"
IOP,0.00052138,"2017-10-17 03:05:00"
IOP,0.00052138,"2017-10-17 03:10:00"
IOP,0.000524,"2017-10-17 03:15:00"
IOP,0.000524,"2017-10-17 03:20:00"
IOP,0.000524,"2017-10-17 03:25:00"
IOP,0.00052527,"2017-10-17 03:30:00"
IOP,0.00052548,"2017-10-17 03:35:00"
IOP,0.00052548,"2017-10-17 03:40:00"
IOP,0.00053284,"2017-10-17 03:45:00"
IOP,0.00052855,"2017-10-17 03:50:00"
IOP,0.0005302,"2017-10-17 03:55:00"
IOP,0.000529,"2017-10-17 04:00:00"
IOP,0.00052455,"2017-10-17 04:05:00"
IOP,0.00052455,"2017-10-17 04:10:00"
IOP,0.00052332,"2017-10-17 04:15:00"
IOP,0.00052332,"2017-10-17 04:20:00"
IOP,0.00052,"2017-10-17 04:25:00"
IOP,0.00051855,"2017-10-17 04:30:00"
IOP,0.00051856,"2017-10-17 04:35:00"
IOP,0.00051729,"2017-10-17 04:40:00"
IOP,0.00051965,"2017-10-17 04:45:00"
IOP,0.00052497,"2017-10-17 04:50:00"
IOP,0.000525,"2017-10-17 04:55:00"
IOP,0.00052643,"2017-10-17 05:00:00"
IOP,0.00052643,"2017-10-17 05:05:00"
IOP,0.00051573,"2017-10-17 05:10:00"
IOP,0.00051573,"2017-10-17 05:15:00"
IOP,0.00052518,"2017-10-17 05:20:00"
IOP,0.00052518,"2017-10-17 05:25:00"
IOP,0.00052,"2017-10-17 05:30:00"
IOP,0.00053017,"2017-10-17 05:35:00"
IOP,0.00052046,"2017-10-17 05:40:00"
IOP,0.00052,"2017-10-17 05:45:00"
IOP,0.00052968,"2017-10-17 05:50:00"
IOP,0.00051705,"2017-10-17 05:55:00"
IOP,0.00051642,"2017-10-17 06:00:00"
IOP,0.00052453,"2017-10-17 06:05:00"
IOP,0.00051651,"2017-10-17 06:10:00"
IOP,0.000518,"2017-10-17 06:15:00"
IOP,0.00051578,"2017-10-17 06:20:00"
IOP,0.00051578,"2017-10-17 06:25:00"
IOP,0.0005143,"2017-10-17 06:30:00"
IOP,0.00051578,"2017-10-17 06:35:00"
IOP,0.00051579,"2017-10-17 06:40:00"
IOP,0.00051579,"2017-10-17 06:45:00"
IOP,0.00052,"2017-10-17 06:50:00"
IOP,0.0005252,"2017-10-17 06:55:00"
IOP,0.00052637,"2017-10-17 07:00:00"
IOP,0.00052637,"2017-10-17 07:05:00"
IOP,0.00052637,"2017-10-17 07:10:00"
IOP,0.00052637,"2017-10-17 07:15:00"
IOP,0.00052637,"2017-10-17 07:20:00"
IOP,0.00052637,"2017-10-17 07:25:00"
IOP,0.00053513,"2017-10-17 07:30:00"
IOP,0.00053768,"2017-10-17 07:35:00"
IOP,0.00053794,"2017-10-17 07:40:00"
IOP,0.00053794,"2017-10-17 07:45:00"
IOP,0.00054363,"2017-10-17 07:50:00"
IOP,0.00054582,"2017-10-17 07:55:00"
IOP,0.00054582,"2017-10-17 08:00:00"
IOP,0.00053705,"2017-10-17 08:05:00"
IOP,0.00053053,"2017-10-17 08:10:00"
IOP,0.00052637,"2017-10-17 08:15:00"
IOP,0.00053052,"2017-10-17 08:20:00"
IOP,0.00052394,"2017-10-17 08:25:00"
IOP,0.000523,"2017-10-17 08:30:00"
IOP,0.000523,"2017-10-17 08:35:00"
IOP,0.0005227,"2017-10-17 08:40:00"
IOP,0.000523,"2017-10-17 08:45:00"
IOP,0.00052375,"2017-10-17 08:50:00"
IOP,0.00052276,"2017-10-17 08:55:00"
IOP,0.000523,"2017-10-17 09:00:00"
IOP,0.00052231,"2017-10-17 09:05:00"
IOP,0.00051812,"2017-10-17 09:10:00"
IOP,0.00051812,"2017-10-17 09:15:00"
IOP,0.00052018,"2017-10-17 09:20:00"
IOP,0.00052642,"2017-10-17 09:25:00"
IOP,0.00052472,"2017-10-17 09:30:00"
IOP,0.00052971,"2017-10-17 09:35:00"
IOP,0.00052472,"2017-10-17 09:40:00"
IOP,0.00052494,"2017-10-17 09:45:00"
IOP,0.000522,"2017-10-17 09:50:00"
IOP,0.00052,"2017-10-17 09:55:00"
IOP,0.000522,"2017-10-17 10:00:00"
IOP,0.00052899,"2017-10-17 10:05:00"
IOP,0.00052107,"2017-10-17 10:10:00"
IOP,0.00052107,"2017-10-17 10:15:00"
IOP,0.00052251,"2017-10-17 10:20:00"
IOP,0.00052251,"2017-10-17 10:25:00"
IOP,0.0005224,"2017-10-17 10:30:00"
IOP,0.0005224,"2017-10-17 10:35:00"
IOP,0.00052,"2017-10-17 10:40:00"
IOP,0.00051851,"2017-10-17 10:45:00"
IOP,0.00051978,"2017-10-17 10:50:00"
IOP,0.00051978,"2017-10-17 10:55:00"
IOP,0.00051978,"2017-10-17 11:00:00"
IOP,0.00052251,"2017-10-17 11:05:00"
IOP,0.0005268,"2017-10-17 11:10:00"
IOP,0.00052685,"2017-10-17 11:15:00"
IOP,0.00052113,"2017-10-17 11:20:00"
IOP,0.00051895,"2017-10-17 11:25:00"
IOP,0.00052669,"2017-10-17 11:30:00"
IOP,0.00052659,"2017-10-17 11:35:00"
IOP,0.000523,"2017-10-17 11:40:00"
IOP,0.00051843,"2017-10-17 11:45:00"
IOP,0.00051799,"2017-10-17 11:50:00"
IOP,0.000518,"2017-10-17 11:55:00"
IOP,0.00051843,"2017-10-17 12:00:00"
IOP,0.000518,"2017-10-17 12:05:00"
IOP,0.0005175,"2017-10-17 12:10:00"
IOP,0.000515,"2017-10-17 12:15:00"
IOP,0.000518,"2017-10-17 12:20:00"
IOP,0.00051101,"2017-10-17 12:25:00"
IOP,0.00050899,"2017-10-17 12:30:00"
IOP,0.00051947,"2017-10-17 12:35:00"
IOP,0.00051007,"2017-10-17 12:40:00"
IOP,0.000516,"2017-10-17 12:45:00"
IOP,0.000512,"2017-10-17 12:50:00"
IOP,0.00051599,"2017-10-17 12:55:00"
IOP,0.000516,"2017-10-17 13:00:00"
IOP,0.00051801,"2017-10-17 13:05:00"
IOP,0.00051801,"2017-10-17 13:10:00"
IOP,0.00051527,"2017-10-17 13:15:00"
IOP,0.000516,"2017-10-17 13:20:00"
IOP,0.00051663,"2017-10-17 13:25:00"
IOP,0.00051662,"2017-10-17 13:30:00"
IOP,0.00051999,"2017-10-17 13:35:00"
IOP,0.00052006,"2017-10-17 13:40:00"
IOP,0.000522,"2017-10-17 13:45:00"
IOP,0.00052013,"2017-10-17 13:50:00"
IOP,0.00051947,"2017-10-17 13:55:00"
IOP,0.0005135,"2017-10-17 14:00:00"
IOP,0.0005135,"2017-10-17 14:05:00"
IOP,0.00051104,"2017-10-17 14:10:00"
IOP,0.0005112,"2017-10-17 14:15:00"
IOP,0.00051126,"2017-10-17 14:20:00"
IOP,0.00051125,"2017-10-17 14:25:00"
IOP,0.00051125,"2017-10-17 14:30:00"
IOP,0.0005112,"2017-10-17 14:35:00"
IOP,0.0005112,"2017-10-17 14:40:00"
IOP,0.0005112,"2017-10-17 14:45:00"
IOP,0.00052121,"2017-10-17 14:50:00"
IOP,0.00051101,"2017-10-17 14:55:00"
IOP,0.00051743,"2017-10-17 15:00:00"
IOP,0.00051742,"2017-10-17 15:05:00"
IOP,0.00051742,"2017-10-17 15:10:00"
IOP,0.00051742,"2017-10-17 15:15:00"
IOP,0.00051119,"2017-10-17 15:20:00"
IOP,0.00051127,"2017-10-17 15:25:00"
IOP,0.000515,"2017-10-17 15:30:00"
IOP,0.0005175,"2017-10-17 15:35:00"
IOP,0.00051269,"2017-10-17 15:40:00"
IOP,0.0005175,"2017-10-17 15:45:00"
IOP,0.00051749,"2017-10-17 15:50:00"
IOP,0.00051743,"2017-10-17 15:55:00"
IOP,0.00051742,"2017-10-17 16:00:00"
IOP,0.00051745,"2017-10-17 16:05:00"
IOP,0.00051743,"2017-10-17 16:10:00"
IOP,0.00051312,"2017-10-17 16:15:00"
IOP,0.00051692,"2017-10-17 16:20:00"
IOP,0.00051084,"2017-10-17 16:25:00"
IOP,0.00051123,"2017-10-17 16:30:00"
IOP,0.00051123,"2017-10-17 16:35:00"
IOP,0.00051,"2017-10-17 16:40:00"
IOP,0.00051,"2017-10-17 16:45:00"
IOP,0.00051007,"2017-10-17 16:50:00"
IOP,0.00051,"2017-10-17 16:55:00"
IOP,0.00051,"2017-10-17 17:00:00"
IOP,0.00051,"2017-10-17 17:05:00"
IOP,0.000514,"2017-10-17 17:10:00"
IOP,0.00051011,"2017-10-17 17:15:00"
IOP,0.00051021,"2017-10-17 17:20:00"
IOP,0.00051043,"2017-10-17 17:25:00"
IOP,0.00051494,"2017-10-17 17:30:00"
IOP,0.00051704,"2017-10-17 17:35:00"
IOP,0.00051803,"2017-10-17 17:40:00"
IOP,0.0005175,"2017-10-17 17:45:00"
IOP,0.0005175,"2017-10-17 17:50:00"
IOP,0.00051829,"2017-10-17 17:55:00"
IOP,0.00051943,"2017-10-17 18:00:00"
IOP,0.00052011,"2017-10-17 18:05:00"
IOP,0.00052777,"2017-10-17 18:10:00"
IOP,0.00052554,"2017-10-17 18:15:00"
IOP,0.00052554,"2017-10-17 18:20:00"
IOP,0.000517,"2017-10-17 18:25:00"
IOP,0.00051132,"2017-10-17 18:30:00"
IOP,0.00051134,"2017-10-17 18:35:00"
IOP,0.00051135,"2017-10-17 18:40:00"
IOP,0.00050589,"2017-10-17 18:45:00"
IOP,0.000505,"2017-10-17 18:50:00"
IOP,0.00050832,"2017-10-17 18:55:00"
IOP,0.00050396,"2017-10-17 19:00:00"
IOP,0.000502,"2017-10-17 19:05:00"
IOP,0.00050821,"2017-10-17 19:10:00"
IOP,0.00050821,"2017-10-17 19:15:00"
IOP,0.00051173,"2017-10-17 19:20:00"
IOP,0.00052035,"2017-10-17 19:25:00"
IOP,0.000517,"2017-10-17 19:30:00"
IOP,0.00051174,"2017-10-17 19:35:00"
IOP,0.00051,"2017-10-17 19:40:00"
IOP,0.00050865,"2017-10-17 19:45:00"
IOP,0.00050714,"2017-10-17 19:50:00"
IOP,0.000513,"2017-10-17 19:55:00"
IOP,0.000513,"2017-10-17 20:00:00"
IOP,0.00051,"2017-10-17 20:05:00"
IOP,0.00051,"2017-10-17 20:10:00"
IOP,0.00051299,"2017-10-17 20:15:00"
IOP,0.00051008,"2017-10-17 20:20:00"
IOP,0.00051,"2017-10-17 20:25:00"
IOP,0.00051798,"2017-10-17 20:30:00"
IOP,0.000516,"2017-10-17 20:35:00"
IOP,0.000524,"2017-10-17 20:40:00"
IOP,0.00052399,"2017-10-17 20:45:00"
IOP,0.0005254,"2017-10-17 20:50:00"
IOP,0.0005175,"2017-10-17 20:55:00"
IOP,0.0005175,"2017-10-17 21:00:00"
IOP,0.0005175,"2017-10-17 21:05:00"
IOP,0.000518,"2017-10-17 21:10:00"
IOP,0.000518,"2017-10-17 21:15:00"
IOP,0.00052865,"2017-10-17 21:20:00"
IOP,0.00052651,"2017-10-17 21:25:00"
IOP,0.00052651,"2017-10-17 21:30:00"
IOP,0.00052,"2017-10-17 21:35:00"
IOP,0.00052011,"2017-10-17 21:40:00"
IOP,0.00052,"2017-10-17 21:45:00"
IOP,0.00052,"2017-10-17 21:50:00"
IOP,0.0005235,"2017-10-17 21:55:00"
IOP,0.000523,"2017-10-17 22:00:00"
IOP,0.0005235,"2017-10-17 22:05:00"
IOP,0.00052495,"2017-10-17 22:10:00"
IOP,0.0005213,"2017-10-17 22:15:00"
IOP,0.00053703,"2017-10-17 22:20:00"
IOP,0.00053338,"2017-10-17 22:25:00"
IOP,0.000535,"2017-10-17 22:30:00"
IOP,0.00053501,"2017-10-17 22:35:00"
IOP,0.00053499,"2017-10-17 22:40:00"
IOP,0.00053497,"2017-10-17 22:45:00"
IOP,0.00053497,"2017-10-17 22:50:00"
IOP,0.00053496,"2017-10-17 22:55:00"
IOP,0.00053014,"2017-10-17 23:00:00"
IOP,0.00053199,"2017-10-17 23:05:00"
IOP,0.00052395,"2017-10-17 23:10:00"
IOP,0.0005312,"2017-10-17 23:15:00"
IOP,0.00053117,"2017-10-17 23:20:00"
IOP,0.00052339,"2017-10-17 23:25:00"
IOP,0.000525,"2017-10-17 23:30:00"
IOP,0.00052,"2017-10-17 23:35:00"
IOP,0.00052007,"2017-10-17 23:40:00"
IOP,0.00052009,"2017-10-17 23:45:00"
IOP,0.00052411,"2017-10-17 23:50:00"
IOP,0.00052411,"2017-10-17 23:55:00"
IOP,0.0005201,"2017-10-18 00:00:00"
IOP,0.00052009,"2017-10-18 00:05:00"
IOP,0.0005201,"2017-10-18 00:10:00"
IOP,0.00051567,"2017-10-18 00:15:00"
IOP,0.00052005,"2017-10-18 00:20:00"
IOP,0.00051574,"2017-10-18 00:25:00"
IOP,0.00051736,"2017-10-18 00:30:00"
IOP,0.00052007,"2017-10-18 00:35:00"
IOP,0.00051567,"2017-10-18 00:40:00"
IOP,0.00051995,"2017-10-18 00:45:00"
IOP,0.00051995,"2017-10-18 00:50:00"
IOP,0.00051489,"2017-10-18 00:55:00"
IOP,0.00051489,"2017-10-18 01:00:00"
IOP,0.00052365,"2017-10-18 01:05:00"
IOP,0.00053045,"2017-10-18 01:10:00"
IOP,0.00052072,"2017-10-18 01:15:00"
IOP,0.0005209,"2017-10-18 01:20:00"
IOP,0.0005214,"2017-10-18 01:25:00"
IOP,0.00052133,"2017-10-18 01:30:00"
IOP,0.00052133,"2017-10-18 01:35:00"
IOP,0.00053045,"2017-10-18 01:40:00"
IOP,0.00053176,"2017-10-18 01:45:00"
IOP,0.00053305,"2017-10-18 01:50:00"
IOP,0.0005338,"2017-10-18 01:55:00"
IOP,0.000532,"2017-10-18 02:00:00"
IOP,0.000525,"2017-10-18 02:05:00"
IOP,0.00053093,"2017-10-18 02:10:00"
IOP,0.00051873,"2017-10-18 02:15:00"
IOP,0.00051258,"2017-10-18 02:20:00"
IOP,0.00051258,"2017-10-18 02:25:00"
IOP,0.00051258,"2017-10-18 02:30:00"
IOP,0.00051873,"2017-10-18 02:35:00"
IOP,0.00051873,"2017-10-18 02:40:00"
IOP,0.00051474,"2017-10-18 02:45:00"
IOP,0.0005147,"2017-10-18 02:50:00"
IOP,0.00051872,"2017-10-18 02:55:00"
IOP,0.00051873,"2017-10-18 03:00:00"
IOP,0.00051873,"2017-10-18 03:05:00"
IOP,0.00052003,"2017-10-18 03:10:00"
IOP,0.00052998,"2017-10-18 03:15:00"
IOP,0.00052998,"2017-10-18 03:20:00"
IOP,0.00052998,"2017-10-18 03:25:00"
IOP,0.0005298,"2017-10-18 03:30:00"
IOP,0.00052121,"2017-10-18 03:35:00"
IOP,0.00051551,"2017-10-18 03:40:00"
IOP,0.00051622,"2017-10-18 03:45:00"
IOP,0.00051731,"2017-10-18 03:50:00"
IOP,0.00051725,"2017-10-18 03:55:00"
IOP,0.00051719,"2017-10-18 04:00:00"
IOP,0.00052,"2017-10-18 04:05:00"
IOP,0.00052634,"2017-10-18 04:10:00"
IOP,0.00052646,"2017-10-18 04:15:00"
IOP,0.00052492,"2017-10-18 04:20:00"
IOP,0.00052698,"2017-10-18 04:25:00"
IOP,0.00052646,"2017-10-18 04:30:00"
IOP,0.00052646,"2017-10-18 04:35:00"
IOP,0.00052646,"2017-10-18 04:40:00"
IOP,0.00052599,"2017-10-18 04:45:00"
IOP,0.00052599,"2017-10-18 04:50:00"
IOP,0.00052599,"2017-10-18 04:55:00"
IOP,0.00052599,"2017-10-18 05:00:00"
IOP,0.00051924,"2017-10-18 05:05:00"
IOP,0.00051803,"2017-10-18 05:10:00"
IOP,0.00051808,"2017-10-18 05:15:00"
IOP,0.00051836,"2017-10-18 05:20:00"
IOP,0.00051861,"2017-10-18 05:25:00"
IOP,0.00051861,"2017-10-18 05:30:00"
IOP,0.00052646,"2017-10-18 05:35:00"
IOP,0.00051855,"2017-10-18 05:40:00"
IOP,0.00051955,"2017-10-18 05:45:00"
IOP,0.00051986,"2017-10-18 05:50:00"
IOP,0.00051955,"2017-10-18 05:55:00"
IOP,0.00051955,"2017-10-18 06:00:00"
IOP,0.000521,"2017-10-18 06:05:00"
IOP,0.00052943,"2017-10-18 06:10:00"
IOP,0.00051957,"2017-10-18 06:15:00"
IOP,0.00052667,"2017-10-18 06:20:00"
IOP,0.000526,"2017-10-18 06:25:00"
IOP,0.00052374,"2017-10-18 06:30:00"
IOP,0.00052373,"2017-10-18 06:35:00"
IOP,0.00052373,"2017-10-18 06:40:00"
IOP,0.00052073,"2017-10-18 06:45:00"
IOP,0.00052373,"2017-10-18 06:50:00"
IOP,0.00052373,"2017-10-18 06:55:00"
IOP,0.00052073,"2017-10-18 07:00:00"
IOP,0.0005237,"2017-10-18 07:05:00"
IOP,0.0005237,"2017-10-18 07:10:00"
IOP,0.0005237,"2017-10-18 07:15:00"
IOP,0.00052369,"2017-10-18 07:20:00"
IOP,0.00052369,"2017-10-18 07:25:00"
IOP,0.00051897,"2017-10-18 07:30:00"
IOP,0.0005189,"2017-10-18 07:35:00"
IOP,0.0005189,"2017-10-18 07:40:00"
IOP,0.0005189,"2017-10-18 07:45:00"
IOP,0.0005236,"2017-10-18 07:50:00"
IOP,0.00052361,"2017-10-18 07:55:00"
IOP,0.00052361,"2017-10-18 08:00:00"
IOP,0.0005237,"2017-10-18 08:05:00"
IOP,0.00052341,"2017-10-18 08:10:00"
IOP,0.00052002,"2017-10-18 08:15:00"
IOP,0.0005237,"2017-10-18 08:20:00"
IOP,0.0005237,"2017-10-18 08:25:00"
IOP,0.0005235,"2017-10-18 08:30:00"
IOP,0.0005237,"2017-10-18 08:35:00"
IOP,0.00052002,"2017-10-18 08:40:00"
IOP,0.00052002,"2017-10-18 08:45:00"
IOP,0.00052002,"2017-10-18 08:50:00"
IOP,0.00052,"2017-10-18 08:55:00"
IOP,0.00052,"2017-10-18 09:00:00"
IOP,0.00051982,"2017-10-18 09:05:00"
IOP,0.00051982,"2017-10-18 09:10:00"
IOP,0.000519,"2017-10-18 09:15:00"
IOP,0.00052,"2017-10-18 09:20:00"
IOP,0.00052102,"2017-10-18 09:25:00"
IOP,0.00052365,"2017-10-18 09:30:00"
IOP,0.00052,"2017-10-18 09:35:00"
IOP,0.00052364,"2017-10-18 09:40:00"
IOP,0.000519,"2017-10-18 09:45:00"
IOP,0.00052364,"2017-10-18 09:50:00"
IOP,0.0005201,"2017-10-18 09:55:00"
IOP,0.00052364,"2017-10-18 10:00:00"
IOP,0.000519,"2017-10-18 10:05:00"
IOP,0.00051824,"2017-10-18 10:10:00"
IOP,0.00051899,"2017-10-18 10:15:00"
IOP,0.00051824,"2017-10-18 10:20:00"
IOP,0.00051897,"2017-10-18 10:25:00"
IOP,0.00051897,"2017-10-18 10:30:00"
IOP,0.0005175,"2017-10-18 10:35:00"
IOP,0.0005175,"2017-10-18 10:40:00"
IOP,0.0005175,"2017-10-18 10:45:00"
IOP,0.00051567,"2017-10-18 10:50:00"
IOP,0.00051248,"2017-10-18 10:55:00"
IOP,0.000513,"2017-10-18 11:00:00"
IOP,0.000518,"2017-10-18 11:05:00"
IOP,0.000518,"2017-10-18 11:10:00"
IOP,0.0005174,"2017-10-18 11:15:00"
IOP,0.000516,"2017-10-18 11:20:00"
IOP,0.000518,"2017-10-18 11:25:00"
IOP,0.00051782,"2017-10-18 11:30:00"
IOP,0.00051385,"2017-10-18 11:35:00"
IOP,0.000514,"2017-10-18 11:40:00"
IOP,0.000514,"2017-10-18 11:45:00"
IOP,0.00051412,"2017-10-18 11:50:00"
IOP,0.00051417,"2017-10-18 11:55:00"
IOP,0.00051417,"2017-10-18 12:00:00"
IOP,0.0005179,"2017-10-18 12:05:00"
IOP,0.00051725,"2017-10-18 12:10:00"
IOP,0.00051439,"2017-10-18 12:15:00"
IOP,0.00051442,"2017-10-18 12:20:00"
IOP,0.00051402,"2017-10-18 12:25:00"
IOP,0.00051075,"2017-10-18 12:30:00"
IOP,0.00051075,"2017-10-18 12:35:00"
IOP,0.00051079,"2017-10-18 12:40:00"
IOP,0.00051083,"2017-10-18 12:45:00"
IOP,0.00051442,"2017-10-18 12:50:00"
IOP,0.00051442,"2017-10-18 12:55:00"
IOP,0.000514,"2017-10-18 13:00:00"
IOP,0.00051436,"2017-10-18 13:05:00"
IOP,0.00051432,"2017-10-18 13:10:00"
IOP,0.00051432,"2017-10-18 13:15:00"
IOP,0.00051432,"2017-10-18 13:20:00"
IOP,0.00051432,"2017-10-18 13:25:00"
IOP,0.00051083,"2017-10-18 13:30:00"
IOP,0.0005109,"2017-10-18 13:35:00"
IOP,0.0005109,"2017-10-18 13:40:00"
IOP,0.00051011,"2017-10-18 13:45:00"
IOP,0.0005109,"2017-10-18 13:50:00"
IOP,0.00051674,"2017-10-18 13:55:00"
IOP,0.00051798,"2017-10-18 14:00:00"
IOP,0.00052312,"2017-10-18 14:05:00"
IOP,0.00052489,"2017-10-18 14:10:00"
IOP,0.00052607,"2017-10-18 14:15:00"
IOP,0.000531,"2017-10-18 14:20:00"
IOP,0.00053703,"2017-10-18 14:25:00"
IOP,0.00054,"2017-10-18 14:30:00"
IOP,0.00054532,"2017-10-18 14:35:00"
IOP,0.00056999,"2017-10-18 14:40:00"
IOP,0.00056999,"2017-10-18 14:45:00"
IOP,0.000567,"2017-10-18 14:50:00"
IOP,0.000565,"2017-10-18 14:55:00"
IOP,0.00056066,"2017-10-18 15:00:00"
IOP,0.00059089,"2017-10-18 15:05:00"
IOP,0.0006,"2017-10-18 15:10:00"
IOP,0.0006205,"2017-10-18 15:15:00"
IOP,0.00062417,"2017-10-18 15:20:00"
IOP,0.000629,"2017-10-18 15:25:00"
IOP,0.00061001,"2017-10-18 15:30:00"
IOP,0.0005913,"2017-10-18 15:35:00"
IOP,0.00060343,"2017-10-18 15:40:00"
IOP,0.00059002,"2017-10-18 15:45:00"
IOP,0.0006,"2017-10-18 15:50:00"
IOP,0.00057176,"2017-10-18 15:55:00"
IOP,0.00056991,"2017-10-18 16:00:00"
IOP,0.00058435,"2017-10-18 16:05:00"
IOP,0.00058435,"2017-10-18 16:10:00"
IOP,0.000585,"2017-10-18 16:15:00"
IOP,0.00056604,"2017-10-18 16:20:00"
IOP,0.00057299,"2017-10-18 16:25:00"
IOP,0.00057296,"2017-10-18 16:30:00"
IOP,0.00057301,"2017-10-18 16:35:00"
IOP,0.00057,"2017-10-18 16:40:00"
IOP,0.00057088,"2017-10-18 16:45:00"
IOP,0.000576,"2017-10-18 16:50:00"
IOP,0.00059005,"2017-10-18 16:55:00"
IOP,0.000584,"2017-10-18 17:00:00"
IOP,0.000584,"2017-10-18 17:05:00"
IOP,0.00060001,"2017-10-18 17:10:00"
IOP,0.00062385,"2017-10-18 17:15:00"
IOP,0.00060941,"2017-10-18 17:20:00"
IOP,0.0006007,"2017-10-18 17:25:00"
IOP,0.00059502,"2017-10-18 17:30:00"
IOP,0.00059998,"2017-10-18 17:35:00"
IOP,0.0006,"2017-10-18 17:40:00"
IOP,0.0006,"2017-10-18 17:45:00"
IOP,0.00060024,"2017-10-18 17:50:00"
IOP,0.000588,"2017-10-18 17:55:00"
IOP,0.00058527,"2017-10-18 18:00:00"
IOP,0.00058992,"2017-10-18 18:05:00"
IOP,0.00059278,"2017-10-18 18:10:00"
IOP,0.000591,"2017-10-18 18:15:00"
IOP,0.00059,"2017-10-18 18:20:00"
IOP,0.000591,"2017-10-18 18:25:00"
IOP,0.00059,"2017-10-18 18:30:00"
IOP,0.00058587,"2017-10-18 18:35:00"
IOP,0.00056988,"2017-10-18 18:40:00"
IOP,0.00057703,"2017-10-18 18:45:00"
IOP,0.00057006,"2017-10-18 18:50:00"
IOP,0.00056723,"2017-10-18 18:55:00"
IOP,0.00056392,"2017-10-18 19:00:00"
IOP,0.00056392,"2017-10-18 19:05:00"
IOP,0.0005547,"2017-10-18 19:10:00"
IOP,0.00055199,"2017-10-18 19:15:00"
IOP,0.00055198,"2017-10-18 19:20:00"
IOP,0.00055935,"2017-10-18 19:25:00"
IOP,0.000557,"2017-10-18 19:30:00"
IOP,0.000553,"2017-10-18 19:35:00"
IOP,0.00056028,"2017-10-18 19:40:00"
IOP,0.00055959,"2017-10-18 19:45:00"
IOP,0.00056144,"2017-10-18 19:50:00"
IOP,0.00056971,"2017-10-18 19:55:00"
IOP,0.00057587,"2017-10-18 20:00:00"
IOP,0.00057532,"2017-10-18 20:05:00"
IOP,0.00057005,"2017-10-18 20:10:00"
IOP,0.00055874,"2017-10-18 20:15:00"
IOP,0.000563,"2017-10-18 20:20:00"
IOP,0.00055927,"2017-10-18 20:25:00"
IOP,0.00055927,"2017-10-18 20:30:00"
IOP,0.00056018,"2017-10-18 20:35:00"
IOP,0.00055944,"2017-10-18 20:40:00"
IOP,0.00056484,"2017-10-18 20:45:00"
IOP,0.00056561,"2017-10-18 20:50:00"
IOP,0.00057005,"2017-10-18 20:55:00"
IOP,0.000565,"2017-10-18 21:00:00"
IOP,0.00056491,"2017-10-18 21:05:00"
IOP,0.00056491,"2017-10-18 21:10:00"
IOP,0.00056876,"2017-10-18 21:15:00"
IOP,0.00056875,"2017-10-18 21:20:00"
IOP,0.00056122,"2017-10-18 21:25:00"
IOP,0.00056122,"2017-10-18 21:30:00"
IOP,0.00055477,"2017-10-18 21:35:00"
IOP,0.00056472,"2017-10-18 21:40:00"
IOP,0.0005537,"2017-10-18 21:45:00"
IOP,0.00056081,"2017-10-18 21:50:00"
IOP,0.00056161,"2017-10-18 21:55:00"
IOP,0.00054947,"2017-10-18 22:00:00"
IOP,0.000548,"2017-10-18 22:05:00"
IOP,0.00054272,"2017-10-18 22:10:00"
IOP,0.0005399,"2017-10-18 22:15:00"
IOP,0.00053918,"2017-10-18 22:20:00"
IOP,0.00054012,"2017-10-18 22:25:00"
IOP,0.0005409,"2017-10-18 22:30:00"
IOP,0.00055,"2017-10-18 22:35:00"
IOP,0.00055311,"2017-10-18 22:40:00"
IOP,0.00054499,"2017-10-18 22:45:00"
IOP,0.00054345,"2017-10-18 22:50:00"
IOP,0.00054982,"2017-10-18 22:55:00"
IOP,0.00054654,"2017-10-18 23:00:00"
IOP,0.0005498,"2017-10-18 23:05:00"
IOP,0.00054979,"2017-10-18 23:10:00"
IOP,0.0005497,"2017-10-18 23:15:00"
IOP,0.0005497,"2017-10-18 23:20:00"
IOP,0.00054159,"2017-10-18 23:25:00"
IOP,0.00054666,"2017-10-18 23:30:00"
IOP,0.00054121,"2017-10-18 23:35:00"
IOP,0.00054664,"2017-10-18 23:40:00"
IOP,0.00054032,"2017-10-18 23:45:00"
IOP,0.0005417,"2017-10-18 23:50:00"
IOP,0.000533,"2017-10-18 23:55:00"
IOP,0.00054046,"2017-10-19 00:00:00"
IOP,0.000531,"2017-10-19 00:05:00"
IOP,0.00053884,"2017-10-19 00:10:00"
IOP,0.00053153,"2017-10-19 00:15:00"
IOP,0.00053032,"2017-10-19 00:20:00"
IOP,0.00052943,"2017-10-19 00:25:00"
IOP,0.00052104,"2017-10-19 00:30:00"
IOP,0.00052,"2017-10-19 00:35:00"
IOP,0.00051889,"2017-10-19 00:40:00"
IOP,0.00051811,"2017-10-19 00:45:00"
IOP,0.00051647,"2017-10-19 00:50:00"
IOP,0.00051939,"2017-10-19 00:55:00"
IOP,0.00052531,"2017-10-19 01:00:00"
IOP,0.00052532,"2017-10-19 01:05:00"
IOP,0.00052995,"2017-10-19 01:10:00"
IOP,0.00052,"2017-10-19 01:15:00"
IOP,0.00052001,"2017-10-19 01:20:00"
IOP,0.00052399,"2017-10-19 01:25:00"
IOP,0.00052486,"2017-10-19 01:30:00"
IOP,0.00052492,"2017-10-19 01:35:00"
IOP,0.00052872,"2017-10-19 01:40:00"
IOP,0.00052889,"2017-10-19 01:45:00"
IOP,0.00053057,"2017-10-19 01:50:00"
IOP,0.00053047,"2017-10-19 01:55:00"
IOP,0.00053047,"2017-10-19 02:00:00"
IOP,0.00052409,"2017-10-19 02:05:00"
IOP,0.00052279,"2017-10-19 02:10:00"
IOP,0.00052006,"2017-10-19 02:15:00"
IOP,0.00051705,"2017-10-19 02:20:00"
IOP,0.00052145,"2017-10-19 02:25:00"
IOP,0.00052145,"2017-10-19 02:30:00"
IOP,0.0005273,"2017-10-19 02:35:00"
IOP,0.00052877,"2017-10-19 02:40:00"
IOP,0.00052886,"2017-10-19 02:45:00"
IOP,0.000517,"2017-10-19 02:50:00"
IOP,0.00051439,"2017-10-19 02:55:00"
IOP,0.000517,"2017-10-19 03:00:00"
IOP,0.0005248,"2017-10-19 03:05:00"
IOP,0.00051716,"2017-10-19 03:10:00"
IOP,0.000517,"2017-10-19 03:15:00"
IOP,0.00052328,"2017-10-19 03:20:00"
IOP,0.000519,"2017-10-19 03:25:00"
IOP,0.000519,"2017-10-19 03:30:00"
IOP,0.00051433,"2017-10-19 03:35:00"
IOP,0.00051899,"2017-10-19 03:40:00"
IOP,0.00051898,"2017-10-19 03:45:00"
IOP,0.000512,"2017-10-19 03:50:00"
IOP,0.00051223,"2017-10-19 03:55:00"
IOP,0.00051223,"2017-10-19 04:00:00"
IOP,0.0005123,"2017-10-19 04:05:00"
IOP,0.00051234,"2017-10-19 04:10:00"
IOP,0.000514,"2017-10-19 04:15:00"
IOP,0.00051889,"2017-10-19 04:20:00"
IOP,0.00051898,"2017-10-19 04:25:00"
IOP,0.00051887,"2017-10-19 04:30:00"
IOP,0.00051887,"2017-10-19 04:35:00"
IOP,0.000514,"2017-10-19 04:40:00"
IOP,0.00051498,"2017-10-19 04:45:00"
IOP,0.000514,"2017-10-19 04:50:00"
IOP,0.00051498,"2017-10-19 04:55:00"
IOP,0.00051401,"2017-10-19 05:00:00"
IOP,0.00051245,"2017-10-19 05:05:00"
IOP,0.00051084,"2017-10-19 05:10:00"
IOP,0.00050778,"2017-10-19 05:15:00"
IOP,0.00051076,"2017-10-19 05:20:00"
IOP,0.00051077,"2017-10-19 05:25:00"
IOP,0.00051304,"2017-10-19 05:30:00"
IOP,0.00052273,"2017-10-19 05:35:00"
IOP,0.0005214,"2017-10-19 05:40:00"
IOP,0.0005214,"2017-10-19 05:45:00"
IOP,0.00053,"2017-10-19 05:50:00"
IOP,0.00053116,"2017-10-19 05:55:00"
IOP,0.00051682,"2017-10-19 06:00:00"
IOP,0.00052799,"2017-10-19 06:05:00"
IOP,0.00052768,"2017-10-19 06:10:00"
IOP,0.00053486,"2017-10-19 06:15:00"
IOP,0.00053391,"2017-10-19 06:20:00"
IOP,0.000521,"2017-10-19 06:25:00"
IOP,0.00052911,"2017-10-19 06:30:00"
IOP,0.0005275,"2017-10-19 06:35:00"
IOP,0.00052203,"2017-10-19 06:40:00"
IOP,0.000527,"2017-10-19 06:45:00"
IOP,0.00053,"2017-10-19 06:50:00"
IOP,0.00052202,"2017-10-19 06:55:00"
IOP,0.00052004,"2017-10-19 07:00:00"
IOP,0.00051583,"2017-10-19 07:05:00"
IOP,0.00051997,"2017-10-19 07:10:00"
IOP,0.00051596,"2017-10-19 07:15:00"
IOP,0.00051997,"2017-10-19 07:20:00"
IOP,0.00052444,"2017-10-19 07:25:00"
IOP,0.00052,"2017-10-19 07:30:00"
IOP,0.00052543,"2017-10-19 07:35:00"
IOP,0.00052544,"2017-10-19 07:40:00"
IOP,0.00052594,"2017-10-19 07:45:00"
IOP,0.0005205,"2017-10-19 07:50:00"
IOP,0.00052,"2017-10-19 07:55:00"
IOP,0.00050541,"2017-10-19 08:00:00"
IOP,0.00051635,"2017-10-19 08:05:00"
IOP,0.000515,"2017-10-19 08:10:00"
IOP,0.00051023,"2017-10-19 08:15:00"
IOP,0.00051582,"2017-10-19 08:20:00"
IOP,0.00052026,"2017-10-19 08:25:00"
IOP,0.0005199,"2017-10-19 08:30:00"
IOP,0.00051092,"2017-10-19 08:35:00"
IOP,0.00051831,"2017-10-19 08:40:00"
IOP,0.00051827,"2017-10-19 08:45:00"
IOP,0.00051801,"2017-10-19 08:50:00"
IOP,0.00051298,"2017-10-19 08:55:00"
IOP,0.00051125,"2017-10-19 09:00:00"
IOP,0.000511,"2017-10-19 09:05:00"
IOP,0.00051041,"2017-10-19 09:10:00"
IOP,0.00051063,"2017-10-19 09:15:00"
IOP,0.000511,"2017-10-19 09:20:00"
IOP,0.000515,"2017-10-19 09:25:00"
IOP,0.00051602,"2017-10-19 09:30:00"
IOP,0.0005151,"2017-10-19 09:35:00"
IOP,0.0005151,"2017-10-19 09:40:00"
IOP,0.00051202,"2017-10-19 09:45:00"
IOP,0.00051202,"2017-10-19 09:50:00"
IOP,0.00051609,"2017-10-19 09:55:00"
IOP,0.00051811,"2017-10-19 10:00:00"
IOP,0.00051861,"2017-10-19 10:05:00"
IOP,0.00051871,"2017-10-19 10:10:00"
IOP,0.00051871,"2017-10-19 10:15:00"
IOP,0.0005202,"2017-10-19 10:20:00"
IOP,0.0005205,"2017-10-19 10:25:00"
IOP,0.00052084,"2017-10-19 10:30:00"
IOP,0.00052722,"2017-10-19 10:35:00"
IOP,0.00053045,"2017-10-19 10:40:00"
IOP,0.000545,"2017-10-19 10:45:00"
IOP,0.00055041,"2017-10-19 10:50:00"
IOP,0.00053584,"2017-10-19 10:55:00"
IOP,0.00054349,"2017-10-19 11:00:00"
IOP,0.00054098,"2017-10-19 11:05:00"
IOP,0.00055287,"2017-10-19 11:10:00"
IOP,0.0005499,"2017-10-19 11:15:00"
IOP,0.0005554,"2017-10-19 11:20:00"
IOP,0.00056197,"2017-10-19 11:25:00"
IOP,0.00056324,"2017-10-19 11:30:00"
IOP,0.000598,"2017-10-19 11:35:00"
IOP,0.00055828,"2017-10-19 11:40:00"
IOP,0.000554,"2017-10-19 11:45:00"
IOP,0.00053823,"2017-10-19 11:50:00"
IOP,0.0005497,"2017-10-19 11:55:00"
IOP,0.00055571,"2017-10-19 12:00:00"
IOP,0.00053823,"2017-10-19 12:05:00"
IOP,0.00054221,"2017-10-19 12:10:00"
IOP,0.00054227,"2017-10-19 12:15:00"
IOP,0.00055051,"2017-10-19 12:20:00"
IOP,0.00053845,"2017-10-19 12:25:00"
IOP,0.00053813,"2017-10-19 12:30:00"
IOP,0.00052708,"2017-10-19 12:35:00"
IOP,0.00052643,"2017-10-19 12:40:00"
IOP,0.00052767,"2017-10-19 12:45:00"
IOP,0.0005314,"2017-10-19 12:50:00"
IOP,0.0005277,"2017-10-19 12:55:00"
IOP,0.0005325,"2017-10-19 13:00:00"
IOP,0.00053252,"2017-10-19 13:05:00"
IOP,0.00053249,"2017-10-19 13:10:00"
IOP,0.00053,"2017-10-19 13:15:00"
IOP,0.00052006,"2017-10-19 13:20:00"
IOP,0.00052006,"2017-10-19 13:25:00"
IOP,0.0005255,"2017-10-19 13:30:00"
IOP,0.00052641,"2017-10-19 13:35:00"
IOP,0.0005255,"2017-10-19 13:40:00"
IOP,0.00053105,"2017-10-19 13:45:00"
IOP,0.00053096,"2017-10-19 13:50:00"
IOP,0.0005309,"2017-10-19 13:55:00"
IOP,0.00053092,"2017-10-19 14:00:00"
IOP,0.00053193,"2017-10-19 14:05:00"
IOP,0.00053492,"2017-10-19 14:10:00"
IOP,0.00053776,"2017-10-19 14:15:00"
IOP,0.00053775,"2017-10-19 14:20:00"
IOP,0.00053068,"2017-10-19 14:25:00"
IOP,0.00052304,"2017-10-19 14:30:00"
IOP,0.00052304,"2017-10-19 14:35:00"
IOP,0.0005235,"2017-10-19 14:40:00"
IOP,0.00052356,"2017-10-19 14:45:00"
IOP,0.00052006,"2017-10-19 14:50:00"
IOP,0.00052845,"2017-10-19 14:55:00"
IOP,0.00052845,"2017-10-19 15:00:00"
IOP,0.000525,"2017-10-19 15:05:00"
IOP,0.00052357,"2017-10-19 15:10:00"
IOP,0.0005284,"2017-10-19 15:15:00"
IOP,0.00053654,"2017-10-19 15:20:00"
IOP,0.00054754,"2017-10-19 15:25:00"
IOP,0.00053323,"2017-10-19 15:30:00"
IOP,0.00053997,"2017-10-19 15:35:00"
IOP,0.00053993,"2017-10-19 15:40:00"
IOP,0.0005399,"2017-10-19 15:45:00"
IOP,0.0005375,"2017-10-19 15:50:00"
IOP,0.00053207,"2017-10-19 15:55:00"
IOP,0.00053,"2017-10-19 16:00:00"
IOP,0.00053,"2017-10-19 16:05:00"
IOP,0.00053,"2017-10-19 16:10:00"
IOP,0.00053,"2017-10-19 16:15:00"
IOP,0.00053,"2017-10-19 16:20:00"
IOP,0.00053,"2017-10-19 16:25:00"
IOP,0.00053001,"2017-10-19 16:30:00"
IOP,0.00053,"2017-10-19 16:35:00"
IOP,0.00052357,"2017-10-19 16:40:00"
IOP,0.00052289,"2017-10-19 16:45:00"
IOP,0.00052098,"2017-10-19 16:50:00"
IOP,0.00051807,"2017-10-19 16:55:00"
IOP,0.00052,"2017-10-19 17:00:00"
IOP,0.0005206,"2017-10-19 17:05:00"
IOP,0.00052076,"2017-10-19 17:10:00"
IOP,0.00051655,"2017-10-19 17:15:00"
IOP,0.000518,"2017-10-19 17:20:00"
IOP,0.00051577,"2017-10-19 17:25:00"
IOP,0.0005229,"2017-10-19 17:30:00"
IOP,0.00052,"2017-10-19 17:35:00"
IOP,0.00051699,"2017-10-19 17:40:00"
IOP,0.00051666,"2017-10-19 17:45:00"
IOP,0.0005158,"2017-10-19 17:50:00"
IOP,0.00051667,"2017-10-19 17:55:00"
IOP,0.00051566,"2017-10-19 18:00:00"
IOP,0.00051566,"2017-10-19 18:05:00"
IOP,0.0005152,"2017-10-19 18:10:00"
IOP,0.0005153,"2017-10-19 18:15:00"
IOP,0.00051521,"2017-10-19 18:20:00"
IOP,0.00051531,"2017-10-19 18:25:00"
IOP,0.00051669,"2017-10-19 18:30:00"
IOP,0.00051718,"2017-10-19 18:35:00"
IOP,0.00051669,"2017-10-19 18:40:00"
IOP,0.00051599,"2017-10-19 18:45:00"
IOP,0.000516,"2017-10-19 18:50:00"
IOP,0.000519,"2017-10-19 18:55:00"
IOP,0.00051917,"2017-10-19 19:00:00"
IOP,0.00051963,"2017-10-19 19:05:00"
IOP,0.00051963,"2017-10-19 19:10:00"
IOP,0.00051971,"2017-10-19 19:15:00"
IOP,0.00052355,"2017-10-19 19:20:00"
IOP,0.00052355,"2017-10-19 19:25:00"
IOP,0.00052354,"2017-10-19 19:30:00"
IOP,0.00052355,"2017-10-19 19:35:00"
IOP,0.00051864,"2017-10-19 19:40:00"
IOP,0.00051871,"2017-10-19 19:45:00"
IOP,0.00051871,"2017-10-19 19:50:00"
IOP,0.00051902,"2017-10-19 19:55:00"
IOP,0.00052,"2017-10-19 20:00:00"
IOP,0.0005188,"2017-10-19 20:05:00"
IOP,0.0005188,"2017-10-19 20:10:00"
IOP,0.0005188,"2017-10-19 20:15:00"
IOP,0.000516,"2017-10-19 20:20:00"
IOP,0.000516,"2017-10-19 20:25:00"
IOP,0.00052127,"2017-10-19 20:30:00"
IOP,0.00052477,"2017-10-19 20:35:00"
IOP,0.00052494,"2017-10-19 20:40:00"
IOP,0.00052491,"2017-10-19 20:45:00"
IOP,0.00052434,"2017-10-19 20:50:00"
IOP,0.0005245,"2017-10-19 20:55:00"
IOP,0.00052004,"2017-10-19 21:00:00"
IOP,0.00052001,"2017-10-19 21:05:00"
IOP,0.00052001,"2017-10-19 21:10:00"
IOP,0.000524,"2017-10-19 21:15:00"
IOP,0.00052102,"2017-10-19 21:20:00"
IOP,0.00052,"2017-10-19 21:25:00"
IOP,0.00051905,"2017-10-19 21:30:00"
IOP,0.0005196,"2017-10-19 21:35:00"
IOP,0.00051992,"2017-10-19 21:40:00"
IOP,0.00051612,"2017-10-19 21:45:00"
IOP,0.000514,"2017-10-19 21:50:00"
IOP,0.00051365,"2017-10-19 21:55:00"
IOP,0.00051265,"2017-10-19 22:00:00"
IOP,0.00051116,"2017-10-19 22:05:00"
IOP,0.00051115,"2017-10-19 22:10:00"
IOP,0.00051126,"2017-10-19 22:15:00"
IOP,0.00051115,"2017-10-19 22:20:00"
IOP,0.00051077,"2017-10-19 22:25:00"
IOP,0.00051009,"2017-10-19 22:30:00"
IOP,0.00051009,"2017-10-19 22:35:00"
IOP,0.00051007,"2017-10-19 22:40:00"
IOP,0.00051007,"2017-10-19 22:45:00"
IOP,0.00051141,"2017-10-19 22:50:00"
IOP,0.00051266,"2017-10-19 22:55:00"
IOP,0.00051874,"2017-10-19 23:00:00"
IOP,0.00051964,"2017-10-19 23:05:00"
IOP,0.00051003,"2017-10-19 23:10:00"
IOP,0.0005117,"2017-10-19 23:15:00"
IOP,0.00051963,"2017-10-19 23:20:00"
IOP,0.000514,"2017-10-19 23:25:00"
IOP,0.00051965,"2017-10-19 23:30:00"
IOP,0.00051427,"2017-10-19 23:35:00"
IOP,0.00051427,"2017-10-19 23:40:00"
IOP,0.000515,"2017-10-19 23:45:00"
IOP,0.00051884,"2017-10-19 23:50:00"
IOP,0.00051884,"2017-10-19 23:55:00"
IOP,0.000519,"2017-10-20 00:00:00"
IOP,0.00051972,"2017-10-20 00:05:00"
IOP,0.00051554,"2017-10-20 00:10:00"
IOP,0.00051418,"2017-10-20 00:15:00"
IOP,0.00051004,"2017-10-20 00:20:00"
IOP,0.00051013,"2017-10-20 00:25:00"
IOP,0.00051008,"2017-10-20 00:30:00"
IOP,0.0005172,"2017-10-20 00:35:00"
IOP,0.00051025,"2017-10-20 00:40:00"
IOP,0.00051001,"2017-10-20 00:45:00"
IOP,0.00051001,"2017-10-20 00:50:00"
IOP,0.00051001,"2017-10-20 00:55:00"
IOP,0.00051,"2017-10-20 01:00:00"
IOP,0.0005095,"2017-10-20 01:05:00"
IOP,0.0005095,"2017-10-20 01:10:00"
IOP,0.00051,"2017-10-20 01:15:00"
IOP,0.00050901,"2017-10-20 01:20:00"
IOP,0.00050901,"2017-10-20 01:25:00"
IOP,0.00051182,"2017-10-20 01:30:00"
IOP,0.00050903,"2017-10-20 01:35:00"
IOP,0.00051209,"2017-10-20 01:40:00"
IOP,0.00051209,"2017-10-20 01:45:00"
IOP,0.00051734,"2017-10-20 01:50:00"
IOP,0.000515,"2017-10-20 01:55:00"
IOP,0.000515,"2017-10-20 02:00:00"
IOP,0.0005179,"2017-10-20 02:05:00"
IOP,0.000515,"2017-10-20 02:10:00"
IOP,0.00051,"2017-10-20 02:15:00"
IOP,0.00051,"2017-10-20 02:20:00"
IOP,0.00050899,"2017-10-20 02:25:00"
IOP,0.00050899,"2017-10-20 02:30:00"
IOP,0.0005136,"2017-10-20 02:35:00"
IOP,0.00050899,"2017-10-20 02:40:00"
IOP,0.00051553,"2017-10-20 02:45:00"
IOP,0.00051077,"2017-10-20 02:50:00"
IOP,0.00050999,"2017-10-20 02:55:00"
IOP,0.00050601,"2017-10-20 03:00:00"
IOP,0.000508,"2017-10-20 03:05:00"
IOP,0.000507,"2017-10-20 03:10:00"
IOP,0.00050534,"2017-10-20 03:15:00"
IOP,0.00050502,"2017-10-20 03:20:00"
IOP,0.0004976,"2017-10-20 03:25:00"
IOP,0.00049546,"2017-10-20 03:30:00"
IOP,0.00049547,"2017-10-20 03:35:00"
IOP,0.000497,"2017-10-20 03:40:00"
IOP,0.000497,"2017-10-20 03:45:00"
IOP,0.000497,"2017-10-20 03:50:00"
IOP,0.00049758,"2017-10-20 03:55:00"
IOP,0.0004976,"2017-10-20 04:00:00"
IOP,0.000497,"2017-10-20 04:05:00"
IOP,0.00048891,"2017-10-20 04:10:00"
IOP,0.00048892,"2017-10-20 04:15:00"
IOP,0.00049,"2017-10-20 04:20:00"
IOP,0.00049596,"2017-10-20 04:25:00"
IOP,0.00049579,"2017-10-20 04:30:00"
IOP,0.0004896,"2017-10-20 04:35:00"
IOP,0.0004896,"2017-10-20 04:40:00"
IOP,0.00049111,"2017-10-20 04:45:00"
IOP,0.000486,"2017-10-20 04:50:00"
IOP,0.00048519,"2017-10-20 04:55:00"
IOP,0.0004889,"2017-10-20 05:00:00"
IOP,0.000492,"2017-10-20 05:05:00"
IOP,0.00048699,"2017-10-20 05:10:00"
IOP,0.000486,"2017-10-20 05:15:00"
IOP,0.000486,"2017-10-20 05:20:00"
IOP,0.000486,"2017-10-20 05:25:00"
IOP,0.000486,"2017-10-20 05:30:00"
IOP,0.00049393,"2017-10-20 05:35:00"
IOP,0.0004965,"2017-10-20 05:40:00"
IOP,0.00049758,"2017-10-20 05:45:00"
IOP,0.00049757,"2017-10-20 05:50:00"
IOP,0.000498,"2017-10-20 05:55:00"
IOP,0.000498,"2017-10-20 06:00:00"
IOP,0.00049269,"2017-10-20 06:05:00"
IOP,0.0004902,"2017-10-20 06:10:00"
IOP,0.0004902,"2017-10-20 06:15:00"
IOP,0.00049625,"2017-10-20 06:20:00"
IOP,0.00049625,"2017-10-20 06:25:00"
IOP,0.0004975,"2017-10-20 06:30:00"
IOP,0.00049625,"2017-10-20 06:35:00"
IOP,0.0004904,"2017-10-20 06:40:00"
IOP,0.0004975,"2017-10-20 06:45:00"
IOP,0.00049747,"2017-10-20 06:50:00"
IOP,0.0004974,"2017-10-20 06:55:00"
IOP,0.0005,"2017-10-20 07:00:00"
IOP,0.00049999,"2017-10-20 07:05:00"
IOP,0.00050595,"2017-10-20 07:10:00"
IOP,0.00050082,"2017-10-20 07:15:00"
IOP,0.000505,"2017-10-20 07:20:00"
IOP,0.00050865,"2017-10-20 07:25:00"
IOP,0.00050754,"2017-10-20 07:30:00"
IOP,0.00049785,"2017-10-20 07:35:00"
IOP,0.00049785,"2017-10-20 07:40:00"
IOP,0.000496,"2017-10-20 07:45:00"
IOP,0.00049964,"2017-10-20 07:50:00"
IOP,0.00049751,"2017-10-20 07:55:00"
IOP,0.00050334,"2017-10-20 08:00:00"
IOP,0.00050771,"2017-10-20 08:05:00"
IOP,0.00049894,"2017-10-20 08:10:00"
IOP,0.000495,"2017-10-20 08:15:00"
IOP,0.00049362,"2017-10-20 08:20:00"
IOP,0.00049362,"2017-10-20 08:25:00"
IOP,0.00048548,"2017-10-20 08:30:00"
IOP,0.0004925,"2017-10-20 08:35:00"
IOP,0.0004921,"2017-10-20 08:40:00"
IOP,0.000487,"2017-10-20 08:45:00"
IOP,0.00049202,"2017-10-20 08:50:00"
IOP,0.00049197,"2017-10-20 08:55:00"
IOP,0.0004876,"2017-10-20 09:00:00"
IOP,0.0004986,"2017-10-20 09:05:00"
IOP,0.00049892,"2017-10-20 09:10:00"
IOP,0.0004927,"2017-10-20 09:15:00"
IOP,0.00049877,"2017-10-20 09:20:00"
IOP,0.00049877,"2017-10-20 09:25:00"
IOP,0.00049,"2017-10-20 09:30:00"
IOP,0.00049,"2017-10-20 09:35:00"
IOP,0.00049001,"2017-10-20 09:40:00"
IOP,0.00049001,"2017-10-20 09:45:00"
IOP,0.000495,"2017-10-20 09:50:00"
IOP,0.000493,"2017-10-20 09:55:00"
IOP,0.000493,"2017-10-20 10:00:00"
IOP,0.000493,"2017-10-20 10:05:00"
IOP,0.000495,"2017-10-20 10:10:00"
IOP,0.000495,"2017-10-20 10:15:00"
IOP,0.000495,"2017-10-20 10:20:00"
IOP,0.0004931,"2017-10-20 10:25:00"
IOP,0.00049001,"2017-10-20 10:30:00"
IOP,0.00048992,"2017-10-20 10:35:00"
IOP,0.00048856,"2017-10-20 10:40:00"
IOP,0.00048931,"2017-10-20 10:45:00"
IOP,0.00048635,"2017-10-20 10:50:00"
IOP,0.0004854,"2017-10-20 10:55:00"
IOP,0.00048547,"2017-10-20 11:00:00"
IOP,0.0004855,"2017-10-20 11:05:00"
IOP,0.00048637,"2017-10-20 11:10:00"
IOP,0.00049134,"2017-10-20 11:15:00"
IOP,0.0004915,"2017-10-20 11:20:00"
IOP,0.00049134,"2017-10-20 11:25:00"
IOP,0.00049144,"2017-10-20 11:30:00"
IOP,0.00049,"2017-10-20 11:35:00"
IOP,0.00048637,"2017-10-20 11:40:00"
IOP,0.00048637,"2017-10-20 11:45:00"
IOP,0.00049,"2017-10-20 11:50:00"
IOP,0.00049,"2017-10-20 11:55:00"
IOP,0.0004864,"2017-10-20 12:00:00"
IOP,0.00049136,"2017-10-20 12:05:00"
IOP,0.00048712,"2017-10-20 12:10:00"
IOP,0.00049145,"2017-10-20 12:15:00"
IOP,0.00049,"2017-10-20 12:20:00"
IOP,0.00048717,"2017-10-20 12:25:00"
IOP,0.00049145,"2017-10-20 12:30:00"
IOP,0.00049145,"2017-10-20 12:35:00"
IOP,0.00049145,"2017-10-20 12:40:00"
IOP,0.000488,"2017-10-20 12:45:00"
IOP,0.00050227,"2017-10-20 12:50:00"
IOP,0.00049256,"2017-10-20 12:55:00"
IOP,0.00048435,"2017-10-20 13:00:00"
IOP,0.000485,"2017-10-20 13:05:00"
IOP,0.000485,"2017-10-20 13:10:00"
IOP,0.00048502,"2017-10-20 13:15:00"
IOP,0.00048501,"2017-10-20 13:20:00"
IOP,0.00049,"2017-10-20 13:25:00"
IOP,0.0004946,"2017-10-20 13:30:00"
IOP,0.00050282,"2017-10-20 13:35:00"
IOP,0.00050739,"2017-10-20 13:40:00"
IOP,0.00049811,"2017-10-20 13:45:00"
IOP,0.0004951,"2017-10-20 13:50:00"
IOP,0.00049555,"2017-10-20 13:55:00"
IOP,0.00049724,"2017-10-20 14:00:00"
IOP,0.00050103,"2017-10-20 14:05:00"
IOP,0.00049562,"2017-10-20 14:10:00"
IOP,0.00050183,"2017-10-20 14:15:00"
IOP,0.00050398,"2017-10-20 14:20:00"
IOP,0.00050467,"2017-10-20 14:25:00"
IOP,0.0005035,"2017-10-20 14:30:00"
IOP,0.00049879,"2017-10-20 14:35:00"
IOP,0.00049501,"2017-10-20 14:40:00"
IOP,0.00048205,"2017-10-20 14:45:00"
IOP,0.0004878,"2017-10-20 14:50:00"
IOP,0.00049409,"2017-10-20 14:55:00"
IOP,0.0004935,"2017-10-20 15:00:00"
IOP,0.00049409,"2017-10-20 15:05:00"
IOP,0.00049409,"2017-10-20 15:10:00"
IOP,0.00050295,"2017-10-20 15:15:00"
IOP,0.000503,"2017-10-20 15:20:00"
IOP,0.000498,"2017-10-20 15:25:00"
IOP,0.000498,"2017-10-20 15:30:00"
IOP,0.00049131,"2017-10-20 15:35:00"
IOP,0.00049131,"2017-10-20 15:40:00"
IOP,0.00049202,"2017-10-20 15:45:00"
IOP,0.00049204,"2017-10-20 15:50:00"
IOP,0.00050098,"2017-10-20 15:55:00"
IOP,0.00050098,"2017-10-20 16:00:00"
IOP,0.00050098,"2017-10-20 16:05:00"
IOP,0.0005,"2017-10-20 16:10:00"
IOP,0.0004888,"2017-10-20 16:15:00"
IOP,0.00049676,"2017-10-20 16:20:00"
IOP,0.00049678,"2017-10-20 16:25:00"
IOP,0.00048672,"2017-10-20 16:30:00"
IOP,0.00048672,"2017-10-20 16:35:00"
IOP,0.00048276,"2017-10-20 16:40:00"
IOP,0.00048204,"2017-10-20 16:45:00"
IOP,0.00047,"2017-10-20 16:50:00"
IOP,0.000468,"2017-10-20 16:55:00"
IOP,0.00045857,"2017-10-20 17:00:00"
IOP,0.00045622,"2017-10-20 17:05:00"
IOP,0.00047503,"2017-10-20 17:10:00"
IOP,0.000478,"2017-10-20 17:15:00"
IOP,0.0004711,"2017-10-20 17:20:00"
IOP,0.000466,"2017-10-20 17:25:00"
IOP,0.00046594,"2017-10-20 17:30:00"
IOP,0.00046096,"2017-10-20 17:35:00"
IOP,0.000466,"2017-10-20 17:40:00"
IOP,0.00046116,"2017-10-20 17:45:00"
IOP,0.00046123,"2017-10-20 17:50:00"
IOP,0.00045504,"2017-10-20 17:55:00"
IOP,0.000455,"2017-10-20 18:00:00"
IOP,0.00046,"2017-10-20 18:05:00"
IOP,0.00045505,"2017-10-20 18:10:00"
IOP,0.00045992,"2017-10-20 18:15:00"
IOP,0.000444,"2017-10-20 18:20:00"
IOP,0.00044861,"2017-10-20 18:25:00"
IOP,0.00045292,"2017-10-20 18:30:00"
IOP,0.000458,"2017-10-20 18:35:00"
IOP,0.00045196,"2017-10-20 18:40:00"
IOP,0.0004518,"2017-10-20 18:45:00"
IOP,0.000448,"2017-10-20 18:50:00"
IOP,0.00042999,"2017-10-20 18:55:00"
IOP,0.00043006,"2017-10-20 19:00:00"
IOP,0.00043422,"2017-10-20 19:05:00"
IOP,0.00044525,"2017-10-20 19:10:00"
IOP,0.00044197,"2017-10-20 19:15:00"
IOP,0.00044536,"2017-10-20 19:20:00"
IOP,0.00044529,"2017-10-20 19:25:00"
IOP,0.00044525,"2017-10-20 19:30:00"
IOP,0.00044525,"2017-10-20 19:35:00"
IOP,0.00045,"2017-10-20 19:40:00"
IOP,0.00045,"2017-10-20 19:45:00"
IOP,0.0004501,"2017-10-20 19:50:00"
IOP,0.00045218,"2017-10-20 19:55:00"
IOP,0.00045215,"2017-10-20 20:00:00"
IOP,0.00045091,"2017-10-20 20:05:00"
IOP,0.000451,"2017-10-20 20:10:00"
IOP,0.00045224,"2017-10-20 20:15:00"
IOP,0.00045048,"2017-10-20 20:20:00"
IOP,0.00045048,"2017-10-20 20:25:00"
IOP,0.00045048,"2017-10-20 20:30:00"
IOP,0.00044899,"2017-10-20 20:35:00"
IOP,0.00044757,"2017-10-20 20:40:00"
IOP,0.000433,"2017-10-20 20:45:00"
IOP,0.00044572,"2017-10-20 20:50:00"
IOP,0.0004307,"2017-10-20 20:55:00"
IOP,0.000433,"2017-10-20 21:00:00"
IOP,0.00043882,"2017-10-20 21:05:00"
IOP,0.00043827,"2017-10-20 21:10:00"
IOP,0.00043792,"2017-10-20 21:15:00"
IOP,0.000435,"2017-10-20 21:20:00"
IOP,0.0004362,"2017-10-20 21:25:00"
IOP,0.00043621,"2017-10-20 21:30:00"
IOP,0.00043876,"2017-10-20 21:35:00"
IOP,0.00044007,"2017-10-20 21:40:00"
IOP,0.0004452,"2017-10-20 21:45:00"
IOP,0.0004452,"2017-10-20 21:50:00"
IOP,0.0004455,"2017-10-20 21:55:00"
IOP,0.00043355,"2017-10-20 22:00:00"
IOP,0.00043033,"2017-10-20 22:05:00"
IOP,0.00043033,"2017-10-20 22:10:00"
IOP,0.000433,"2017-10-20 22:15:00"
IOP,0.00043299,"2017-10-20 22:20:00"
IOP,0.00042857,"2017-10-20 22:25:00"
IOP,0.00043002,"2017-10-20 22:30:00"
IOP,0.0004271,"2017-10-20 22:35:00"
IOP,0.0004275,"2017-10-20 22:40:00"
IOP,0.000427,"2017-10-20 22:45:00"
IOP,0.0004275,"2017-10-20 22:50:00"
IOP,0.00042759,"2017-10-20 22:55:00"
IOP,0.00042948,"2017-10-20 23:00:00"
IOP,0.0004275,"2017-10-20 23:05:00"
IOP,0.00042266,"2017-10-20 23:10:00"
IOP,0.00042015,"2017-10-20 23:15:00"
IOP,0.00042015,"2017-10-20 23:20:00"
IOP,0.0004349,"2017-10-20 23:25:00"
IOP,0.00043009,"2017-10-20 23:30:00"
IOP,0.00043,"2017-10-20 23:35:00"
IOP,0.00042974,"2017-10-20 23:40:00"
IOP,0.00042552,"2017-10-20 23:45:00"
IOP,0.00042551,"2017-10-20 23:50:00"
IOP,0.00042991,"2017-10-20 23:55:00"
IOP,0.00043135,"2017-10-21 00:00:00"
IOP,0.00043328,"2017-10-21 00:05:00"
IOP,0.00043328,"2017-10-21 00:10:00"
IOP,0.0004255,"2017-10-21 00:15:00"
IOP,0.00042552,"2017-10-21 00:20:00"
IOP,0.00043049,"2017-10-21 00:25:00"
IOP,0.00043328,"2017-10-21 00:30:00"
IOP,0.00043328,"2017-10-21 00:35:00"
IOP,0.00043328,"2017-10-21 00:40:00"
IOP,0.00043512,"2017-10-21 00:45:00"
IOP,0.00043532,"2017-10-21 00:50:00"
IOP,0.00043839,"2017-10-21 00:55:00"
IOP,0.00043829,"2017-10-21 01:00:00"
IOP,0.00043438,"2017-10-21 01:05:00"
IOP,0.00043438,"2017-10-21 01:10:00"
IOP,0.0004383,"2017-10-21 01:15:00"
IOP,0.00044163,"2017-10-21 01:20:00"
IOP,0.00044383,"2017-10-21 01:25:00"
IOP,0.00044473,"2017-10-21 01:30:00"
IOP,0.00045334,"2017-10-21 01:35:00"
IOP,0.00045982,"2017-10-21 01:40:00"
IOP,0.00044515,"2017-10-21 01:45:00"
IOP,0.00043839,"2017-10-21 01:50:00"
IOP,0.00044851,"2017-10-21 01:55:00"
IOP,0.00044307,"2017-10-21 02:00:00"
IOP,0.00045192,"2017-10-21 02:05:00"
IOP,0.00044999,"2017-10-21 02:10:00"
IOP,0.0004431,"2017-10-21 02:15:00"
IOP,0.0004491,"2017-10-21 02:20:00"
IOP,0.00044275,"2017-10-21 02:25:00"
IOP,0.00044275,"2017-10-21 02:30:00"
IOP,0.00044457,"2017-10-21 02:35:00"
IOP,0.0004426,"2017-10-21 02:40:00"
IOP,0.0004426,"2017-10-21 02:45:00"
IOP,0.00044256,"2017-10-21 02:50:00"
IOP,0.0004425,"2017-10-21 02:55:00"
IOP,0.00044,"2017-10-21 03:00:00"
IOP,0.00044013,"2017-10-21 03:05:00"
IOP,0.00043712,"2017-10-21 03:10:00"
IOP,0.00043167,"2017-10-21 03:15:00"
IOP,0.00043166,"2017-10-21 03:20:00"
IOP,0.00042871,"2017-10-21 03:25:00"
IOP,0.000424,"2017-10-21 03:30:00"
IOP,0.00042304,"2017-10-21 03:35:00"
IOP,0.00042304,"2017-10-21 03:40:00"
IOP,0.00041684,"2017-10-21 03:45:00"
IOP,0.00042304,"2017-10-21 03:50:00"
IOP,0.00042727,"2017-10-21 03:55:00"
IOP,0.00042269,"2017-10-21 04:00:00"
IOP,0.00041633,"2017-10-21 04:05:00"
IOP,0.00042266,"2017-10-21 04:10:00"
IOP,0.00041468,"2017-10-21 04:15:00"
IOP,0.00041476,"2017-10-21 04:20:00"
IOP,0.00039997,"2017-10-21 04:25:00"
IOP,0.0004012,"2017-10-21 04:30:00"
IOP,0.0004,"2017-10-21 04:35:00"
IOP,0.0004012,"2017-10-21 04:40:00"
IOP,0.0004009,"2017-10-21 04:45:00"
IOP,0.0004,"2017-10-21 04:50:00"
IOP,0.00040183,"2017-10-21 04:55:00"
IOP,0.0004,"2017-10-21 05:00:00"
IOP,0.00039952,"2017-10-21 05:05:00"
IOP,0.00039048,"2017-10-21 05:10:00"
IOP,0.00037,"2017-10-21 05:15:00"
IOP,0.00037993,"2017-10-21 05:20:00"
IOP,0.00036902,"2017-10-21 05:25:00"
IOP,0.00037405,"2017-10-21 05:30:00"
IOP,0.00038036,"2017-10-21 05:35:00"
IOP,0.00036681,"2017-10-21 05:40:00"
IOP,0.00036154,"2017-10-21 05:45:00"
IOP,0.00037212,"2017-10-21 05:50:00"
IOP,0.00036297,"2017-10-21 05:55:00"
IOP,0.0003717,"2017-10-21 06:00:00"
IOP,0.0003952,"2017-10-21 06:05:00"
IOP,0.000409,"2017-10-21 06:10:00"
IOP,0.00040817,"2017-10-21 06:15:00"
IOP,0.00040146,"2017-10-21 06:20:00"
IOP,0.00039934,"2017-10-21 06:25:00"
IOP,0.00038305,"2017-10-21 06:30:00"
IOP,0.000376,"2017-10-21 06:35:00"
IOP,0.0003801,"2017-10-21 06:40:00"
IOP,0.00038249,"2017-10-21 06:45:00"
IOP,0.00038712,"2017-10-21 06:50:00"
IOP,0.00038778,"2017-10-21 06:55:00"
IOP,0.0003795,"2017-10-21 07:00:00"
IOP,0.00037874,"2017-10-21 07:05:00"
IOP,0.00039119,"2017-10-21 07:10:00"
IOP,0.00039015,"2017-10-21 07:15:00"
IOP,0.00038794,"2017-10-21 07:20:00"
IOP,0.00039015,"2017-10-21 07:25:00"
IOP,0.00037975,"2017-10-21 07:30:00"
IOP,0.00038467,"2017-10-21 07:35:00"
IOP,0.0003795,"2017-10-21 07:40:00"
IOP,0.00037952,"2017-10-21 07:45:00"
IOP,0.0003795,"2017-10-21 07:50:00"
IOP,0.00038255,"2017-10-21 07:55:00"
IOP,0.0003822,"2017-10-21 08:00:00"
IOP,0.00038219,"2017-10-21 08:05:00"
IOP,0.00037908,"2017-10-21 08:10:00"
IOP,0.00037893,"2017-10-21 08:15:00"
IOP,0.00037892,"2017-10-21 08:20:00"
IOP,0.00037892,"2017-10-21 08:25:00"
IOP,0.0003759,"2017-10-21 08:30:00"
IOP,0.0003784,"2017-10-21 08:35:00"
IOP,0.00037147,"2017-10-21 08:40:00"
IOP,0.00038183,"2017-10-21 08:45:00"
IOP,0.00037574,"2017-10-21 08:50:00"
IOP,0.00037524,"2017-10-21 08:55:00"
IOP,0.00037524,"2017-10-21 09:00:00"
IOP,0.00038092,"2017-10-21 09:05:00"
IOP,0.00037997,"2017-10-21 09:10:00"
IOP,0.00037201,"2017-10-21 09:15:00"
IOP,0.00037205,"2017-10-21 09:20:00"
IOP,0.00037565,"2017-10-21 09:25:00"
IOP,0.00037213,"2017-10-21 09:30:00"
IOP,0.00037751,"2017-10-21 09:35:00"
IOP,0.00037,"2017-10-21 09:40:00"
IOP,0.00038252,"2017-10-21 09:45:00"
IOP,0.00037169,"2017-10-21 09:50:00"
IOP,0.00037001,"2017-10-21 09:55:00"
IOP,0.00037001,"2017-10-21 10:00:00"
IOP,0.00036993,"2017-10-21 10:05:00"
IOP,0.00037485,"2017-10-21 10:10:00"
IOP,0.00037638,"2017-10-21 10:15:00"
IOP,0.00037,"2017-10-21 10:20:00"
IOP,0.00037002,"2017-10-21 10:25:00"
IOP,0.00037004,"2017-10-21 10:30:00"
IOP,0.000371,"2017-10-21 10:35:00"
IOP,0.00037,"2017-10-21 10:40:00"
IOP,0.00037915,"2017-10-21 10:45:00"
IOP,0.00037994,"2017-10-21 10:50:00"
IOP,0.00037,"2017-10-21 10:55:00"
IOP,0.00037792,"2017-10-21 11:00:00"
IOP,0.00037993,"2017-10-21 11:05:00"
IOP,0.00037792,"2017-10-21 11:10:00"
IOP,0.00037717,"2017-10-21 11:15:00"
IOP,0.00037727,"2017-10-21 11:20:00"
IOP,0.00038165,"2017-10-21 11:25:00"
IOP,0.000385,"2017-10-21 11:30:00"
IOP,0.00038826,"2017-10-21 11:35:00"
IOP,0.0003853,"2017-10-21 11:40:00"
IOP,0.0003853,"2017-10-21 11:45:00"
IOP,0.00040466,"2017-10-21 11:50:00"
IOP,0.00041058,"2017-10-21 11:55:00"
IOP,0.00040005,"2017-10-21 12:00:00"
IOP,0.00040076,"2017-10-21 12:05:00"
IOP,0.00040142,"2017-10-21 12:10:00"
IOP,0.00039009,"2017-10-21 12:15:00"
IOP,0.00039009,"2017-10-21 12:20:00"
IOP,0.00039044,"2017-10-21 12:25:00"
IOP,0.00038759,"2017-10-21 12:30:00"
IOP,0.00038762,"2017-10-21 12:35:00"
IOP,0.00038774,"2017-10-21 12:40:00"
IOP,0.00039989,"2017-10-21 12:45:00"
IOP,0.00038807,"2017-10-21 12:50:00"
IOP,0.00038807,"2017-10-21 12:55:00"
IOP,0.00038843,"2017-10-21 13:00:00"
IOP,0.0003885,"2017-10-21 13:05:00"
IOP,0.000391,"2017-10-21 13:10:00"
IOP,0.00038548,"2017-10-21 13:15:00"
IOP,0.00039374,"2017-10-21 13:20:00"
IOP,0.00040088,"2017-10-21 13:25:00"
IOP,0.00040121,"2017-10-21 13:30:00"
IOP,0.00040121,"2017-10-21 13:35:00"
IOP,0.00040121,"2017-10-21 13:40:00"
IOP,0.00040121,"2017-10-21 13:45:00"
IOP,0.00039893,"2017-10-21 13:50:00"
IOP,0.00039893,"2017-10-21 13:55:00"
IOP,0.00039624,"2017-10-21 14:00:00"
IOP,0.00039218,"2017-10-21 14:05:00"
IOP,0.0003872,"2017-10-21 14:10:00"
IOP,0.0004,"2017-10-21 14:15:00"
IOP,0.00038914,"2017-10-21 14:20:00"
IOP,0.00038731,"2017-10-21 14:25:00"
IOP,0.0003937,"2017-10-21 14:30:00"
IOP,0.00038674,"2017-10-21 14:35:00"
IOP,0.00038677,"2017-10-21 14:40:00"
IOP,0.00038676,"2017-10-21 14:45:00"
IOP,0.000391,"2017-10-21 14:50:00"
IOP,0.0003911,"2017-10-21 14:55:00"
IOP,0.00038676,"2017-10-21 15:00:00"
IOP,0.00038961,"2017-10-21 15:05:00"
IOP,0.00038674,"2017-10-21 15:10:00"
IOP,0.00038548,"2017-10-21 15:15:00"
IOP,0.00038548,"2017-10-21 15:20:00"
IOP,0.00038483,"2017-10-21 15:25:00"
IOP,0.00038483,"2017-10-21 15:30:00"
IOP,0.00038449,"2017-10-21 15:35:00"
IOP,0.00038356,"2017-10-21 15:40:00"
IOP,0.00038144,"2017-10-21 15:45:00"
IOP,0.000381,"2017-10-21 15:50:00"
IOP,0.0003895,"2017-10-21 15:55:00"
IOP,0.00038762,"2017-10-21 16:00:00"
IOP,0.00038762,"2017-10-21 16:05:00"
IOP,0.000381,"2017-10-21 16:10:00"
IOP,0.000381,"2017-10-21 16:15:00"
IOP,0.000381,"2017-10-21 16:20:00"
IOP,0.000382,"2017-10-21 16:25:00"
IOP,0.000381,"2017-10-21 16:30:00"
IOP,0.000382,"2017-10-21 16:35:00"
IOP,0.00038107,"2017-10-21 16:40:00"
IOP,0.00038115,"2017-10-21 16:45:00"
IOP,0.00038115,"2017-10-21 16:50:00"
IOP,0.0003813,"2017-10-21 16:55:00"
IOP,0.00038621,"2017-10-21 17:00:00"
IOP,0.00038606,"2017-10-21 17:05:00"
IOP,0.00038607,"2017-10-21 17:10:00"
IOP,0.00038607,"2017-10-21 17:15:00"
IOP,0.00039037,"2017-10-21 17:20:00"
IOP,0.00039,"2017-10-21 17:25:00"
IOP,0.00038754,"2017-10-21 17:30:00"
IOP,0.0003921,"2017-10-21 17:35:00"
IOP,0.0004,"2017-10-21 17:40:00"
IOP,0.00040755,"2017-10-21 17:45:00"
IOP,0.00041,"2017-10-21 17:50:00"
IOP,0.00041001,"2017-10-21 17:55:00"
IOP,0.00040342,"2017-10-21 18:00:00"
IOP,0.00040005,"2017-10-21 18:05:00"
IOP,0.00039754,"2017-10-21 18:10:00"
IOP,0.00038608,"2017-10-21 18:15:00"
IOP,0.00039559,"2017-10-21 18:20:00"
IOP,0.00039557,"2017-10-21 18:25:00"
IOP,0.00039557,"2017-10-21 18:30:00"
IOP,0.00039555,"2017-10-21 18:35:00"
IOP,0.00039546,"2017-10-21 18:40:00"
IOP,0.00039001,"2017-10-21 18:45:00"
IOP,0.00039001,"2017-10-21 18:50:00"
IOP,0.00038924,"2017-10-21 18:55:00"
IOP,0.00039451,"2017-10-21 19:00:00"
IOP,0.00039038,"2017-10-21 19:05:00"
IOP,0.00039553,"2017-10-21 19:10:00"
IOP,0.0003903,"2017-10-21 19:15:00"
IOP,0.0003951,"2017-10-21 19:20:00"
IOP,0.00039569,"2017-10-21 19:25:00"
IOP,0.00039553,"2017-10-21 19:30:00"
IOP,0.00039555,"2017-10-21 19:35:00"
IOP,0.00039569,"2017-10-21 19:40:00"
IOP,0.00039565,"2017-10-21 19:45:00"
IOP,0.00039526,"2017-10-21 19:50:00"
IOP,0.00039526,"2017-10-21 19:55:00"
IOP,0.0004,"2017-10-21 20:00:00"
IOP,0.00040417,"2017-10-21 20:05:00"
IOP,0.00041799,"2017-10-21 20:10:00"
IOP,0.00040719,"2017-10-21 20:15:00"
IOP,0.0004041,"2017-10-21 20:20:00"
IOP,0.00040033,"2017-10-21 20:25:00"
IOP,0.00040346,"2017-10-21 20:30:00"
IOP,0.00040249,"2017-10-21 20:35:00"
IOP,0.00040546,"2017-10-21 20:40:00"
IOP,0.00040549,"2017-10-21 20:45:00"
IOP,0.00040878,"2017-10-21 20:50:00"
IOP,0.00040939,"2017-10-21 20:55:00"
IOP,0.0004056,"2017-10-21 21:00:00"
IOP,0.0004056,"2017-10-21 21:05:00"
IOP,0.00041042,"2017-10-21 21:10:00"
IOP,0.00041315,"2017-10-21 21:15:00"
IOP,0.00041829,"2017-10-21 21:20:00"
IOP,0.00041204,"2017-10-21 21:25:00"
IOP,0.0004126,"2017-10-21 21:30:00"
IOP,0.00040987,"2017-10-21 21:35:00"
IOP,0.00040861,"2017-10-21 21:40:00"
IOP,0.00040987,"2017-10-21 21:45:00"
IOP,0.0004092,"2017-10-21 21:50:00"
IOP,0.0004057,"2017-10-21 21:55:00"
IOP,0.0004057,"2017-10-21 22:00:00"
IOP,0.0004057,"2017-10-21 22:05:00"
IOP,0.00040519,"2017-10-21 22:10:00"
IOP,0.00040519,"2017-10-21 22:15:00"
IOP,0.00041173,"2017-10-21 22:20:00"
IOP,0.00041173,"2017-10-21 22:25:00"
IOP,0.0004117,"2017-10-21 22:30:00"
IOP,0.0004117,"2017-10-21 22:35:00"
IOP,0.0004075,"2017-10-21 22:40:00"
IOP,0.00041096,"2017-10-21 22:45:00"
IOP,0.00041096,"2017-10-21 22:50:00"
IOP,0.00041096,"2017-10-21 22:55:00"
IOP,0.000411,"2017-10-21 23:00:00"
IOP,0.00041096,"2017-10-21 23:05:00"
IOP,0.00041225,"2017-10-21 23:10:00"
IOP,0.00041225,"2017-10-21 23:15:00"
IOP,0.00041225,"2017-10-21 23:20:00"
IOP,0.00041225,"2017-10-21 23:25:00"
IOP,0.00041916,"2017-10-21 23:30:00"
IOP,0.00041981,"2017-10-21 23:35:00"
IOP,0.00041985,"2017-10-21 23:40:00"
IOP,0.00041319,"2017-10-21 23:45:00"
IOP,0.00041992,"2017-10-21 23:50:00"
IOP,0.000418,"2017-10-21 23:55:00"
IOP,0.00041394,"2017-10-22 00:00:00"
IOP,0.00042113,"2017-10-22 00:05:00"
IOP,0.00041989,"2017-10-22 00:10:00"
IOP,0.00041989,"2017-10-22 00:15:00"
IOP,0.00041401,"2017-10-22 00:20:00"
IOP,0.00041336,"2017-10-22 00:25:00"
IOP,0.00041329,"2017-10-22 00:30:00"
IOP,0.0004196,"2017-10-22 00:35:00"
IOP,0.0004196,"2017-10-22 00:40:00"
IOP,0.000418,"2017-10-22 00:45:00"
IOP,0.00041803,"2017-10-22 00:50:00"
IOP,0.000421,"2017-10-22 00:55:00"
IOP,0.000421,"2017-10-22 01:00:00"
IOP,0.00042292,"2017-10-22 01:05:00"
IOP,0.00042567,"2017-10-22 01:10:00"
IOP,0.00041322,"2017-10-22 01:15:00"
IOP,0.00042,"2017-10-22 01:20:00"
IOP,0.00042691,"2017-10-22 01:25:00"
IOP,0.00042691,"2017-10-22 01:30:00"
IOP,0.00042498,"2017-10-22 01:35:00"
IOP,0.00042012,"2017-10-22 01:40:00"
IOP,0.00042014,"2017-10-22 01:45:00"
IOP,0.00041147,"2017-10-22 01:50:00"
IOP,0.00040833,"2017-10-22 01:55:00"
IOP,0.00040512,"2017-10-22 02:00:00"
IOP,0.00040681,"2017-10-22 02:05:00"
IOP,0.00040681,"2017-10-22 02:10:00"
IOP,0.00040512,"2017-10-22 02:15:00"
IOP,0.00040507,"2017-10-22 02:20:00"
IOP,0.00040036,"2017-10-22 02:25:00"
IOP,0.0004065,"2017-10-22 02:30:00"
IOP,0.00040036,"2017-10-22 02:35:00"
IOP,0.00040038,"2017-10-22 02:40:00"
IOP,0.00040063,"2017-10-22 02:45:00"
IOP,0.00040063,"2017-10-22 02:50:00"
IOP,0.00039633,"2017-10-22 02:55:00"
IOP,0.0003987,"2017-10-22 03:00:00"
IOP,0.00039634,"2017-10-22 03:05:00"
IOP,0.00039634,"2017-10-22 03:10:00"
IOP,0.00039633,"2017-10-22 03:15:00"
IOP,0.00039625,"2017-10-22 03:20:00"
IOP,0.00039215,"2017-10-22 03:25:00"
IOP,0.00039215,"2017-10-22 03:30:00"
IOP,0.00039506,"2017-10-22 03:35:00"
IOP,0.00039737,"2017-10-22 03:40:00"
IOP,0.00039913,"2017-10-22 03:45:00"
IOP,0.00039799,"2017-10-22 03:50:00"
IOP,0.00040033,"2017-10-22 03:55:00"
IOP,0.00039136,"2017-10-22 04:00:00"
IOP,0.00039508,"2017-10-22 04:05:00"
IOP,0.00039508,"2017-10-22 04:10:00"
IOP,0.00039513,"2017-10-22 04:15:00"
IOP,0.00039522,"2017-10-22 04:20:00"
IOP,0.00040142,"2017-10-22 04:25:00"
IOP,0.000405,"2017-10-22 04:30:00"
IOP,0.00040453,"2017-10-22 04:35:00"
IOP,0.0004055,"2017-10-22 04:40:00"
IOP,0.0004098,"2017-10-22 04:45:00"
IOP,0.00040691,"2017-10-22 04:50:00"
IOP,0.00040877,"2017-10-22 04:55:00"
IOP,0.00041405,"2017-10-22 05:00:00"
IOP,0.00040971,"2017-10-22 05:05:00"
IOP,0.00041408,"2017-10-22 05:10:00"
IOP,0.00041384,"2017-10-22 05:15:00"
IOP,0.0004138,"2017-10-22 05:20:00"
IOP,0.0004138,"2017-10-22 05:25:00"
IOP,0.00041215,"2017-10-22 05:30:00"
IOP,0.0004118,"2017-10-22 05:35:00"
IOP,0.00041186,"2017-10-22 05:40:00"
IOP,0.0004118,"2017-10-22 05:45:00"
IOP,0.0004118,"2017-10-22 05:50:00"
IOP,0.000414,"2017-10-22 05:55:00"
IOP,0.0004118,"2017-10-22 06:00:00"
IOP,0.00041181,"2017-10-22 06:05:00"
IOP,0.00041408,"2017-10-22 06:10:00"
IOP,0.00040516,"2017-10-22 06:15:00"
IOP,0.00040516,"2017-10-22 06:20:00"
IOP,0.00040516,"2017-10-22 06:25:00"
IOP,0.000409,"2017-10-22 06:30:00"
IOP,0.000408,"2017-10-22 06:35:00"
IOP,0.00041,"2017-10-22 06:40:00"
IOP,0.00041408,"2017-10-22 06:45:00"
IOP,0.0004125,"2017-10-22 06:50:00"
IOP,0.000414,"2017-10-22 06:55:00"
IOP,0.0004089,"2017-10-22 07:00:00"
IOP,0.00040891,"2017-10-22 07:05:00"
IOP,0.00041408,"2017-10-22 07:10:00"
IOP,0.00041408,"2017-10-22 07:15:00"
IOP,0.00041408,"2017-10-22 07:20:00"
IOP,0.00041408,"2017-10-22 07:25:00"
IOP,0.00041408,"2017-10-22 07:30:00"
IOP,0.00041408,"2017-10-22 07:35:00"
IOP,0.00041408,"2017-10-22 07:40:00"
IOP,0.00040901,"2017-10-22 07:45:00"
IOP,0.00041408,"2017-10-22 07:50:00"
IOP,0.00041408,"2017-10-22 07:55:00"
IOP,0.00040892,"2017-10-22 08:00:00"
IOP,0.00040892,"2017-10-22 08:05:00"
IOP,0.00040432,"2017-10-22 08:10:00"
IOP,0.00040432,"2017-10-22 08:15:00"
IOP,0.00040432,"2017-10-22 08:20:00"
IOP,0.00041178,"2017-10-22 08:25:00"
IOP,0.00040451,"2017-10-22 08:30:00"
IOP,0.00040452,"2017-10-22 08:35:00"
IOP,0.00040452,"2017-10-22 08:40:00"
IOP,0.00040452,"2017-10-22 08:45:00"
IOP,0.00040452,"2017-10-22 08:50:00"
IOP,0.00041094,"2017-10-22 08:55:00"
IOP,0.00041094,"2017-10-22 09:00:00"
IOP,0.00041975,"2017-10-22 09:05:00"
IOP,0.0004152,"2017-10-22 09:10:00"
IOP,0.0004263,"2017-10-22 09:15:00"
IOP,0.00043025,"2017-10-22 09:20:00"
IOP,0.00045633,"2017-10-22 09:25:00"
IOP,0.00043327,"2017-10-22 09:30:00"
IOP,0.00042631,"2017-10-22 09:35:00"
IOP,0.0004304,"2017-10-22 09:40:00"
IOP,0.00043,"2017-10-22 09:45:00"
IOP,0.00043642,"2017-10-22 09:50:00"
IOP,0.00044101,"2017-10-22 09:55:00"
IOP,0.000449,"2017-10-22 10:00:00"
IOP,0.00044049,"2017-10-22 10:05:00"
IOP,0.00042707,"2017-10-22 10:10:00"
IOP,0.00042798,"2017-10-22 10:15:00"
IOP,0.00043432,"2017-10-22 10:20:00"
IOP,0.00042138,"2017-10-22 10:25:00"
IOP,0.00041506,"2017-10-22 10:30:00"
IOP,0.00041861,"2017-10-22 10:35:00"
IOP,0.000415,"2017-10-22 10:40:00"
IOP,0.00042045,"2017-10-22 10:45:00"
IOP,0.0004255,"2017-10-22 10:50:00"
IOP,0.00042965,"2017-10-22 10:55:00"
IOP,0.00042964,"2017-10-22 11:00:00"
IOP,0.00042964,"2017-10-22 11:05:00"
IOP,0.00042164,"2017-10-22 11:10:00"
IOP,0.0004188,"2017-10-22 11:15:00"
IOP,0.0004188,"2017-10-22 11:20:00"
IOP,0.00041758,"2017-10-22 11:25:00"
IOP,0.00041441,"2017-10-22 11:30:00"
IOP,0.00041441,"2017-10-22 11:35:00"
IOP,0.00041441,"2017-10-22 11:40:00"
IOP,0.00041306,"2017-10-22 11:45:00"
IOP,0.00041309,"2017-10-22 11:50:00"
IOP,0.000413,"2017-10-22 11:55:00"
IOP,0.00040964,"2017-10-22 12:00:00"
IOP,0.00040964,"2017-10-22 12:05:00"
IOP,0.00041018,"2017-10-22 12:10:00"
IOP,0.000417,"2017-10-22 12:15:00"
IOP,0.0004218,"2017-10-22 12:20:00"
IOP,0.00042457,"2017-10-22 12:25:00"
IOP,0.00042417,"2017-10-22 12:30:00"
IOP,0.00042417,"2017-10-22 12:35:00"
IOP,0.00042418,"2017-10-22 12:40:00"
IOP,0.00041992,"2017-10-22 12:45:00"
IOP,0.00042555,"2017-10-22 12:50:00"
IOP,0.000421,"2017-10-22 12:55:00"
IOP,0.00042109,"2017-10-22 13:00:00"
IOP,0.00042109,"2017-10-22 13:05:00"
IOP,0.000421,"2017-10-22 13:10:00"
IOP,0.00042,"2017-10-22 13:15:00"
IOP,0.0004224,"2017-10-22 13:20:00"
IOP,0.00042249,"2017-10-22 13:25:00"
IOP,0.0004225,"2017-10-22 13:30:00"
IOP,0.00042635,"2017-10-22 13:35:00"
IOP,0.00042671,"2017-10-22 13:40:00"
IOP,0.00042677,"2017-10-22 13:45:00"
IOP,0.00042689,"2017-10-22 13:50:00"
IOP,0.00042677,"2017-10-22 13:55:00"
IOP,0.00042677,"2017-10-22 14:00:00"
IOP,0.00042677,"2017-10-22 14:05:00"
IOP,0.00042712,"2017-10-22 14:10:00"
IOP,0.00042873,"2017-10-22 14:15:00"
IOP,0.00041191,"2017-10-22 14:20:00"
IOP,0.00041281,"2017-10-22 14:25:00"
IOP,0.00041498,"2017-10-22 14:30:00"
IOP,0.000413,"2017-10-22 14:35:00"
IOP,0.00041443,"2017-10-22 14:40:00"
IOP,0.00041066,"2017-10-22 14:45:00"
IOP,0.00041581,"2017-10-22 14:50:00"
IOP,0.00041038,"2017-10-22 14:55:00"
IOP,0.00041038,"2017-10-22 15:00:00"
IOP,0.00041058,"2017-10-22 15:05:00"
IOP,0.00041446,"2017-10-22 15:10:00"
IOP,0.00041411,"2017-10-22 15:15:00"
IOP,0.00041448,"2017-10-22 15:20:00"
IOP,0.000412,"2017-10-22 15:25:00"
IOP,0.0004149,"2017-10-22 15:30:00"
IOP,0.0004121,"2017-10-22 15:35:00"
IOP,0.0004149,"2017-10-22 15:40:00"
IOP,0.000415,"2017-10-22 15:45:00"
IOP,0.000417,"2017-10-22 15:50:00"
IOP,0.000417,"2017-10-22 15:55:00"
IOP,0.00041998,"2017-10-22 16:00:00"
IOP,0.00041998,"2017-10-22 16:05:00"
IOP,0.00041998,"2017-10-22 16:10:00"
IOP,0.00041998,"2017-10-22 16:15:00"
IOP,0.00042235,"2017-10-22 16:20:00"
IOP,0.00042392,"2017-10-22 16:25:00"
IOP,0.00041604,"2017-10-22 16:30:00"
IOP,0.00042,"2017-10-22 16:35:00"
IOP,0.000415,"2017-10-22 16:40:00"
IOP,0.00041428,"2017-10-22 16:45:00"
IOP,0.0004123,"2017-10-22 16:50:00"
IOP,0.00040681,"2017-10-22 16:55:00"
IOP,0.00041228,"2017-10-22 17:00:00"
IOP,0.00040891,"2017-10-22 17:05:00"
IOP,0.00041493,"2017-10-22 17:10:00"
IOP,0.000414,"2017-10-22 17:15:00"
IOP,0.000414,"2017-10-22 17:20:00"
IOP,0.00040891,"2017-10-22 17:25:00"
IOP,0.00040699,"2017-10-22 17:30:00"
IOP,0.00040417,"2017-10-22 17:35:00"
IOP,0.00040198,"2017-10-22 17:40:00"
IOP,0.0004109,"2017-10-22 17:45:00"
IOP,0.00041071,"2017-10-22 17:50:00"
IOP,0.00040206,"2017-10-22 17:55:00"
IOP,0.000411,"2017-10-22 18:00:00"
IOP,0.00041247,"2017-10-22 18:05:00"
IOP,0.00041101,"2017-10-22 18:10:00"
IOP,0.00041101,"2017-10-22 18:15:00"
IOP,0.00041306,"2017-10-22 18:20:00"
IOP,0.0004131,"2017-10-22 18:25:00"
IOP,0.0004131,"2017-10-22 18:30:00"
IOP,0.0004131,"2017-10-22 18:35:00"
IOP,0.00041368,"2017-10-22 18:40:00"
IOP,0.00041626,"2017-10-22 18:45:00"
IOP,0.00041626,"2017-10-22 18:50:00"
IOP,0.00041626,"2017-10-22 18:55:00"
IOP,0.00041368,"2017-10-22 19:00:00"
IOP,0.00041626,"2017-10-22 19:05:00"
IOP,0.00041372,"2017-10-22 19:10:00"
IOP,0.00040808,"2017-10-22 19:15:00"
IOP,0.00041376,"2017-10-22 19:20:00"
IOP,0.00040809,"2017-10-22 19:25:00"
IOP,0.00040809,"2017-10-22 19:30:00"
IOP,0.00040841,"2017-10-22 19:35:00"
IOP,0.00040808,"2017-10-22 19:40:00"
IOP,0.00040516,"2017-10-22 19:45:00"
IOP,0.00040515,"2017-10-22 19:50:00"
IOP,0.00040516,"2017-10-22 19:55:00"
IOP,0.00040516,"2017-10-22 20:00:00"
IOP,0.000408,"2017-10-22 20:05:00"
IOP,0.00040556,"2017-10-22 20:10:00"
IOP,0.00041499,"2017-10-22 20:15:00"
IOP,0.00041499,"2017-10-22 20:20:00"
IOP,0.00041499,"2017-10-22 20:25:00"
IOP,0.00041499,"2017-10-22 20:30:00"
IOP,0.000415,"2017-10-22 20:35:00"
IOP,0.00041497,"2017-10-22 20:40:00"
IOP,0.00041497,"2017-10-22 20:45:00"
IOP,0.00040872,"2017-10-22 20:50:00"
IOP,0.0004077,"2017-10-22 20:55:00"
IOP,0.00040738,"2017-10-22 21:00:00"
IOP,0.00040739,"2017-10-22 21:05:00"
IOP,0.0004149,"2017-10-22 21:10:00"
IOP,0.00041489,"2017-10-22 21:15:00"
IOP,0.00041488,"2017-10-22 21:20:00"
IOP,0.00040529,"2017-10-22 21:25:00"
IOP,0.0004052,"2017-10-22 21:30:00"
IOP,0.0004052,"2017-10-22 21:35:00"
IOP,0.00040544,"2017-10-22 21:40:00"
IOP,0.00040202,"2017-10-22 21:45:00"
IOP,0.00040813,"2017-10-22 21:50:00"
IOP,0.00040846,"2017-10-22 21:55:00"
IOP,0.000408,"2017-10-22 22:00:00"
IOP,0.00040334,"2017-10-22 22:05:00"
IOP,0.00040351,"2017-10-22 22:10:00"
IOP,0.00040351,"2017-10-22 22:15:00"
IOP,0.00040351,"2017-10-22 22:20:00"
IOP,0.00041039,"2017-10-22 22:25:00"
IOP,0.00040281,"2017-10-22 22:30:00"
IOP,0.00041,"2017-10-22 22:35:00"
IOP,0.00041901,"2017-10-22 22:40:00"
IOP,0.000415,"2017-10-22 22:45:00"
IOP,0.00041944,"2017-10-22 22:50:00"
IOP,0.00041187,"2017-10-22 22:55:00"
IOP,0.00040683,"2017-10-22 23:00:00"
IOP,0.0004088,"2017-10-22 23:05:00"
IOP,0.00040976,"2017-10-22 23:10:00"
IOP,0.00040976,"2017-10-22 23:15:00"
IOP,0.00040977,"2017-10-22 23:20:00"
IOP,0.00040976,"2017-10-22 23:25:00"
IOP,0.00040976,"2017-10-22 23:30:00"
IOP,0.00040977,"2017-10-22 23:35:00"
IOP,0.00041554,"2017-10-22 23:40:00"
IOP,0.00041484,"2017-10-22 23:45:00"
IOP,0.00041484,"2017-10-22 23:50:00"
IOP,0.00040419,"2017-10-22 23:55:00"
IOP,0.00041,"2017-10-23 00:00:00"
IOP,0.00041,"2017-10-23 00:05:00"
IOP,0.00041,"2017-10-23 00:10:00"
IOP,0.00041,"2017-10-23 00:15:00"
IOP,0.00041482,"2017-10-23 00:20:00"
IOP,0.00041519,"2017-10-23 00:25:00"
IOP,0.00041497,"2017-10-23 00:30:00"
IOP,0.00041497,"2017-10-23 00:35:00"
IOP,0.00041497,"2017-10-23 00:40:00"
IOP,0.00041497,"2017-10-23 00:45:00"
IOP,0.0004149,"2017-10-23 00:50:00"
IOP,0.00041498,"2017-10-23 00:55:00"
IOP,0.00041498,"2017-10-23 01:00:00"
IOP,0.00041498,"2017-10-23 01:05:00"
IOP,0.00041498,"2017-10-23 01:10:00"
IOP,0.00041298,"2017-10-23 01:15:00"
IOP,0.00041038,"2017-10-23 01:20:00"
IOP,0.00041038,"2017-10-23 01:25:00"
IOP,0.00041012,"2017-10-23 01:30:00"
IOP,0.00040889,"2017-10-23 01:35:00"
IOP,0.00040891,"2017-10-23 01:40:00"
IOP,0.00040676,"2017-10-23 01:45:00"
IOP,0.00040706,"2017-10-23 01:50:00"
IOP,0.00040706,"2017-10-23 01:55:00"
IOP,0.00040706,"2017-10-23 02:00:00"
IOP,0.00040706,"2017-10-23 02:05:00"
IOP,0.00040657,"2017-10-23 02:10:00"
IOP,0.00040604,"2017-10-23 02:15:00"
IOP,0.00040604,"2017-10-23 02:20:00"
IOP,0.00040605,"2017-10-23 02:25:00"
IOP,0.00040607,"2017-10-23 02:30:00"
IOP,0.00040607,"2017-10-23 02:35:00"
IOP,0.00040229,"2017-10-23 02:40:00"
IOP,0.00040229,"2017-10-23 02:45:00"
IOP,0.00040203,"2017-10-23 02:50:00"
IOP,0.00040593,"2017-10-23 02:55:00"
IOP,0.00040593,"2017-10-23 03:00:00"
IOP,0.00040593,"2017-10-23 03:05:00"
IOP,0.00040588,"2017-10-23 03:10:00"
IOP,0.00040588,"2017-10-23 03:15:00"
IOP,0.00040588,"2017-10-23 03:20:00"
IOP,0.00040202,"2017-10-23 03:25:00"
IOP,0.00040202,"2017-10-23 03:30:00"
IOP,0.00040202,"2017-10-23 03:35:00"
IOP,0.00040594,"2017-10-23 03:40:00"
IOP,0.00040204,"2017-10-23 03:45:00"
IOP,0.00040202,"2017-10-23 03:50:00"
IOP,0.000403,"2017-10-23 03:55:00"
IOP,0.00040501,"2017-10-23 04:00:00"
IOP,0.000403,"2017-10-23 04:05:00"
IOP,0.000403,"2017-10-23 04:10:00"
IOP,0.000403,"2017-10-23 04:15:00"
IOP,0.000403,"2017-10-23 04:20:00"
IOP,0.000403,"2017-10-23 04:25:00"
IOP,0.000403,"2017-10-23 04:30:00"
IOP,0.000403,"2017-10-23 04:35:00"
IOP,0.00040228,"2017-10-23 04:40:00"
IOP,0.00040228,"2017-10-23 04:45:00"
IOP,0.00040228,"2017-10-23 04:50:00"
IOP,0.00040228,"2017-10-23 04:55:00"
IOP,0.00040301,"2017-10-23 05:00:00"
IOP,0.0004023,"2017-10-23 05:05:00"
IOP,0.00040228,"2017-10-23 05:10:00"
IOP,0.00040228,"2017-10-23 05:15:00"
IOP,0.00040232,"2017-10-23 05:20:00"
IOP,0.00040156,"2017-10-23 05:25:00"
IOP,0.00040158,"2017-10-23 05:30:00"
IOP,0.0004023,"2017-10-23 05:35:00"
IOP,0.0004023,"2017-10-23 05:40:00"
IOP,0.0004023,"2017-10-23 05:45:00"
IOP,0.0004023,"2017-10-23 05:50:00"
IOP,0.00040226,"2017-10-23 05:55:00"
IOP,0.00040229,"2017-10-23 06:00:00"
IOP,0.0004005,"2017-10-23 06:05:00"
IOP,0.0004005,"2017-10-23 06:10:00"
IOP,0.00040006,"2017-10-23 06:15:00"
IOP,0.00040002,"2017-10-23 06:20:00"
IOP,0.00038818,"2017-10-23 06:25:00"
IOP,0.00038701,"2017-10-23 06:30:00"
IOP,0.00038436,"2017-10-23 06:35:00"
IOP,0.00038436,"2017-10-23 06:40:00"
IOP,0.00038779,"2017-10-23 06:45:00"
IOP,0.00038984,"2017-10-23 06:50:00"
IOP,0.00039238,"2017-10-23 06:55:00"
IOP,0.00039241,"2017-10-23 07:00:00"
IOP,0.00039241,"2017-10-23 07:05:00"
IOP,0.00038797,"2017-10-23 07:10:00"
IOP,0.00038797,"2017-10-23 07:15:00"
IOP,0.00038797,"2017-10-23 07:20:00"
IOP,0.00038797,"2017-10-23 07:25:00"
IOP,0.00038797,"2017-10-23 07:30:00"
IOP,0.00039239,"2017-10-23 07:35:00"
IOP,0.00039239,"2017-10-23 07:40:00"
IOP,0.0003885,"2017-10-23 07:45:00"
IOP,0.00039239,"2017-10-23 07:50:00"
IOP,0.0003885,"2017-10-23 07:55:00"
IOP,0.00038577,"2017-10-23 08:00:00"
IOP,0.0003885,"2017-10-23 08:05:00"
IOP,0.000388,"2017-10-23 08:10:00"
IOP,0.0003885,"2017-10-23 08:15:00"
IOP,0.000388,"2017-10-23 08:20:00"
IOP,0.000388,"2017-10-23 08:25:00"
IOP,0.0003917,"2017-10-23 08:30:00"
IOP,0.00039169,"2017-10-23 08:35:00"
IOP,0.00039167,"2017-10-23 08:40:00"
IOP,0.00039238,"2017-10-23 08:45:00"
IOP,0.00039238,"2017-10-23 08:50:00"
IOP,0.00039215,"2017-10-23 08:55:00"
IOP,0.00039215,"2017-10-23 09:00:00"
IOP,0.00038841,"2017-10-23 09:05:00"
IOP,0.00038841,"2017-10-23 09:10:00"
IOP,0.00038841,"2017-10-23 09:15:00"
IOP,0.00038847,"2017-10-23 09:20:00"
IOP,0.00038847,"2017-10-23 09:25:00"
IOP,0.0003925,"2017-10-23 09:30:00"
IOP,0.00038561,"2017-10-23 09:35:00"
IOP,0.0003925,"2017-10-23 09:40:00"
IOP,0.0003925,"2017-10-23 09:45:00"
IOP,0.0003925,"2017-10-23 09:50:00"
IOP,0.0003925,"2017-10-23 09:55:00"
IOP,0.00038593,"2017-10-23 10:00:00"
IOP,0.000387,"2017-10-23 10:05:00"
IOP,0.00038508,"2017-10-23 10:10:00"
IOP,0.0003851,"2017-10-23 10:15:00"
IOP,0.00038471,"2017-10-23 10:20:00"
IOP,0.00038502,"2017-10-23 10:25:00"
IOP,0.00038131,"2017-10-23 10:30:00"
IOP,0.00038131,"2017-10-23 10:35:00"
IOP,0.00038207,"2017-10-23 10:40:00"
IOP,0.000385,"2017-10-23 10:45:00"
IOP,0.0003851,"2017-10-23 10:50:00"
IOP,0.0003826,"2017-10-23 10:55:00"
IOP,0.00038953,"2017-10-23 11:00:00"
IOP,0.00038761,"2017-10-23 11:05:00"
IOP,0.00038761,"2017-10-23 11:10:00"
IOP,0.00038761,"2017-10-23 11:15:00"
IOP,0.00038592,"2017-10-23 11:20:00"
IOP,0.00038209,"2017-10-23 11:25:00"
IOP,0.00038619,"2017-10-23 11:30:00"
IOP,0.00038108,"2017-10-23 11:35:00"
IOP,0.00038619,"2017-10-23 11:40:00"
IOP,0.00038619,"2017-10-23 11:45:00"
IOP,0.00038618,"2017-10-23 11:50:00"
IOP,0.00038618,"2017-10-23 11:55:00"
IOP,0.0003815,"2017-10-23 12:00:00"
IOP,0.000387,"2017-10-23 12:05:00"
IOP,0.00039,"2017-10-23 12:10:00"
IOP,0.00039,"2017-10-23 12:15:00"
IOP,0.00038855,"2017-10-23 12:20:00"
IOP,0.00038855,"2017-10-23 12:25:00"
IOP,0.000387,"2017-10-23 12:30:00"
IOP,0.0003826,"2017-10-23 12:35:00"
IOP,0.00038341,"2017-10-23 12:40:00"
IOP,0.00038776,"2017-10-23 12:45:00"
IOP,0.00038858,"2017-10-23 12:50:00"
IOP,0.00038814,"2017-10-23 12:55:00"
IOP,0.00038859,"2017-10-23 13:00:00"
IOP,0.000391,"2017-10-23 13:05:00"
IOP,0.00039,"2017-10-23 13:10:00"
IOP,0.00038967,"2017-10-23 13:15:00"
IOP,0.00038967,"2017-10-23 13:20:00"
IOP,0.00039,"2017-10-23 13:25:00"
IOP,0.00039,"2017-10-23 13:30:00"
IOP,0.00039,"2017-10-23 13:35:00"
IOP,0.00038267,"2017-10-23 13:40:00"
IOP,0.0003835,"2017-10-23 13:45:00"
IOP,0.00038354,"2017-10-23 13:50:00"
IOP,0.00038862,"2017-10-23 13:55:00"
IOP,0.00038229,"2017-10-23 14:00:00"
IOP,0.00038264,"2017-10-23 14:05:00"
IOP,0.00038071,"2017-10-23 14:10:00"
IOP,0.00038227,"2017-10-23 14:15:00"
IOP,0.00038227,"2017-10-23 14:20:00"
IOP,0.00038227,"2017-10-23 14:25:00"
IOP,0.00038071,"2017-10-23 14:30:00"
IOP,0.00038227,"2017-10-23 14:35:00"
IOP,0.00038227,"2017-10-23 14:40:00"
IOP,0.000381,"2017-10-23 14:45:00"
IOP,0.000381,"2017-10-23 14:50:00"
IOP,0.00038078,"2017-10-23 14:55:00"
IOP,0.00038001,"2017-10-23 15:00:00"
IOP,0.00038001,"2017-10-23 15:05:00"
IOP,0.00038001,"2017-10-23 15:10:00"
IOP,0.0003774,"2017-10-23 15:15:00"
IOP,0.00037664,"2017-10-23 15:20:00"
IOP,0.00037664,"2017-10-23 15:25:00"
IOP,0.00037664,"2017-10-23 15:30:00"
IOP,0.000375,"2017-10-23 15:35:00"
IOP,0.00038209,"2017-10-23 15:40:00"
IOP,0.00037508,"2017-10-23 15:45:00"
IOP,0.00038091,"2017-10-23 15:50:00"
IOP,0.00037503,"2017-10-23 15:55:00"
IOP,0.00037504,"2017-10-23 16:00:00"
IOP,0.00038222,"2017-10-23 16:05:00"
IOP,0.00038223,"2017-10-23 16:10:00"
IOP,0.00038222,"2017-10-23 16:15:00"
IOP,0.00038324,"2017-10-23 16:20:00"
IOP,0.00038504,"2017-10-23 16:25:00"
IOP,0.00038385,"2017-10-23 16:30:00"
IOP,0.0003839,"2017-10-23 16:35:00"
IOP,0.0003839,"2017-10-23 16:40:00"
IOP,0.00038545,"2017-10-23 16:45:00"
IOP,0.00038602,"2017-10-23 16:50:00"
IOP,0.00039009,"2017-10-23 16:55:00"
IOP,0.00039012,"2017-10-23 17:00:00"
IOP,0.0003901,"2017-10-23 17:05:00"
IOP,0.00038862,"2017-10-23 17:10:00"
IOP,0.00038519,"2017-10-23 17:15:00"
IOP,0.00038519,"2017-10-23 17:20:00"
IOP,0.00038514,"2017-10-23 17:25:00"
IOP,0.00038514,"2017-10-23 17:30:00"
IOP,0.00039387,"2017-10-23 17:35:00"
IOP,0.00039217,"2017-10-23 17:40:00"
IOP,0.00038536,"2017-10-23 17:45:00"
IOP,0.00038511,"2017-10-23 17:50:00"
IOP,0.00038391,"2017-10-23 17:55:00"
IOP,0.00038392,"2017-10-23 18:00:00"
IOP,0.00038391,"2017-10-23 18:05:00"
IOP,0.00038392,"2017-10-23 18:10:00"
IOP,0.00038393,"2017-10-23 18:15:00"
IOP,0.00038136,"2017-10-23 18:20:00"
IOP,0.000385,"2017-10-23 18:25:00"
IOP,0.00038122,"2017-10-23 18:30:00"
IOP,0.00038122,"2017-10-23 18:35:00"
IOP,0.00038922,"2017-10-23 18:40:00"
IOP,0.0003919,"2017-10-23 18:45:00"
IOP,0.00039092,"2017-10-23 18:50:00"
IOP,0.00038965,"2017-10-23 18:55:00"
IOP,0.00038965,"2017-10-23 19:00:00"
IOP,0.000385,"2017-10-23 19:05:00"
IOP,0.0003817,"2017-10-23 19:10:00"
IOP,0.00038502,"2017-10-23 19:15:00"
IOP,0.00038945,"2017-10-23 19:20:00"
IOP,0.00038182,"2017-10-23 19:25:00"
IOP,0.00038186,"2017-10-23 19:30:00"
IOP,0.00038186,"2017-10-23 19:35:00"
IOP,0.00037777,"2017-10-23 19:40:00"
IOP,0.00037777,"2017-10-23 19:45:00"
IOP,0.00037734,"2017-10-23 19:50:00"
IOP,0.00037734,"2017-10-23 19:55:00"
IOP,0.00038186,"2017-10-23 20:00:00"
IOP,0.00038186,"2017-10-23 20:05:00"
IOP,0.00038099,"2017-10-23 20:10:00"
IOP,0.00038098,"2017-10-23 20:15:00"
IOP,0.00038098,"2017-10-23 20:20:00"
IOP,0.00038186,"2017-10-23 20:25:00"
IOP,0.00038,"2017-10-23 20:30:00"
IOP,0.000382,"2017-10-23 20:35:00"
IOP,0.0003802,"2017-10-23 20:40:00"
IOP,0.000381,"2017-10-23 20:45:00"
IOP,0.00037501,"2017-10-23 20:50:00"
IOP,0.000379,"2017-10-23 20:55:00"
IOP,0.00037505,"2017-10-23 21:00:00"
IOP,0.000379,"2017-10-23 21:05:00"
IOP,0.00037505,"2017-10-23 21:10:00"
IOP,0.000379,"2017-10-23 21:15:00"
IOP,0.00037506,"2017-10-23 21:20:00"
IOP,0.00037506,"2017-10-23 21:25:00"
IOP,0.00037506,"2017-10-23 21:30:00"
IOP,0.0003795,"2017-10-23 21:35:00"
IOP,0.0003795,"2017-10-23 21:40:00"
IOP,0.00038105,"2017-10-23 21:45:00"
IOP,0.00038104,"2017-10-23 21:50:00"
IOP,0.00038102,"2017-10-23 21:55:00"
IOP,0.00037,"2017-10-23 22:00:00"
IOP,0.00033324,"2017-10-23 22:05:00"
IOP,0.00035239,"2017-10-23 22:10:00"
IOP,0.0003547,"2017-10-23 22:15:00"
IOP,0.00035418,"2017-10-23 22:20:00"
IOP,0.00034508,"2017-10-23 22:25:00"
IOP,0.000345,"2017-10-23 22:30:00"
IOP,0.000345,"2017-10-23 22:35:00"
IOP,0.00033944,"2017-10-23 22:40:00"
IOP,0.00034819,"2017-10-23 22:45:00"
IOP,0.000351,"2017-10-23 22:50:00"
IOP,0.00035415,"2017-10-23 22:55:00"
IOP,0.00035,"2017-10-23 23:00:00"
IOP,0.000355,"2017-10-23 23:05:00"
IOP,0.00035496,"2017-10-23 23:10:00"
IOP,0.00035482,"2017-10-23 23:15:00"
IOP,0.00034625,"2017-10-23 23:20:00"
IOP,0.00034069,"2017-10-23 23:25:00"
IOP,0.000354,"2017-10-23 23:30:00"
IOP,0.00035005,"2017-10-23 23:35:00"
IOP,0.000349,"2017-10-23 23:40:00"
IOP,0.00034753,"2017-10-23 23:45:00"
IOP,0.00034753,"2017-10-23 23:50:00"
IOP,0.00035178,"2017-10-23 23:55:00"
IOP,0.00035178,"2017-10-24 00:00:00"
IOP,0.00035179,"2017-10-24 00:05:00"
IOP,0.0003418,"2017-10-24 00:10:00"
IOP,0.00034283,"2017-10-24 00:15:00"
IOP,0.00033943,"2017-10-24 00:20:00"
IOP,0.00035186,"2017-10-24 00:25:00"
IOP,0.00035164,"2017-10-24 00:30:00"
IOP,0.00034165,"2017-10-24 00:35:00"
IOP,0.00034543,"2017-10-24 00:40:00"
IOP,0.00034815,"2017-10-24 00:45:00"
IOP,0.00034162,"2017-10-24 00:50:00"
IOP,0.00033877,"2017-10-24 00:55:00"
IOP,0.00033877,"2017-10-24 01:00:00"
IOP,0.00034029,"2017-10-24 01:05:00"
IOP,0.00033518,"2017-10-24 01:10:00"
IOP,0.00034,"2017-10-24 01:15:00"
IOP,0.00034,"2017-10-24 01:20:00"
IOP,0.00034051,"2017-10-24 01:25:00"
IOP,0.00034082,"2017-10-24 01:30:00"
IOP,0.00034852,"2017-10-24 01:35:00"
IOP,0.00035546,"2017-10-24 01:40:00"
IOP,0.000356,"2017-10-24 01:45:00"
IOP,0.00035716,"2017-10-24 01:50:00"
IOP,0.00035989,"2017-10-24 01:55:00"
IOP,0.00035992,"2017-10-24 02:00:00"
IOP,0.00036206,"2017-10-24 02:05:00"
IOP,0.00035716,"2017-10-24 02:10:00"
IOP,0.00035716,"2017-10-24 02:15:00"
IOP,0.0003559,"2017-10-24 02:20:00"
IOP,0.00035326,"2017-10-24 02:25:00"
IOP,0.00035615,"2017-10-24 02:30:00"
IOP,0.0003571,"2017-10-24 02:35:00"
IOP,0.00035327,"2017-10-24 02:40:00"
IOP,0.00035328,"2017-10-24 02:45:00"
IOP,0.00035326,"2017-10-24 02:50:00"
IOP,0.00035833,"2017-10-24 02:55:00"
IOP,0.00035315,"2017-10-24 03:00:00"
IOP,0.00035315,"2017-10-24 03:05:00"
IOP,0.000351,"2017-10-24 03:10:00"
IOP,0.00035023,"2017-10-24 03:15:00"
IOP,0.00034855,"2017-10-24 03:20:00"
IOP,0.00036873,"2017-10-24 03:25:00"
IOP,0.00038327,"2017-10-24 03:30:00"
IOP,0.00039765,"2017-10-24 03:35:00"
IOP,0.00043,"2017-10-24 03:40:00"
IOP,0.00043323,"2017-10-24 03:45:00"
IOP,0.0004038,"2017-10-24 03:50:00"
IOP,0.00041516,"2017-10-24 03:55:00"
IOP,0.0004139,"2017-10-24 04:00:00"
IOP,0.00040093,"2017-10-24 04:05:00"
IOP,0.00039049,"2017-10-24 04:10:00"
IOP,0.000394,"2017-10-24 04:15:00"
IOP,0.00040009,"2017-10-24 04:20:00"
IOP,0.00043725,"2017-10-24 04:25:00"
IOP,0.00044399,"2017-10-24 04:30:00"
IOP,0.00043672,"2017-10-24 04:35:00"
IOP,0.00042517,"2017-10-24 04:40:00"
IOP,0.00044498,"2017-10-24 04:45:00"
IOP,0.0004287,"2017-10-24 04:50:00"
IOP,0.00042388,"2017-10-24 04:55:00"
IOP,0.000427,"2017-10-24 05:00:00"
IOP,0.00042,"2017-10-24 05:05:00"
IOP,0.000421,"2017-10-24 05:10:00"
IOP,0.00042105,"2017-10-24 05:15:00"
IOP,0.00042102,"2017-10-24 05:20:00"
IOP,0.00041569,"2017-10-24 05:25:00"
IOP,0.00041,"2017-10-24 05:30:00"
IOP,0.00040672,"2017-10-24 05:35:00"
IOP,0.000404,"2017-10-24 05:40:00"
IOP,0.00041,"2017-10-24 05:45:00"
IOP,0.00041411,"2017-10-24 05:50:00"
IOP,0.00041675,"2017-10-24 05:55:00"
IOP,0.00042132,"2017-10-24 06:00:00"
IOP,0.00042104,"2017-10-24 06:05:00"
IOP,0.0004201,"2017-10-24 06:10:00"
IOP,0.00042011,"2017-10-24 06:15:00"
IOP,0.00043132,"2017-10-24 06:20:00"
IOP,0.00043825,"2017-10-24 06:25:00"
IOP,0.00043898,"2017-10-24 06:30:00"
IOP,0.0004407,"2017-10-24 06:35:00"
IOP,0.00043821,"2017-10-24 06:40:00"
IOP,0.00043801,"2017-10-24 06:45:00"
IOP,0.00044506,"2017-10-24 06:50:00"
IOP,0.000443,"2017-10-24 06:55:00"
IOP,0.000445,"2017-10-24 07:00:00"
IOP,0.0004473,"2017-10-24 07:05:00"
IOP,0.00045999,"2017-10-24 07:10:00"
IOP,0.0004675,"2017-10-24 07:15:00"
IOP,0.00051388,"2017-10-24 07:20:00"
IOP,0.00049501,"2017-10-24 07:25:00"
IOP,0.000466,"2017-10-24 07:30:00"
IOP,0.00046648,"2017-10-24 07:35:00"
IOP,0.00047775,"2017-10-24 07:40:00"
IOP,0.00048389,"2017-10-24 07:45:00"
IOP,0.00048,"2017-10-24 07:50:00"
IOP,0.00048132,"2017-10-24 07:55:00"
IOP,0.00047297,"2017-10-24 08:00:00"
IOP,0.0004591,"2017-10-24 08:05:00"
IOP,0.000468,"2017-10-24 08:10:00"
IOP,0.00048613,"2017-10-24 08:15:00"
IOP,0.00047225,"2017-10-24 08:20:00"
IOP,0.00047999,"2017-10-24 08:25:00"
IOP,0.00047025,"2017-10-24 08:30:00"
IOP,0.00047,"2017-10-24 08:35:00"
IOP,0.00046833,"2017-10-24 08:40:00"
IOP,0.00046251,"2017-10-24 08:45:00"
IOP,0.00044799,"2017-10-24 08:50:00"
IOP,0.000468,"2017-10-24 08:55:00"
IOP,0.00045,"2017-10-24 09:00:00"
IOP,0.00045028,"2017-10-24 09:05:00"
IOP,0.0004503,"2017-10-24 09:10:00"
IOP,0.00045663,"2017-10-24 09:15:00"
IOP,0.00045348,"2017-10-24 09:20:00"
IOP,0.00045137,"2017-10-24 09:25:00"
IOP,0.00045347,"2017-10-24 09:30:00"
IOP,0.00045157,"2017-10-24 09:35:00"
IOP,0.0004563,"2017-10-24 09:40:00"
IOP,0.00046433,"2017-10-24 09:45:00"
IOP,0.0004643,"2017-10-24 09:50:00"
IOP,0.00046532,"2017-10-24 09:55:00"
IOP,0.00047,"2017-10-24 10:00:00"
IOP,0.00046431,"2017-10-24 10:05:00"
IOP,0.0004715,"2017-10-24 10:10:00"
IOP,0.00047,"2017-10-24 10:15:00"
IOP,0.000487,"2017-10-24 10:20:00"
IOP,0.0004852,"2017-10-24 10:25:00"
IOP,0.00047887,"2017-10-24 10:30:00"
IOP,0.00048518,"2017-10-24 10:35:00"
IOP,0.00050598,"2017-10-24 10:40:00"
IOP,0.00052001,"2017-10-24 10:45:00"
IOP,0.00052595,"2017-10-24 10:50:00"
IOP,0.00054009,"2017-10-24 10:55:00"
IOP,0.00053698,"2017-10-24 11:00:00"
IOP,0.00054499,"2017-10-24 11:05:00"
IOP,0.00052,"2017-10-24 11:10:00"
IOP,0.00051999,"2017-10-24 11:15:00"
IOP,0.000521,"2017-10-24 11:20:00"
IOP,0.00053,"2017-10-24 11:25:00"
IOP,0.00051341,"2017-10-24 11:30:00"
IOP,0.00050999,"2017-10-24 11:35:00"
IOP,0.00052558,"2017-10-24 11:40:00"
IOP,0.00052,"2017-10-24 11:45:00"
IOP,0.00052679,"2017-10-24 11:50:00"
IOP,0.00053645,"2017-10-24 11:55:00"
IOP,0.00052391,"2017-10-24 12:00:00"
IOP,0.0005205,"2017-10-24 12:05:00"
IOP,0.0005205,"2017-10-24 12:10:00"
IOP,0.00052574,"2017-10-24 12:15:00"
IOP,0.0005257,"2017-10-24 12:20:00"
IOP,0.00052,"2017-10-24 12:25:00"
IOP,0.00052,"2017-10-24 12:30:00"
IOP,0.00052011,"2017-10-24 12:35:00"
IOP,0.0005177,"2017-10-24 12:40:00"
IOP,0.00051116,"2017-10-24 12:45:00"
IOP,0.00051787,"2017-10-24 12:50:00"
IOP,0.00052009,"2017-10-24 12:55:00"
IOP,0.00052974,"2017-10-24 13:00:00"
IOP,0.000529,"2017-10-24 13:05:00"
IOP,0.00055046,"2017-10-24 13:10:00"
IOP,0.00053795,"2017-10-24 13:15:00"
IOP,0.00053794,"2017-10-24 13:20:00"
IOP,0.00054,"2017-10-24 13:25:00"
IOP,0.000534,"2017-10-24 13:30:00"
IOP,0.00053765,"2017-10-24 13:35:00"
IOP,0.00054802,"2017-10-24 13:40:00"
IOP,0.00054,"2017-10-24 13:45:00"
IOP,0.00053842,"2017-10-24 13:50:00"
IOP,0.000538,"2017-10-24 13:55:00"
IOP,0.000538,"2017-10-24 14:00:00"
IOP,0.00053613,"2017-10-24 14:05:00"
IOP,0.0005379,"2017-10-24 14:10:00"
IOP,0.0005361,"2017-10-24 14:15:00"
IOP,0.00053195,"2017-10-24 14:20:00"
IOP,0.00052702,"2017-10-24 14:25:00"
IOP,0.00052705,"2017-10-24 14:30:00"
IOP,0.000527,"2017-10-24 14:35:00"
IOP,0.00051776,"2017-10-24 14:40:00"
IOP,0.00050608,"2017-10-24 14:45:00"
IOP,0.00051258,"2017-10-24 14:50:00"
IOP,0.00050409,"2017-10-24 14:55:00"
IOP,0.00051045,"2017-10-24 15:00:00"
IOP,0.00051417,"2017-10-24 15:05:00"
IOP,0.00051496,"2017-10-24 15:10:00"
IOP,0.00051651,"2017-10-24 15:15:00"
IOP,0.00052042,"2017-10-24 15:20:00"
IOP,0.0005195,"2017-10-24 15:25:00"
IOP,0.0005195,"2017-10-24 15:30:00"
IOP,0.00052269,"2017-10-24 15:35:00"
IOP,0.00051001,"2017-10-24 15:40:00"
IOP,0.00051186,"2017-10-24 15:45:00"
IOP,0.000513,"2017-10-24 15:50:00"
IOP,0.00052,"2017-10-24 15:55:00"
IOP,0.00051971,"2017-10-24 16:00:00"
IOP,0.00051917,"2017-10-24 16:05:00"
IOP,0.00051244,"2017-10-24 16:10:00"
IOP,0.0005118,"2017-10-24 16:15:00"
IOP,0.00051244,"2017-10-24 16:20:00"
IOP,0.00051199,"2017-10-24 16:25:00"
IOP,0.00051244,"2017-10-24 16:30:00"
IOP,0.0005,"2017-10-24 16:35:00"
IOP,0.000483,"2017-10-24 16:40:00"
IOP,0.00048402,"2017-10-24 16:45:00"
IOP,0.00048179,"2017-10-24 16:50:00"
IOP,0.00049,"2017-10-24 16:55:00"
IOP,0.00051114,"2017-10-24 17:00:00"
IOP,0.00050662,"2017-10-24 17:05:00"
IOP,0.00051,"2017-10-24 17:10:00"
IOP,0.00051001,"2017-10-24 17:15:00"
IOP,0.00051089,"2017-10-24 17:20:00"
IOP,0.000518,"2017-10-24 17:25:00"
IOP,0.00050087,"2017-10-24 17:30:00"
IOP,0.000502,"2017-10-24 17:35:00"
IOP,0.00049805,"2017-10-24 17:40:00"
IOP,0.00049992,"2017-10-24 17:45:00"
IOP,0.0005,"2017-10-24 17:50:00"
IOP,0.00049764,"2017-10-24 17:55:00"
IOP,0.0004968,"2017-10-24 18:00:00"
IOP,0.00049,"2017-10-24 18:05:00"
IOP,0.00048866,"2017-10-24 18:10:00"
IOP,0.00048854,"2017-10-24 18:15:00"
IOP,0.000492,"2017-10-24 18:20:00"
IOP,0.00049002,"2017-10-24 18:25:00"
IOP,0.00049371,"2017-10-24 18:30:00"
IOP,0.00049355,"2017-10-24 18:35:00"
IOP,0.00048998,"2017-10-24 18:40:00"
IOP,0.00048503,"2017-10-24 18:45:00"
IOP,0.00049371,"2017-10-24 18:50:00"
IOP,0.00050273,"2017-10-24 18:55:00"
IOP,0.0005048,"2017-10-24 19:00:00"
IOP,0.00049271,"2017-10-24 19:05:00"
IOP,0.00048841,"2017-10-24 19:10:00"
IOP,0.00050578,"2017-10-24 19:15:00"
IOP,0.00049792,"2017-10-24 19:20:00"
IOP,0.0004909,"2017-10-24 19:25:00"
IOP,0.0004906,"2017-10-24 19:30:00"
IOP,0.00048604,"2017-10-24 19:35:00"
IOP,0.000485,"2017-10-24 19:40:00"
IOP,0.00048975,"2017-10-24 19:45:00"
IOP,0.00048975,"2017-10-24 19:50:00"
IOP,0.0004897,"2017-10-24 19:55:00"
IOP,0.00048975,"2017-10-24 20:00:00"
IOP,0.00048975,"2017-10-24 20:05:00"
IOP,0.00048996,"2017-10-24 20:10:00"
IOP,0.00048975,"2017-10-24 20:15:00"
IOP,0.000486,"2017-10-24 20:20:00"
IOP,0.000486,"2017-10-24 20:25:00"
IOP,0.00048987,"2017-10-24 20:30:00"
IOP,0.0004962,"2017-10-24 20:35:00"
IOP,0.00048987,"2017-10-24 20:40:00"
IOP,0.0004853,"2017-10-24 20:45:00"
IOP,0.00048,"2017-10-24 20:50:00"
IOP,0.00047929,"2017-10-24 20:55:00"
IOP,0.00048017,"2017-10-24 21:00:00"
IOP,0.00048779,"2017-10-24 21:05:00"
IOP,0.000492,"2017-10-24 21:10:00"
IOP,0.00048361,"2017-10-24 21:15:00"
IOP,0.00049103,"2017-10-24 21:20:00"
IOP,0.00049052,"2017-10-24 21:25:00"
IOP,0.000485,"2017-10-24 21:30:00"
IOP,0.000482,"2017-10-24 21:35:00"
IOP,0.0004905,"2017-10-24 21:40:00"
IOP,0.00048544,"2017-10-24 21:45:00"
IOP,0.00049077,"2017-10-24 21:50:00"
IOP,0.00049103,"2017-10-24 21:55:00"
IOP,0.00049095,"2017-10-24 22:00:00"
IOP,0.0004956,"2017-10-24 22:05:00"
IOP,0.00049563,"2017-10-24 22:10:00"
IOP,0.00051214,"2017-10-24 22:15:00"
IOP,0.00051217,"2017-10-24 22:20:00"
IOP,0.000515,"2017-10-24 22:25:00"
IOP,0.0005165,"2017-10-24 22:30:00"
IOP,0.000505,"2017-10-24 22:35:00"
IOP,0.0005068,"2017-10-24 22:40:00"
IOP,0.000507,"2017-10-24 22:45:00"
IOP,0.00050692,"2017-10-24 22:50:00"
IOP,0.000512,"2017-10-24 22:55:00"
IOP,0.00051587,"2017-10-24 23:00:00"
IOP,0.00051655,"2017-10-24 23:05:00"
IOP,0.00051658,"2017-10-24 23:10:00"
IOP,0.000519,"2017-10-24 23:15:00"
IOP,0.00052,"2017-10-24 23:20:00"
IOP,0.00050966,"2017-10-24 23:25:00"
IOP,0.000509,"2017-10-24 23:30:00"
IOP,0.0005086,"2017-10-24 23:35:00"
IOP,0.000521,"2017-10-24 23:40:00"
IOP,0.00052526,"2017-10-24 23:45:00"
IOP,0.000535,"2017-10-24 23:50:00"
IOP,0.00054608,"2017-10-24 23:55:00"
IOP,0.000536,"2017-10-25 00:00:00"
IOP,0.0005151,"2017-10-25 00:05:00"
IOP,0.000549,"2017-10-25 00:10:00"
IOP,0.00052888,"2017-10-25 00:15:00"
IOP,0.0005161,"2017-10-25 00:20:00"
IOP,0.00052009,"2017-10-25 00:25:00"
IOP,0.0005209,"2017-10-25 00:30:00"
IOP,0.000526,"2017-10-25 00:35:00"
IOP,0.000522,"2017-10-25 00:40:00"
IOP,0.00052095,"2017-10-25 00:45:00"
IOP,0.000522,"2017-10-25 00:50:00"
IOP,0.00052544,"2017-10-25 00:55:00"
IOP,0.00053594,"2017-10-25 01:00:00"
IOP,0.00052609,"2017-10-25 01:05:00"
IOP,0.0005329,"2017-10-25 01:10:00"
IOP,0.000534,"2017-10-25 01:15:00"
IOP,0.00052786,"2017-10-25 01:20:00"
IOP,0.000523,"2017-10-25 01:25:00"
IOP,0.00052207,"2017-10-25 01:30:00"
IOP,0.00052,"2017-10-25 01:35:00"
IOP,0.00051841,"2017-10-25 01:40:00"
IOP,0.00051908,"2017-10-25 01:45:00"
IOP,0.00051907,"2017-10-25 01:50:00"
IOP,0.00052085,"2017-10-25 01:55:00"
IOP,0.00052077,"2017-10-25 02:00:00"
IOP,0.00052077,"2017-10-25 02:05:00"
IOP,0.00052077,"2017-10-25 02:10:00"
IOP,0.00052077,"2017-10-25 02:15:00"
IOP,0.00051752,"2017-10-25 02:20:00"
IOP,0.00051604,"2017-10-25 02:25:00"
IOP,0.000516,"2017-10-25 02:30:00"
IOP,0.00052457,"2017-10-25 02:35:00"
IOP,0.00051801,"2017-10-25 02:40:00"
IOP,0.00051806,"2017-10-25 02:45:00"
IOP,0.0005003,"2017-10-25 02:50:00"
IOP,0.000494,"2017-10-25 02:55:00"
IOP,0.00049948,"2017-10-25 03:00:00"
IOP,0.00050025,"2017-10-25 03:05:00"
IOP,0.00051376,"2017-10-25 03:10:00"
IOP,0.00051189,"2017-10-25 03:15:00"
IOP,0.00050386,"2017-10-25 03:20:00"
IOP,0.00050688,"2017-10-25 03:25:00"
IOP,0.00050671,"2017-10-25 03:30:00"
IOP,0.0005,"2017-10-25 03:35:00"
IOP,0.00050687,"2017-10-25 03:40:00"
IOP,0.00050686,"2017-10-25 03:45:00"
IOP,0.0004902,"2017-10-25 03:50:00"
IOP,0.00049022,"2017-10-25 03:55:00"
IOP,0.00048915,"2017-10-25 04:00:00"
IOP,0.00049438,"2017-10-25 04:05:00"
IOP,0.000498,"2017-10-25 04:10:00"
IOP,0.00049439,"2017-10-25 04:15:00"
IOP,0.00049836,"2017-10-25 04:20:00"
IOP,0.0005024,"2017-10-25 04:25:00"
IOP,0.00051014,"2017-10-25 04:30:00"
IOP,0.00050999,"2017-10-25 04:35:00"
IOP,0.0005125,"2017-10-25 04:40:00"
IOP,0.00050848,"2017-10-25 04:45:00"
IOP,0.00050722,"2017-10-25 04:50:00"
IOP,0.00050833,"2017-10-25 04:55:00"
IOP,0.00050723,"2017-10-25 05:00:00"
IOP,0.00050723,"2017-10-25 05:05:00"
IOP,0.00050722,"2017-10-25 05:10:00"
IOP,0.0005152,"2017-10-25 05:15:00"
IOP,0.00051545,"2017-10-25 05:20:00"
IOP,0.000515,"2017-10-25 05:25:00"
IOP,0.00051989,"2017-10-25 05:30:00"
IOP,0.00052037,"2017-10-25 05:35:00"
IOP,0.00052196,"2017-10-25 05:40:00"
IOP,0.00052199,"2017-10-25 05:45:00"
IOP,0.000525,"2017-10-25 05:50:00"
IOP,0.00052381,"2017-10-25 05:55:00"
IOP,0.00052381,"2017-10-25 06:00:00"
IOP,0.000522,"2017-10-25 06:05:00"
IOP,0.00051,"2017-10-25 06:10:00"
IOP,0.00050637,"2017-10-25 06:15:00"
IOP,0.00050282,"2017-10-25 06:20:00"
IOP,0.000497,"2017-10-25 06:25:00"
IOP,0.00049488,"2017-10-25 06:30:00"
IOP,0.00049139,"2017-10-25 06:35:00"
IOP,0.00050401,"2017-10-25 06:40:00"
IOP,0.00049664,"2017-10-25 06:45:00"
IOP,0.00049559,"2017-10-25 06:50:00"
IOP,0.00049559,"2017-10-25 06:55:00"
IOP,0.00050157,"2017-10-25 07:00:00"
IOP,0.0005,"2017-10-25 07:05:00"
IOP,0.000496,"2017-10-25 07:10:00"
IOP,0.00049504,"2017-10-25 07:15:00"
IOP,0.00049139,"2017-10-25 07:20:00"
IOP,0.00049,"2017-10-25 07:25:00"
IOP,0.00049,"2017-10-25 07:30:00"
IOP,0.00049051,"2017-10-25 07:35:00"
IOP,0.00049,"2017-10-25 07:40:00"
IOP,0.00048591,"2017-10-25 07:45:00"
IOP,0.00048901,"2017-10-25 07:50:00"
IOP,0.00049317,"2017-10-25 07:55:00"
IOP,0.00049191,"2017-10-25 08:00:00"
IOP,0.00049185,"2017-10-25 08:05:00"
IOP,0.00048721,"2017-10-25 08:10:00"
IOP,0.00048769,"2017-10-25 08:15:00"
IOP,0.00048858,"2017-10-25 08:20:00"
IOP,0.00049482,"2017-10-25 08:25:00"
IOP,0.00049035,"2017-10-25 08:30:00"
IOP,0.0005,"2017-10-25 08:35:00"
IOP,0.00050137,"2017-10-25 08:40:00"
IOP,0.00050119,"2017-10-25 08:45:00"
IOP,0.00049261,"2017-10-25 08:50:00"
IOP,0.00050004,"2017-10-25 08:55:00"
IOP,0.00049999,"2017-10-25 09:00:00"
IOP,0.00050148,"2017-10-25 09:05:00"
IOP,0.00050165,"2017-10-25 09:10:00"
IOP,0.000503,"2017-10-25 09:15:00"
IOP,0.00050762,"2017-10-25 09:20:00"
IOP,0.00050762,"2017-10-25 09:25:00"
IOP,0.0005098,"2017-10-25 09:30:00"
IOP,0.00051138,"2017-10-25 09:35:00"
IOP,0.00051309,"2017-10-25 09:40:00"
IOP,0.00050623,"2017-10-25 09:45:00"
IOP,0.0005135,"2017-10-25 09:50:00"
IOP,0.00050762,"2017-10-25 09:55:00"
IOP,0.00050512,"2017-10-25 10:00:00"
IOP,0.00051138,"2017-10-25 10:05:00"
IOP,0.00050005,"2017-10-25 10:10:00"
IOP,0.000498,"2017-10-25 10:15:00"
IOP,0.000489,"2017-10-25 10:20:00"
IOP,0.00049778,"2017-10-25 10:25:00"
IOP,0.00049236,"2017-10-25 10:30:00"
IOP,0.00049236,"2017-10-25 10:35:00"
IOP,0.00049236,"2017-10-25 10:40:00"
IOP,0.00049236,"2017-10-25 10:45:00"
IOP,0.00049236,"2017-10-25 10:50:00"
IOP,0.00049088,"2017-10-25 10:55:00"
IOP,0.00048891,"2017-10-25 11:00:00"
IOP,0.0004962,"2017-10-25 11:05:00"
IOP,0.00049747,"2017-10-25 11:10:00"
IOP,0.0004962,"2017-10-25 11:15:00"
IOP,0.00049616,"2017-10-25 11:20:00"
IOP,0.000482,"2017-10-25 11:25:00"
IOP,0.000485,"2017-10-25 11:30:00"
IOP,0.00049249,"2017-10-25 11:35:00"
IOP,0.000492,"2017-10-25 11:40:00"
IOP,0.00049198,"2017-10-25 11:45:00"
IOP,0.00049,"2017-10-25 11:50:00"
IOP,0.00048996,"2017-10-25 11:55:00"
IOP,0.0004895,"2017-10-25 12:00:00"
IOP,0.00048998,"2017-10-25 12:05:00"
IOP,0.0004895,"2017-10-25 12:10:00"
IOP,0.00048401,"2017-10-25 12:15:00"
IOP,0.00048401,"2017-10-25 12:20:00"
IOP,0.00048888,"2017-10-25 12:25:00"
IOP,0.00048404,"2017-10-25 12:30:00"
IOP,0.00048002,"2017-10-25 12:35:00"
IOP,0.000483,"2017-10-25 12:40:00"
IOP,0.000489,"2017-10-25 12:45:00"
IOP,0.00048836,"2017-10-25 12:50:00"
IOP,0.00048536,"2017-10-25 12:55:00"
IOP,0.00048796,"2017-10-25 13:00:00"
IOP,0.00048212,"2017-10-25 13:05:00"
IOP,0.00048191,"2017-10-25 13:10:00"
IOP,0.00048111,"2017-10-25 13:15:00"
IOP,0.0004821,"2017-10-25 13:20:00"
IOP,0.00048398,"2017-10-25 13:25:00"
IOP,0.00048906,"2017-10-25 13:30:00"
IOP,0.00049199,"2017-10-25 13:35:00"
IOP,0.000493,"2017-10-25 13:40:00"
IOP,0.00049392,"2017-10-25 13:45:00"
IOP,0.0004935,"2017-10-25 13:50:00"
IOP,0.000495,"2017-10-25 13:55:00"
IOP,0.000495,"2017-10-25 14:00:00"
IOP,0.000499,"2017-10-25 14:05:00"
IOP,0.0004995,"2017-10-25 14:10:00"
IOP,0.00050114,"2017-10-25 14:15:00"
IOP,0.00050458,"2017-10-25 14:20:00"
IOP,0.00050452,"2017-10-25 14:25:00"
IOP,0.00050115,"2017-10-25 14:30:00"
IOP,0.00050115,"2017-10-25 14:35:00"
IOP,0.00048737,"2017-10-25 14:40:00"
IOP,0.00046985,"2017-10-25 14:45:00"
IOP,0.00048218,"2017-10-25 14:50:00"
IOP,0.00048024,"2017-10-25 14:55:00"
IOP,0.00047995,"2017-10-25 15:00:00"
IOP,0.00047791,"2017-10-25 15:05:00"
IOP,0.00047502,"2017-10-25 15:10:00"
IOP,0.000472,"2017-10-25 15:15:00"
IOP,0.00047491,"2017-10-25 15:20:00"
IOP,0.00047501,"2017-10-25 15:25:00"
IOP,0.00047502,"2017-10-25 15:30:00"
IOP,0.00047993,"2017-10-25 15:35:00"
IOP,0.00048001,"2017-10-25 15:40:00"
IOP,0.00048,"2017-10-25 15:45:00"
IOP,0.00048001,"2017-10-25 15:50:00"
IOP,0.00048049,"2017-10-25 15:55:00"
IOP,0.0004825,"2017-10-25 16:00:00"
IOP,0.00047507,"2017-10-25 16:05:00"
IOP,0.00047502,"2017-10-25 16:10:00"
IOP,0.00048147,"2017-10-25 16:15:00"
IOP,0.000477,"2017-10-25 16:20:00"
IOP,0.00047005,"2017-10-25 16:25:00"
IOP,0.000477,"2017-10-25 16:30:00"
IOP,0.000477,"2017-10-25 16:35:00"
IOP,0.000477,"2017-10-25 16:40:00"
IOP,0.00048195,"2017-10-25 16:45:00"
IOP,0.00048192,"2017-10-25 16:50:00"
IOP,0.00048192,"2017-10-25 16:55:00"
IOP,0.00047777,"2017-10-25 17:00:00"
IOP,0.00048191,"2017-10-25 17:05:00"
IOP,0.00047797,"2017-10-25 17:10:00"
IOP,0.00048239,"2017-10-25 17:15:00"
IOP,0.0004824,"2017-10-25 17:20:00"
IOP,0.00048248,"2017-10-25 17:25:00"
IOP,0.00047797,"2017-10-25 17:30:00"
IOP,0.00048298,"2017-10-25 17:35:00"
IOP,0.00048277,"2017-10-25 17:40:00"
IOP,0.000475,"2017-10-25 17:45:00"
IOP,0.00047503,"2017-10-25 17:50:00"
IOP,0.00047508,"2017-10-25 17:55:00"
IOP,0.00047526,"2017-10-25 18:00:00"
IOP,0.0004752,"2017-10-25 18:05:00"
IOP,0.00047302,"2017-10-25 18:10:00"
IOP,0.0004689,"2017-10-25 18:15:00"
IOP,0.00046611,"2017-10-25 18:20:00"
IOP,0.00047001,"2017-10-25 18:25:00"
IOP,0.00047001,"2017-10-25 18:30:00"
IOP,0.00046701,"2017-10-25 18:35:00"
IOP,0.00046701,"2017-10-25 18:40:00"
IOP,0.00047172,"2017-10-25 18:45:00"
IOP,0.00047511,"2017-10-25 18:50:00"
IOP,0.00046547,"2017-10-25 18:55:00"
IOP,0.00047289,"2017-10-25 19:00:00"
IOP,0.00047,"2017-10-25 19:05:00"
IOP,0.00047001,"2017-10-25 19:10:00"
IOP,0.0004715,"2017-10-25 19:15:00"
IOP,0.00047302,"2017-10-25 19:20:00"
IOP,0.00048017,"2017-10-25 19:25:00"
IOP,0.00048017,"2017-10-25 19:30:00"
IOP,0.00048016,"2017-10-25 19:35:00"
IOP,0.0004821,"2017-10-25 19:40:00"
IOP,0.00048208,"2017-10-25 19:45:00"
IOP,0.00047314,"2017-10-25 19:50:00"
IOP,0.00047802,"2017-10-25 19:55:00"
IOP,0.00047807,"2017-10-25 20:00:00"
IOP,0.00048205,"2017-10-25 20:05:00"
IOP,0.00048215,"2017-10-25 20:10:00"
IOP,0.00048272,"2017-10-25 20:15:00"
IOP,0.0004835,"2017-10-25 20:20:00"
IOP,0.0004865,"2017-10-25 20:25:00"
IOP,0.00048607,"2017-10-25 20:30:00"
IOP,0.00048672,"2017-10-25 20:35:00"
IOP,0.0004879,"2017-10-25 20:40:00"
IOP,0.000485,"2017-10-25 20:45:00"
IOP,0.00047772,"2017-10-25 20:50:00"
IOP,0.00047772,"2017-10-25 20:55:00"
IOP,0.000487,"2017-10-25 21:00:00"
IOP,0.00048026,"2017-10-25 21:05:00"
IOP,0.00048529,"2017-10-25 21:10:00"
IOP,0.00048529,"2017-10-25 21:15:00"
IOP,0.00048529,"2017-10-25 21:20:00"
IOP,0.00048025,"2017-10-25 21:25:00"
IOP,0.0004799,"2017-10-25 21:30:00"
IOP,0.00048431,"2017-10-25 21:35:00"
IOP,0.00048463,"2017-10-25 21:40:00"
IOP,0.00048,"2017-10-25 21:45:00"
IOP,0.00048537,"2017-10-25 21:50:00"
IOP,0.00048529,"2017-10-25 21:55:00"
IOP,0.00048,"2017-10-25 22:00:00"
IOP,0.0004802,"2017-10-25 22:05:00"
IOP,0.000481,"2017-10-25 22:10:00"
IOP,0.0004801,"2017-10-25 22:15:00"
IOP,0.000484,"2017-10-25 22:20:00"
IOP,0.00048001,"2017-10-25 22:25:00"
IOP,0.00048001,"2017-10-25 22:30:00"
IOP,0.00048001,"2017-10-25 22:35:00"
IOP,0.00047664,"2017-10-25 22:40:00"
IOP,0.0004755,"2017-10-25 22:45:00"
IOP,0.00047506,"2017-10-25 22:50:00"
IOP,0.00047492,"2017-10-25 22:55:00"
IOP,0.00047874,"2017-10-25 23:00:00"
IOP,0.00047366,"2017-10-25 23:05:00"
IOP,0.00047369,"2017-10-25 23:10:00"
IOP,0.00047796,"2017-10-25 23:15:00"
IOP,0.00046001,"2017-10-25 23:20:00"
IOP,0.00045976,"2017-10-25 23:25:00"
IOP,0.00047,"2017-10-25 23:30:00"
IOP,0.00047426,"2017-10-25 23:35:00"
IOP,0.00047105,"2017-10-25 23:40:00"
IOP,0.0004743,"2017-10-25 23:45:00"
IOP,0.000471,"2017-10-25 23:50:00"
IOP,0.000471,"2017-10-25 23:55:00"
IOP,0.000472,"2017-10-26 00:00:00"
IOP,0.00047431,"2017-10-26 00:05:00"
IOP,0.000475,"2017-10-26 00:10:00"
IOP,0.00047501,"2017-10-26 00:15:00"
IOP,0.000472,"2017-10-26 00:20:00"
IOP,0.0004789,"2017-10-26 00:25:00"
IOP,0.00047666,"2017-10-26 00:30:00"
IOP,0.00047413,"2017-10-26 00:35:00"
IOP,0.00047413,"2017-10-26 00:40:00"
IOP,0.00047413,"2017-10-26 00:45:00"
IOP,0.00049,"2017-10-26 00:50:00"
IOP,0.000494,"2017-10-26 00:55:00"
IOP,0.00048018,"2017-10-26 01:00:00"
IOP,0.00048961,"2017-10-26 01:05:00"
IOP,0.00048628,"2017-10-26 01:10:00"
IOP,0.00048602,"2017-10-26 01:15:00"
IOP,0.00048482,"2017-10-26 01:20:00"
IOP,0.00047927,"2017-10-26 01:25:00"
IOP,0.00048386,"2017-10-26 01:30:00"
IOP,0.00047991,"2017-10-26 01:35:00"
IOP,0.00049079,"2017-10-26 01:40:00"
IOP,0.00048587,"2017-10-26 01:45:00"
IOP,0.00049255,"2017-10-26 01:50:00"
IOP,0.00049255,"2017-10-26 01:55:00"
IOP,0.00049255,"2017-10-26 02:00:00"
IOP,0.00049255,"2017-10-26 02:05:00"
IOP,0.00048587,"2017-10-26 02:10:00"
IOP,0.00048584,"2017-10-26 02:15:00"
IOP,0.00047993,"2017-10-26 02:20:00"
IOP,0.00048146,"2017-10-26 02:25:00"
IOP,0.00048255,"2017-10-26 02:30:00"
IOP,0.00048292,"2017-10-26 02:35:00"
IOP,0.00048888,"2017-10-26 02:40:00"
IOP,0.00048888,"2017-10-26 02:45:00"
IOP,0.00048211,"2017-10-26 02:50:00"
IOP,0.00048215,"2017-10-26 02:55:00"
IOP,0.00048856,"2017-10-26 03:00:00"
IOP,0.00047924,"2017-10-26 03:05:00"
IOP,0.000479,"2017-10-26 03:10:00"
IOP,0.00047688,"2017-10-26 03:15:00"
IOP,0.00047564,"2017-10-26 03:20:00"
IOP,0.00047287,"2017-10-26 03:25:00"
IOP,0.00047184,"2017-10-26 03:30:00"
IOP,0.00047184,"2017-10-26 03:35:00"
IOP,0.00046714,"2017-10-26 03:40:00"
IOP,0.00047178,"2017-10-26 03:45:00"
IOP,0.00047178,"2017-10-26 03:50:00"
IOP,0.00047178,"2017-10-26 03:55:00"
IOP,0.00047173,"2017-10-26 04:00:00"
IOP,0.000467,"2017-10-26 04:05:00"
IOP,0.000465,"2017-10-26 04:10:00"
IOP,0.00046978,"2017-10-26 04:15:00"
IOP,0.00046979,"2017-10-26 04:20:00"
IOP,0.00046979,"2017-10-26 04:25:00"
IOP,0.00046643,"2017-10-26 04:30:00"
IOP,0.00047196,"2017-10-26 04:35:00"
IOP,0.00047196,"2017-10-26 04:40:00"
IOP,0.000466,"2017-10-26 04:45:00"
IOP,0.000466,"2017-10-26 04:50:00"
IOP,0.00046525,"2017-10-26 04:55:00"
IOP,0.000465,"2017-10-26 05:00:00"
IOP,0.00046502,"2017-10-26 05:05:00"
IOP,0.00046504,"2017-10-26 05:10:00"
IOP,0.000472,"2017-10-26 05:15:00"
IOP,0.000473,"2017-10-26 05:20:00"
IOP,0.00047309,"2017-10-26 05:25:00"
IOP,0.00047309,"2017-10-26 05:30:00"
IOP,0.00047509,"2017-10-26 05:35:00"
IOP,0.00048474,"2017-10-26 05:40:00"
IOP,0.00048476,"2017-10-26 05:45:00"
IOP,0.00048,"2017-10-26 05:50:00"
IOP,0.00046502,"2017-10-26 05:55:00"
IOP,0.00046544,"2017-10-26 06:00:00"
IOP,0.000466,"2017-10-26 06:05:00"
IOP,0.00046602,"2017-10-26 06:10:00"
IOP,0.00046608,"2017-10-26 06:15:00"
IOP,0.0004661,"2017-10-26 06:20:00"
IOP,0.0004662,"2017-10-26 06:25:00"
IOP,0.0004662,"2017-10-26 06:30:00"
IOP,0.00047226,"2017-10-26 06:35:00"
IOP,0.0004665,"2017-10-26 06:40:00"
IOP,0.00047211,"2017-10-26 06:45:00"
IOP,0.00047211,"2017-10-26 06:50:00"
IOP,0.00047211,"2017-10-26 06:55:00"
IOP,0.00047211,"2017-10-26 07:00:00"
IOP,0.00046999,"2017-10-26 07:05:00"
IOP,0.00046999,"2017-10-26 07:10:00"
IOP,0.00047137,"2017-10-26 07:15:00"
IOP,0.00047147,"2017-10-26 07:20:00"
IOP,0.00047123,"2017-10-26 07:25:00"
IOP,0.00047525,"2017-10-26 07:30:00"
IOP,0.0004771,"2017-10-26 07:35:00"
IOP,0.00048336,"2017-10-26 07:40:00"
IOP,0.00048377,"2017-10-26 07:45:00"
IOP,0.00048377,"2017-10-26 07:50:00"
IOP,0.00048049,"2017-10-26 07:55:00"
IOP,0.00048049,"2017-10-26 08:00:00"
IOP,0.00048049,"2017-10-26 08:05:00"
IOP,0.00048521,"2017-10-26 08:10:00"
IOP,0.00048521,"2017-10-26 08:15:00"
IOP,0.00048499,"2017-10-26 08:20:00"
IOP,0.00048499,"2017-10-26 08:25:00"
IOP,0.00048499,"2017-10-26 08:30:00"
IOP,0.00048521,"2017-10-26 08:35:00"
IOP,0.00048049,"2017-10-26 08:40:00"
IOP,0.00048,"2017-10-26 08:45:00"
IOP,0.00047917,"2017-10-26 08:50:00"
IOP,0.0004786,"2017-10-26 08:55:00"
IOP,0.0004786,"2017-10-26 09:00:00"
IOP,0.00047723,"2017-10-26 09:05:00"
IOP,0.0004841,"2017-10-26 09:10:00"
IOP,0.0004841,"2017-10-26 09:15:00"
IOP,0.00047819,"2017-10-26 09:20:00"
IOP,0.00047819,"2017-10-26 09:25:00"
IOP,0.0004771,"2017-10-26 09:30:00"
IOP,0.0004771,"2017-10-26 09:35:00"
IOP,0.0004771,"2017-10-26 09:40:00"
IOP,0.00047773,"2017-10-26 09:45:00"
IOP,0.00047773,"2017-10-26 09:50:00"
IOP,0.00047819,"2017-10-26 09:55:00"
IOP,0.00048186,"2017-10-26 10:00:00"
IOP,0.00048186,"2017-10-26 10:05:00"
IOP,0.00048183,"2017-10-26 10:10:00"
IOP,0.00048183,"2017-10-26 10:15:00"
IOP,0.00048434,"2017-10-26 10:20:00"
IOP,0.0004852,"2017-10-26 10:25:00"
IOP,0.00047574,"2017-10-26 10:30:00"
IOP,0.00048151,"2017-10-26 10:35:00"
IOP,0.00047602,"2017-10-26 10:40:00"
IOP,0.00047603,"2017-10-26 10:45:00"
IOP,0.00047603,"2017-10-26 10:50:00"
IOP,0.0004761,"2017-10-26 10:55:00"
IOP,0.0004761,"2017-10-26 11:00:00"
IOP,0.00048,"2017-10-26 11:05:00"
IOP,0.0004815,"2017-10-26 11:10:00"
IOP,0.0004852,"2017-10-26 11:15:00"
IOP,0.00048543,"2017-10-26 11:20:00"
IOP,0.0004853,"2017-10-26 11:25:00"
IOP,0.000488,"2017-10-26 11:30:00"
IOP,0.000488,"2017-10-26 11:35:00"
IOP,0.000488,"2017-10-26 11:40:00"
IOP,0.00048961,"2017-10-26 11:45:00"
IOP,0.00048961,"2017-10-26 11:50:00"
IOP,0.00048964,"2017-10-26 11:55:00"
IOP,0.00049,"2017-10-26 12:00:00"
IOP,0.00048957,"2017-10-26 12:05:00"
IOP,0.0004896,"2017-10-26 12:10:00"
IOP,0.0004855,"2017-10-26 12:15:00"
IOP,0.00048891,"2017-10-26 12:20:00"
IOP,0.00048559,"2017-10-26 12:25:00"
IOP,0.00048557,"2017-10-26 12:30:00"
IOP,0.00049001,"2017-10-26 12:35:00"
IOP,0.00048863,"2017-10-26 12:40:00"
IOP,0.00048863,"2017-10-26 12:45:00"
IOP,0.00048863,"2017-10-26 12:50:00"
IOP,0.00048863,"2017-10-26 12:55:00"
IOP,0.00049,"2017-10-26 13:00:00"
IOP,0.00049098,"2017-10-26 13:05:00"
IOP,0.00048999,"2017-10-26 13:10:00"
IOP,0.00049,"2017-10-26 13:15:00"
IOP,0.000484,"2017-10-26 13:20:00"
IOP,0.000482,"2017-10-26 13:25:00"
IOP,0.0004819,"2017-10-26 13:30:00"
IOP,0.0004819,"2017-10-26 13:35:00"
IOP,0.000472,"2017-10-26 13:40:00"
IOP,0.0004721,"2017-10-26 13:45:00"
IOP,0.00048038,"2017-10-26 13:50:00"
IOP,0.00047206,"2017-10-26 13:55:00"
IOP,0.00048003,"2017-10-26 14:00:00"
IOP,0.0004721,"2017-10-26 14:05:00"
IOP,0.000472,"2017-10-26 14:10:00"
IOP,0.00047002,"2017-10-26 14:15:00"
IOP,0.00046638,"2017-10-26 14:20:00"
IOP,0.00046523,"2017-10-26 14:25:00"
IOP,0.000462,"2017-10-26 14:30:00"
IOP,0.00044817,"2017-10-26 14:35:00"
IOP,0.00044992,"2017-10-26 14:40:00"
IOP,0.00044841,"2017-10-26 14:45:00"
IOP,0.00047749,"2017-10-26 14:50:00"
IOP,0.00047999,"2017-10-26 14:55:00"
IOP,0.00047151,"2017-10-26 15:00:00"
IOP,0.00047643,"2017-10-26 15:05:00"
IOP,0.0004691,"2017-10-26 15:10:00"
IOP,0.00045501,"2017-10-26 15:15:00"
IOP,0.00045911,"2017-10-26 15:20:00"
IOP,0.00046792,"2017-10-26 15:25:00"
IOP,0.00046888,"2017-10-26 15:30:00"
IOP,0.00046601,"2017-10-26 15:35:00"
IOP,0.00046601,"2017-10-26 15:40:00"
IOP,0.000464,"2017-10-26 15:45:00"
IOP,0.00046401,"2017-10-26 15:50:00"
IOP,0.00046501,"2017-10-26 15:55:00"
IOP,0.000465,"2017-10-26 16:00:00"
IOP,0.00046501,"2017-10-26 16:05:00"
IOP,0.000469,"2017-10-26 16:10:00"
IOP,0.00046951,"2017-10-26 16:15:00"
IOP,0.00046951,"2017-10-26 16:20:00"
IOP,0.000469,"2017-10-26 16:25:00"
IOP,0.000466,"2017-10-26 16:30:00"
IOP,0.000466,"2017-10-26 16:35:00"
IOP,0.00046502,"2017-10-26 16:40:00"
IOP,0.000465,"2017-10-26 16:45:00"
IOP,0.000465,"2017-10-26 16:50:00"
IOP,0.00046,"2017-10-26 16:55:00"
IOP,0.00045503,"2017-10-26 17:00:00"
IOP,0.00045555,"2017-10-26 17:05:00"
IOP,0.00045555,"2017-10-26 17:10:00"
IOP,0.00045675,"2017-10-26 17:15:00"
IOP,0.00045674,"2017-10-26 17:20:00"
IOP,0.00045674,"2017-10-26 17:25:00"
IOP,0.00045675,"2017-10-26 17:30:00"
IOP,0.00045675,"2017-10-26 17:35:00"
IOP,0.00046996,"2017-10-26 17:40:00"
IOP,0.00046064,"2017-10-26 17:45:00"
IOP,0.00045674,"2017-10-26 17:50:00"
IOP,0.00046,"2017-10-26 17:55:00"
IOP,0.000455,"2017-10-26 18:00:00"
IOP,0.00046001,"2017-10-26 18:05:00"
IOP,0.00045756,"2017-10-26 18:10:00"
IOP,0.00045639,"2017-10-26 18:15:00"
IOP,0.0004564,"2017-10-26 18:20:00"
IOP,0.00045,"2017-10-26 18:25:00"
IOP,0.00045001,"2017-10-26 18:30:00"
IOP,0.00044841,"2017-10-26 18:35:00"
IOP,0.000444,"2017-10-26 18:40:00"
IOP,0.00044108,"2017-10-26 18:45:00"
IOP,0.00044109,"2017-10-26 18:50:00"
IOP,0.000445,"2017-10-26 18:55:00"
IOP,0.0004472,"2017-10-26 19:00:00"
IOP,0.00044286,"2017-10-26 19:05:00"
IOP,0.0004415,"2017-10-26 19:10:00"
IOP,0.000447,"2017-10-26 19:15:00"
IOP,0.00045,"2017-10-26 19:20:00"
IOP,0.00045552,"2017-10-26 19:25:00"
IOP,0.000455,"2017-10-26 19:30:00"
IOP,0.000446,"2017-10-26 19:35:00"
IOP,0.000445,"2017-10-26 19:40:00"
IOP,0.000445,"2017-10-26 19:45:00"
IOP,0.00044422,"2017-10-26 19:50:00"
IOP,0.00044102,"2017-10-26 19:55:00"
IOP,0.00045034,"2017-10-26 20:00:00"
IOP,0.00044421,"2017-10-26 20:05:00"
IOP,0.00045004,"2017-10-26 20:10:00"
IOP,0.00044285,"2017-10-26 20:15:00"
IOP,0.00044295,"2017-10-26 20:20:00"
IOP,0.00044784,"2017-10-26 20:25:00"
IOP,0.00044426,"2017-10-26 20:30:00"
IOP,0.00044426,"2017-10-26 20:35:00"
IOP,0.00044426,"2017-10-26 20:40:00"
IOP,0.0004337,"2017-10-26 20:45:00"
IOP,0.00043176,"2017-10-26 20:50:00"
IOP,0.00044584,"2017-10-26 20:55:00"
IOP,0.00043,"2017-10-26 21:00:00"
IOP,0.00043402,"2017-10-26 21:05:00"
IOP,0.00043314,"2017-10-26 21:10:00"
IOP,0.00043659,"2017-10-26 21:15:00"
IOP,0.00043861,"2017-10-26 21:20:00"
IOP,0.00044201,"2017-10-26 21:25:00"
IOP,0.00044192,"2017-10-26 21:30:00"
IOP,0.00044188,"2017-10-26 21:35:00"
IOP,0.000437,"2017-10-26 21:40:00"
IOP,0.00044191,"2017-10-26 21:45:00"
IOP,0.00043701,"2017-10-26 21:50:00"
IOP,0.000441,"2017-10-26 21:55:00"
IOP,0.00044096,"2017-10-26 22:00:00"
IOP,0.00044088,"2017-10-26 22:05:00"
IOP,0.00043666,"2017-10-26 22:10:00"
IOP,0.00043,"2017-10-26 22:15:00"
IOP,0.0004486,"2017-10-26 22:20:00"
IOP,0.0004486,"2017-10-26 22:25:00"
IOP,0.0004535,"2017-10-26 22:30:00"
IOP,0.00046001,"2017-10-26 22:35:00"
IOP,0.0004631,"2017-10-26 22:40:00"
IOP,0.0004604,"2017-10-26 22:45:00"
IOP,0.00047035,"2017-10-26 22:50:00"
IOP,0.00047329,"2017-10-26 22:55:00"
IOP,0.00047323,"2017-10-26 23:00:00"
IOP,0.00047051,"2017-10-26 23:05:00"
IOP,0.00046352,"2017-10-26 23:10:00"
IOP,0.0004635,"2017-10-26 23:15:00"
IOP,0.00045215,"2017-10-26 23:20:00"
IOP,0.00045217,"2017-10-26 23:25:00"
IOP,0.00045706,"2017-10-26 23:30:00"
IOP,0.00045706,"2017-10-26 23:35:00"
IOP,0.00045706,"2017-10-26 23:40:00"
IOP,0.00045961,"2017-10-26 23:45:00"
IOP,0.00046413,"2017-10-26 23:50:00"
IOP,0.0004612,"2017-10-26 23:55:00"
IOP,0.000463,"2017-10-27 00:00:00"
IOP,0.00046415,"2017-10-27 00:05:00"
IOP,0.00046415,"2017-10-27 00:10:00"
IOP,0.00046415,"2017-10-27 00:15:00"
IOP,0.00046415,"2017-10-27 00:20:00"
IOP,0.00045847,"2017-10-27 00:25:00"
IOP,0.00046,"2017-10-27 00:30:00"
IOP,0.00045664,"2017-10-27 00:35:00"
IOP,0.00045664,"2017-10-27 00:40:00"
IOP,0.00045664,"2017-10-27 00:45:00"
IOP,0.00045664,"2017-10-27 00:50:00"
IOP,0.00045623,"2017-10-27 00:55:00"
IOP,0.00045641,"2017-10-27 01:00:00"
IOP,0.00045664,"2017-10-27 01:05:00"
IOP,0.00045599,"2017-10-27 01:10:00"
IOP,0.00045553,"2017-10-27 01:15:00"
IOP,0.00045026,"2017-10-27 01:20:00"
IOP,0.00045028,"2017-10-27 01:25:00"
IOP,0.00045028,"2017-10-27 01:30:00"
IOP,0.00045028,"2017-10-27 01:35:00"
IOP,0.00045027,"2017-10-27 01:40:00"
IOP,0.00045027,"2017-10-27 01:45:00"
IOP,0.00045027,"2017-10-27 01:50:00"
IOP,0.00045027,"2017-10-27 01:55:00"
IOP,0.00045021,"2017-10-27 02:00:00"
IOP,0.00045021,"2017-10-27 02:05:00"
IOP,0.00045028,"2017-10-27 02:10:00"
IOP,0.00045028,"2017-10-27 02:15:00"
IOP,0.00045028,"2017-10-27 02:20:00"
IOP,0.00045028,"2017-10-27 02:25:00"
IOP,0.00044767,"2017-10-27 02:30:00"
IOP,0.00044599,"2017-10-27 02:35:00"
IOP,0.00043889,"2017-10-27 02:40:00"
IOP,0.00044556,"2017-10-27 02:45:00"
IOP,0.00043932,"2017-10-27 02:50:00"
IOP,0.00043,"2017-10-27 02:55:00"
IOP,0.00043702,"2017-10-27 03:00:00"
IOP,0.00044038,"2017-10-27 03:05:00"
IOP,0.00043401,"2017-10-27 03:10:00"
IOP,0.00043486,"2017-10-27 03:15:00"
IOP,0.00043487,"2017-10-27 03:20:00"
IOP,0.00043487,"2017-10-27 03:25:00"
IOP,0.0004343,"2017-10-27 03:30:00"
IOP,0.00043487,"2017-10-27 03:35:00"
IOP,0.00043487,"2017-10-27 03:40:00"
IOP,0.00043689,"2017-10-27 03:45:00"
IOP,0.00044158,"2017-10-27 03:50:00"
IOP,0.00043984,"2017-10-27 03:55:00"
IOP,0.00044015,"2017-10-27 04:00:00"
IOP,0.00043984,"2017-10-27 04:05:00"
IOP,0.00044041,"2017-10-27 04:10:00"
IOP,0.00044041,"2017-10-27 04:15:00"
IOP,0.00044159,"2017-10-27 04:20:00"
IOP,0.00044159,"2017-10-27 04:25:00"
IOP,0.00044159,"2017-10-27 04:30:00"
IOP,0.00044159,"2017-10-27 04:35:00"
IOP,0.00044159,"2017-10-27 04:40:00"
IOP,0.00043984,"2017-10-27 04:45:00"
IOP,0.00043984,"2017-10-27 04:50:00"
IOP,0.00043984,"2017-10-27 04:55:00"
IOP,0.00043984,"2017-10-27 05:00:00"
IOP,0.000438,"2017-10-27 05:05:00"
IOP,0.000438,"2017-10-27 05:10:00"
IOP,0.00044158,"2017-10-27 05:15:00"
IOP,0.00044159,"2017-10-27 05:20:00"
IOP,0.00044002,"2017-10-27 05:25:00"
IOP,0.00044003,"2017-10-27 05:30:00"
IOP,0.00044159,"2017-10-27 05:35:00"
IOP,0.00044159,"2017-10-27 05:40:00"
IOP,0.00044701,"2017-10-27 05:45:00"
IOP,0.00044701,"2017-10-27 05:50:00"
IOP,0.00044891,"2017-10-27 05:55:00"
IOP,0.00044946,"2017-10-27 06:00:00"
IOP,0.00044946,"2017-10-27 06:05:00"
IOP,0.000449,"2017-10-27 06:10:00"
IOP,0.000449,"2017-10-27 06:15:00"
IOP,0.000449,"2017-10-27 06:20:00"
IOP,0.00044702,"2017-10-27 06:25:00"
IOP,0.00044699,"2017-10-27 06:30:00"
IOP,0.00044699,"2017-10-27 06:35:00"
IOP,0.00044699,"2017-10-27 06:40:00"
IOP,0.00044699,"2017-10-27 06:45:00"
IOP,0.00044699,"2017-10-27 06:50:00"
IOP,0.00044585,"2017-10-27 06:55:00"
IOP,0.00044008,"2017-10-27 07:00:00"
IOP,0.00044008,"2017-10-27 07:05:00"
IOP,0.00044008,"2017-10-27 07:10:00"
IOP,0.00044008,"2017-10-27 07:15:00"
IOP,0.00044008,"2017-10-27 07:20:00"
IOP,0.0004464,"2017-10-27 07:25:00"
IOP,0.00044241,"2017-10-27 07:30:00"
IOP,0.0004401,"2017-10-27 07:35:00"
IOP,0.0004401,"2017-10-27 07:40:00"
IOP,0.0004401,"2017-10-27 07:45:00"
IOP,0.00044693,"2017-10-27 07:50:00"
IOP,0.00044693,"2017-10-27 07:55:00"
IOP,0.00044499,"2017-10-27 08:00:00"
IOP,0.000442,"2017-10-27 08:05:00"
IOP,0.00044893,"2017-10-27 08:10:00"
IOP,0.00044893,"2017-10-27 08:15:00"
IOP,0.000449,"2017-10-27 08:20:00"
IOP,0.00044601,"2017-10-27 08:25:00"
IOP,0.00044978,"2017-10-27 08:30:00"
IOP,0.00044779,"2017-10-27 08:35:00"
IOP,0.0004441,"2017-10-27 08:40:00"
IOP,0.00045071,"2017-10-27 08:45:00"
IOP,0.0004507,"2017-10-27 08:50:00"
IOP,0.00045268,"2017-10-27 08:55:00"
IOP,0.00045368,"2017-10-27 09:00:00"
IOP,0.00045397,"2017-10-27 09:05:00"
IOP,0.00045397,"2017-10-27 09:10:00"
IOP,0.00045368,"2017-10-27 09:15:00"
IOP,0.00045397,"2017-10-27 09:20:00"
IOP,0.00045368,"2017-10-27 09:25:00"
IOP,0.00045397,"2017-10-27 09:30:00"
IOP,0.00045979,"2017-10-27 09:35:00"
IOP,0.00046049,"2017-10-27 09:40:00"
IOP,0.00046059,"2017-10-27 09:45:00"
IOP,0.00046196,"2017-10-27 09:50:00"
IOP,0.00046271,"2017-10-27 09:55:00"
IOP,0.00045373,"2017-10-27 10:00:00"
IOP,0.00046092,"2017-10-27 10:05:00"
IOP,0.00046092,"2017-10-27 10:10:00"
IOP,0.00045994,"2017-10-27 10:15:00"
IOP,0.00045847,"2017-10-27 10:20:00"
IOP,0.0004511,"2017-10-27 10:25:00"
IOP,0.00045072,"2017-10-27 10:30:00"
IOP,0.00045072,"2017-10-27 10:35:00"
IOP,0.00045049,"2017-10-27 10:40:00"
IOP,0.00045847,"2017-10-27 10:45:00"
IOP,0.00045944,"2017-10-27 10:50:00"
IOP,0.00045056,"2017-10-27 10:55:00"
IOP,0.0004507,"2017-10-27 11:00:00"
IOP,0.00045081,"2017-10-27 11:05:00"
IOP,0.00045082,"2017-10-27 11:10:00"
IOP,0.0004505,"2017-10-27 11:15:00"
IOP,0.0004569,"2017-10-27 11:20:00"
IOP,0.00045667,"2017-10-27 11:25:00"
IOP,0.00045897,"2017-10-27 11:30:00"
IOP,0.00045896,"2017-10-27 11:35:00"
IOP,0.00045896,"2017-10-27 11:40:00"
IOP,0.00045896,"2017-10-27 11:45:00"
IOP,0.00045888,"2017-10-27 11:50:00"
IOP,0.00045086,"2017-10-27 11:55:00"
IOP,0.000454,"2017-10-27 12:00:00"
IOP,0.0004505,"2017-10-27 12:05:00"
IOP,0.0004505,"2017-10-27 12:10:00"
IOP,0.0004499,"2017-10-27 12:15:00"
IOP,0.0004499,"2017-10-27 12:20:00"
IOP,0.00044986,"2017-10-27 12:25:00"
IOP,0.00044767,"2017-10-27 12:30:00"
IOP,0.00044732,"2017-10-27 12:35:00"
IOP,0.00044342,"2017-10-27 12:40:00"
IOP,0.00044453,"2017-10-27 12:45:00"
IOP,0.00044453,"2017-10-27 12:50:00"
IOP,0.00044333,"2017-10-27 12:55:00"
IOP,0.00044323,"2017-10-27 13:00:00"
IOP,0.00044762,"2017-10-27 13:05:00"
IOP,0.00044096,"2017-10-27 13:10:00"
IOP,0.00044096,"2017-10-27 13:15:00"
IOP,0.00044096,"2017-10-27 13:20:00"
IOP,0.00044096,"2017-10-27 13:25:00"
IOP,0.00044758,"2017-10-27 13:30:00"
IOP,0.00045783,"2017-10-27 13:35:00"
IOP,0.00045783,"2017-10-27 13:40:00"
IOP,0.00045786,"2017-10-27 13:45:00"
IOP,0.00045872,"2017-10-27 13:50:00"
IOP,0.00045885,"2017-10-27 13:55:00"
IOP,0.00045334,"2017-10-27 14:00:00"
IOP,0.00045273,"2017-10-27 14:05:00"
IOP,0.00045889,"2017-10-27 14:10:00"
IOP,0.00045889,"2017-10-27 14:15:00"
IOP,0.00045193,"2017-10-27 14:20:00"
IOP,0.00044807,"2017-10-27 14:25:00"
IOP,0.00044807,"2017-10-27 14:30:00"
IOP,0.00045568,"2017-10-27 14:35:00"
IOP,0.00045101,"2017-10-27 14:40:00"
IOP,0.00045112,"2017-10-27 14:45:00"
IOP,0.000451,"2017-10-27 14:50:00"
IOP,0.00044802,"2017-10-27 14:55:00"
IOP,0.00044802,"2017-10-27 15:00:00"
IOP,0.00044802,"2017-10-27 15:05:00"
IOP,0.00044802,"2017-10-27 15:10:00"
IOP,0.00044802,"2017-10-27 15:15:00"
IOP,0.00045567,"2017-10-27 15:20:00"
IOP,0.00045001,"2017-10-27 15:25:00"
IOP,0.0004479,"2017-10-27 15:30:00"
IOP,0.0004479,"2017-10-27 15:35:00"
IOP,0.00045001,"2017-10-27 15:40:00"
IOP,0.00045564,"2017-10-27 15:45:00"
IOP,0.00044796,"2017-10-27 15:50:00"
IOP,0.00044224,"2017-10-27 15:55:00"
IOP,0.00044108,"2017-10-27 16:00:00"
IOP,0.000449,"2017-10-27 16:05:00"
IOP,0.00045438,"2017-10-27 16:10:00"
IOP,0.00045438,"2017-10-27 16:15:00"
IOP,0.00045389,"2017-10-27 16:20:00"
IOP,0.00045391,"2017-10-27 16:25:00"
IOP,0.00045387,"2017-10-27 16:30:00"
IOP,0.00045564,"2017-10-27 16:35:00"
IOP,0.0004556,"2017-10-27 16:40:00"
IOP,0.00044522,"2017-10-27 16:45:00"
IOP,0.00045532,"2017-10-27 16:50:00"
IOP,0.00045532,"2017-10-27 16:55:00"
IOP,0.00045532,"2017-10-27 17:00:00"
IOP,0.0004492,"2017-10-27 17:05:00"
IOP,0.0004549,"2017-10-27 17:10:00"
IOP,0.000454,"2017-10-27 17:15:00"
IOP,0.000454,"2017-10-27 17:20:00"
IOP,0.00044965,"2017-10-27 17:25:00"
IOP,0.00045016,"2017-10-27 17:30:00"
IOP,0.00045051,"2017-10-27 17:35:00"
IOP,0.00045,"2017-10-27 17:40:00"
IOP,0.00045499,"2017-10-27 17:45:00"
IOP,0.00045568,"2017-10-27 17:50:00"
IOP,0.00045653,"2017-10-27 17:55:00"
IOP,0.0004555,"2017-10-27 18:00:00"
IOP,0.0004558,"2017-10-27 18:05:00"
IOP,0.0004558,"2017-10-27 18:10:00"
IOP,0.0004558,"2017-10-27 18:15:00"
IOP,0.0004558,"2017-10-27 18:20:00"
IOP,0.0004558,"2017-10-27 18:25:00"
IOP,0.00045846,"2017-10-27 18:30:00"
IOP,0.00045846,"2017-10-27 18:35:00"
IOP,0.00045951,"2017-10-27 18:40:00"
IOP,0.00046012,"2017-10-27 18:45:00"
IOP,0.000459,"2017-10-27 18:50:00"
IOP,0.00046114,"2017-10-27 18:55:00"
IOP,0.0004612,"2017-10-27 19:00:00"
IOP,0.00045591,"2017-10-27 19:05:00"
IOP,0.00045591,"2017-10-27 19:10:00"
IOP,0.00045607,"2017-10-27 19:15:00"
IOP,0.00045431,"2017-10-27 19:20:00"
IOP,0.00044953,"2017-10-27 19:25:00"
IOP,0.00045482,"2017-10-27 19:30:00"
IOP,0.00045001,"2017-10-27 19:35:00"
IOP,0.00045479,"2017-10-27 19:40:00"
IOP,0.0004548,"2017-10-27 19:45:00"
IOP,0.00045401,"2017-10-27 19:50:00"
IOP,0.00045401,"2017-10-27 19:55:00"
IOP,0.00045401,"2017-10-27 20:00:00"
IOP,0.00045401,"2017-10-27 20:05:00"
IOP,0.00045345,"2017-10-27 20:10:00"
IOP,0.0004537,"2017-10-27 20:15:00"
IOP,0.0004537,"2017-10-27 20:20:00"
IOP,0.000454,"2017-10-27 20:25:00"
IOP,0.000455,"2017-10-27 20:30:00"
IOP,0.00045999,"2017-10-27 20:35:00"
IOP,0.00046327,"2017-10-27 20:40:00"
IOP,0.0004612,"2017-10-27 20:45:00"
IOP,0.00046582,"2017-10-27 20:50:00"
IOP,0.0004658,"2017-10-27 20:55:00"
IOP,0.00046582,"2017-10-27 21:00:00"
IOP,0.000462,"2017-10-27 21:05:00"
IOP,0.00046,"2017-10-27 21:10:00"
IOP,0.000462,"2017-10-27 21:15:00"
IOP,0.00046197,"2017-10-27 21:20:00"
IOP,0.0004576,"2017-10-27 21:25:00"
IOP,0.0004576,"2017-10-27 21:30:00"
IOP,0.00045744,"2017-10-27 21:35:00"
IOP,0.00045746,"2017-10-27 21:40:00"
IOP,0.00045746,"2017-10-27 21:45:00"
IOP,0.00045668,"2017-10-27 21:50:00"
IOP,0.000456,"2017-10-27 21:55:00"
IOP,0.000456,"2017-10-27 22:00:00"
IOP,0.00045742,"2017-10-27 22:05:00"
IOP,0.00045601,"2017-10-27 22:10:00"
IOP,0.00045741,"2017-10-27 22:15:00"
IOP,0.000456,"2017-10-27 22:20:00"
IOP,0.00045742,"2017-10-27 22:25:00"
IOP,0.00046199,"2017-10-27 22:30:00"
IOP,0.00046199,"2017-10-27 22:35:00"
IOP,0.00046197,"2017-10-27 22:40:00"
IOP,0.00045654,"2017-10-27 22:45:00"
IOP,0.00045654,"2017-10-27 22:50:00"
IOP,0.0004493,"2017-10-27 22:55:00"
IOP,0.00044931,"2017-10-27 23:00:00"
IOP,0.00044879,"2017-10-27 23:05:00"
IOP,0.0004489,"2017-10-27 23:10:00"
IOP,0.00045601,"2017-10-27 23:15:00"
IOP,0.0004521,"2017-10-27 23:20:00"
IOP,0.0004521,"2017-10-27 23:25:00"
IOP,0.00045001,"2017-10-27 23:30:00"
IOP,0.00045001,"2017-10-27 23:35:00"
IOP,0.00045001,"2017-10-27 23:40:00"
IOP,0.00045828,"2017-10-27 23:45:00"
IOP,0.00045828,"2017-10-27 23:50:00"
IOP,0.00045828,"2017-10-27 23:55:00"
IOP,0.00045124,"2017-10-28 00:00:00"
IOP,0.00045113,"2017-10-28 00:05:00"
IOP,0.000451,"2017-10-28 00:10:00"
IOP,0.000451,"2017-10-28 00:15:00"
IOP,0.000453,"2017-10-28 00:20:00"
IOP,0.00045914,"2017-10-28 00:25:00"
IOP,0.00045914,"2017-10-28 00:30:00"
IOP,0.00045914,"2017-10-28 00:35:00"
IOP,0.000453,"2017-10-28 00:40:00"
IOP,0.000453,"2017-10-28 00:45:00"
IOP,0.000453,"2017-10-28 00:50:00"
IOP,0.00045113,"2017-10-28 00:55:00"
IOP,0.00045299,"2017-10-28 01:00:00"
IOP,0.00045113,"2017-10-28 01:05:00"
IOP,0.0004511,"2017-10-28 01:10:00"
IOP,0.00045103,"2017-10-28 01:15:00"
IOP,0.0004511,"2017-10-28 01:20:00"
IOP,0.0004511,"2017-10-28 01:25:00"
IOP,0.000453,"2017-10-28 01:30:00"
IOP,0.000453,"2017-10-28 01:35:00"
IOP,0.00045299,"2017-10-28 01:40:00"
IOP,0.00045299,"2017-10-28 01:45:00"
IOP,0.00045299,"2017-10-28 01:50:00"
IOP,0.00045299,"2017-10-28 01:55:00"
IOP,0.000453,"2017-10-28 02:00:00"
IOP,0.00045299,"2017-10-28 02:05:00"
IOP,0.00045299,"2017-10-28 02:10:00"
IOP,0.00045103,"2017-10-28 02:15:00"
IOP,0.00045001,"2017-10-28 02:20:00"
IOP,0.00045001,"2017-10-28 02:25:00"
IOP,0.00045001,"2017-10-28 02:30:00"
IOP,0.00045878,"2017-10-28 02:35:00"
IOP,0.00045899,"2017-10-28 02:40:00"
IOP,0.00045899,"2017-10-28 02:45:00"
IOP,0.00045899,"2017-10-28 02:50:00"
IOP,0.00045232,"2017-10-28 02:55:00"
IOP,0.00045894,"2017-10-28 03:00:00"
IOP,0.00045231,"2017-10-28 03:05:00"
IOP,0.00045229,"2017-10-28 03:10:00"
IOP,0.00045,"2017-10-28 03:15:00"
IOP,0.000442,"2017-10-28 03:20:00"
IOP,0.000442,"2017-10-28 03:25:00"
IOP,0.000442,"2017-10-28 03:30:00"
IOP,0.000442,"2017-10-28 03:35:00"
IOP,0.00044244,"2017-10-28 03:40:00"
IOP,0.00044999,"2017-10-28 03:45:00"
IOP,0.000446,"2017-10-28 03:50:00"
IOP,0.00044299,"2017-10-28 03:55:00"
IOP,0.00044299,"2017-10-28 04:00:00"
IOP,0.00044192,"2017-10-28 04:05:00"
IOP,0.00044,"2017-10-28 04:10:00"
IOP,0.00043822,"2017-10-28 04:15:00"
IOP,0.00043975,"2017-10-28 04:20:00"
IOP,0.00043987,"2017-10-28 04:25:00"
IOP,0.000438,"2017-10-28 04:30:00"
IOP,0.00044562,"2017-10-28 04:35:00"
IOP,0.00045378,"2017-10-28 04:40:00"
IOP,0.00045322,"2017-10-28 04:45:00"
IOP,0.00045322,"2017-10-28 04:50:00"
IOP,0.00045322,"2017-10-28 04:55:00"
IOP,0.00045322,"2017-10-28 05:00:00"
IOP,0.00045322,"2017-10-28 05:05:00"
IOP,0.0004529,"2017-10-28 05:10:00"
IOP,0.0004529,"2017-10-28 05:15:00"
IOP,0.0004529,"2017-10-28 05:20:00"
IOP,0.0004529,"2017-10-28 05:25:00"
IOP,0.00044321,"2017-10-28 05:30:00"
IOP,0.00044321,"2017-10-28 05:35:00"
IOP,0.000442,"2017-10-28 05:40:00"
IOP,0.000442,"2017-10-28 05:45:00"
IOP,0.000442,"2017-10-28 05:50:00"
IOP,0.00044321,"2017-10-28 05:55:00"
IOP,0.00044202,"2017-10-28 06:00:00"
IOP,0.00044202,"2017-10-28 06:05:00"
IOP,0.00044,"2017-10-28 06:10:00"
IOP,0.00044,"2017-10-28 06:15:00"
IOP,0.00044,"2017-10-28 06:20:00"
IOP,0.0004481,"2017-10-28 06:25:00"
IOP,0.0004481,"2017-10-28 06:30:00"
IOP,0.0004481,"2017-10-28 06:35:00"
IOP,0.0004481,"2017-10-28 06:40:00"
IOP,0.00044855,"2017-10-28 06:45:00"
IOP,0.00044855,"2017-10-28 06:50:00"
IOP,0.00044855,"2017-10-28 06:55:00"
IOP,0.00044783,"2017-10-28 07:00:00"
IOP,0.00044783,"2017-10-28 07:05:00"
IOP,0.00044203,"2017-10-28 07:10:00"
IOP,0.00044203,"2017-10-28 07:15:00"
IOP,0.000442,"2017-10-28 07:20:00"
IOP,0.000442,"2017-10-28 07:25:00"
IOP,0.000442,"2017-10-28 07:30:00"
IOP,0.000442,"2017-10-28 07:35:00"
IOP,0.00044047,"2017-10-28 07:40:00"
IOP,0.00044,"2017-10-28 07:45:00"
IOP,0.000442,"2017-10-28 07:50:00"
IOP,0.00044696,"2017-10-28 07:55:00"
IOP,0.00044,"2017-10-28 08:00:00"
IOP,0.00042907,"2017-10-28 08:05:00"
IOP,0.00044037,"2017-10-28 08:10:00"
IOP,0.00043816,"2017-10-28 08:15:00"
IOP,0.00043687,"2017-10-28 08:20:00"
IOP,0.00043614,"2017-10-28 08:25:00"
IOP,0.00043001,"2017-10-28 08:30:00"
IOP,0.00043001,"2017-10-28 08:35:00"
IOP,0.00043614,"2017-10-28 08:40:00"
IOP,0.00043045,"2017-10-28 08:45:00"
IOP,0.00043045,"2017-10-28 08:50:00"
IOP,0.00043045,"2017-10-28 08:55:00"
IOP,0.00043614,"2017-10-28 09:00:00"
IOP,0.00043052,"2017-10-28 09:05:00"
IOP,0.00043052,"2017-10-28 09:10:00"
IOP,0.00043504,"2017-10-28 09:15:00"
IOP,0.00043614,"2017-10-28 09:20:00"
IOP,0.00043614,"2017-10-28 09:25:00"
IOP,0.00043614,"2017-10-28 09:30:00"
IOP,0.00044008,"2017-10-28 09:35:00"
IOP,0.00043702,"2017-10-28 09:40:00"
IOP,0.00043702,"2017-10-28 09:45:00"
IOP,0.00044008,"2017-10-28 09:50:00"
IOP,0.00043702,"2017-10-28 09:55:00"
IOP,0.00044008,"2017-10-28 10:00:00"
IOP,0.00044008,"2017-10-28 10:05:00"
IOP,0.00044008,"2017-10-28 10:10:00"
IOP,0.00043051,"2017-10-28 10:15:00"
IOP,0.00043051,"2017-10-28 10:20:00"
IOP,0.0004306,"2017-10-28 10:25:00"
IOP,0.0004306,"2017-10-28 10:30:00"
IOP,0.00043597,"2017-10-28 10:35:00"
IOP,0.00043597,"2017-10-28 10:40:00"
IOP,0.00043597,"2017-10-28 10:45:00"
IOP,0.00043597,"2017-10-28 10:50:00"
IOP,0.00043597,"2017-10-28 10:55:00"
IOP,0.00043597,"2017-10-28 11:00:00"
IOP,0.00043597,"2017-10-28 11:05:00"
IOP,0.00043597,"2017-10-28 11:10:00"
IOP,0.00043741,"2017-10-28 11:15:00"
IOP,0.00044049,"2017-10-28 11:20:00"
IOP,0.00044204,"2017-10-28 11:25:00"
IOP,0.00044472,"2017-10-28 11:30:00"
IOP,0.00045,"2017-10-28 11:35:00"
IOP,0.00046582,"2017-10-28 11:40:00"
IOP,0.00045215,"2017-10-28 11:45:00"
IOP,0.0004565,"2017-10-28 11:50:00"
IOP,0.00045333,"2017-10-28 11:55:00"
IOP,0.00045193,"2017-10-28 12:00:00"
IOP,0.00045555,"2017-10-28 12:05:00"
IOP,0.0004554,"2017-10-28 12:10:00"
IOP,0.00045554,"2017-10-28 12:15:00"
IOP,0.00045554,"2017-10-28 12:20:00"
IOP,0.00045554,"2017-10-28 12:25:00"
IOP,0.00045555,"2017-10-28 12:30:00"
IOP,0.00044767,"2017-10-28 12:35:00"
IOP,0.00044794,"2017-10-28 12:40:00"
IOP,0.00045668,"2017-10-28 12:45:00"
IOP,0.00045232,"2017-10-28 12:50:00"
IOP,0.00045243,"2017-10-28 12:55:00"
IOP,0.00045551,"2017-10-28 13:00:00"
IOP,0.00044727,"2017-10-28 13:05:00"
IOP,0.00045525,"2017-10-28 13:10:00"
IOP,0.00044713,"2017-10-28 13:15:00"
IOP,0.00045506,"2017-10-28 13:20:00"
IOP,0.00045506,"2017-10-28 13:25:00"
IOP,0.000455,"2017-10-28 13:30:00"
IOP,0.000455,"2017-10-28 13:35:00"
IOP,0.00045044,"2017-10-28 13:40:00"
IOP,0.00044906,"2017-10-28 13:45:00"
IOP,0.00044924,"2017-10-28 13:50:00"
IOP,0.000452,"2017-10-28 13:55:00"
IOP,0.00045108,"2017-10-28 14:00:00"
IOP,0.00045108,"2017-10-28 14:05:00"
IOP,0.00044834,"2017-10-28 14:10:00"
IOP,0.000446,"2017-10-28 14:15:00"
IOP,0.00045106,"2017-10-28 14:20:00"
IOP,0.00045106,"2017-10-28 14:25:00"
IOP,0.00045106,"2017-10-28 14:30:00"
IOP,0.00045105,"2017-10-28 14:35:00"
IOP,0.000445,"2017-10-28 14:40:00"
IOP,0.00045102,"2017-10-28 14:45:00"
IOP,0.00045101,"2017-10-28 14:50:00"
IOP,0.00045101,"2017-10-28 14:55:00"
IOP,0.00045107,"2017-10-28 15:00:00"
IOP,0.00044706,"2017-10-28 15:05:00"
IOP,0.00044706,"2017-10-28 15:10:00"
IOP,0.00044706,"2017-10-28 15:15:00"
IOP,0.00044706,"2017-10-28 15:20:00"
IOP,0.00044706,"2017-10-28 15:25:00"
IOP,0.00044706,"2017-10-28 15:30:00"
IOP,0.00044706,"2017-10-28 15:35:00"
IOP,0.000445,"2017-10-28 15:40:00"
IOP,0.00044831,"2017-10-28 15:45:00"
IOP,0.00044979,"2017-10-28 15:50:00"
IOP,0.00044979,"2017-10-28 15:55:00"
IOP,0.00044979,"2017-10-28 16:00:00"
IOP,0.00044979,"2017-10-28 16:05:00"
IOP,0.00045099,"2017-10-28 16:10:00"
IOP,0.00044979,"2017-10-28 16:15:00"
IOP,0.00044979,"2017-10-28 16:20:00"
IOP,0.00044979,"2017-10-28 16:25:00"
IOP,0.00044424,"2017-10-28 16:30:00"
IOP,0.00044228,"2017-10-28 16:35:00"
IOP,0.00044188,"2017-10-28 16:40:00"
IOP,0.0004407,"2017-10-28 16:45:00"
IOP,0.00044188,"2017-10-28 16:50:00"
IOP,0.0004406,"2017-10-28 16:55:00"
IOP,0.0004406,"2017-10-28 17:00:00"
IOP,0.00044,"2017-10-28 17:05:00"
IOP,0.00044,"2017-10-28 17:10:00"
IOP,0.00044,"2017-10-28 17:15:00"
IOP,0.00043746,"2017-10-28 17:20:00"
IOP,0.00043381,"2017-10-28 17:25:00"
IOP,0.00043996,"2017-10-28 17:30:00"
IOP,0.00044,"2017-10-28 17:35:00"
IOP,0.00044,"2017-10-28 17:40:00"
IOP,0.00044,"2017-10-28 17:45:00"
IOP,0.00043998,"2017-10-28 17:50:00"
IOP,0.00043998,"2017-10-28 17:55:00"
IOP,0.00044,"2017-10-28 18:00:00"
IOP,0.00044,"2017-10-28 18:05:00"
IOP,0.00043767,"2017-10-28 18:10:00"
IOP,0.00043767,"2017-10-28 18:15:00"
IOP,0.00044,"2017-10-28 18:20:00"
IOP,0.00044,"2017-10-28 18:25:00"
IOP,0.00044,"2017-10-28 18:30:00"
IOP,0.00044,"2017-10-28 18:35:00"
IOP,0.00043982,"2017-10-28 18:40:00"
IOP,0.00043768,"2017-10-28 18:45:00"
IOP,0.00043767,"2017-10-28 18:50:00"
IOP,0.00043623,"2017-10-28 18:55:00"
IOP,0.00043199,"2017-10-28 19:00:00"
IOP,0.00043193,"2017-10-28 19:05:00"
IOP,0.00043143,"2017-10-28 19:10:00"
IOP,0.00043499,"2017-10-28 19:15:00"
IOP,0.00043214,"2017-10-28 19:20:00"
IOP,0.00043246,"2017-10-28 19:25:00"
IOP,0.00043247,"2017-10-28 19:30:00"
IOP,0.0004323,"2017-10-28 19:35:00"
IOP,0.0004323,"2017-10-28 19:40:00"
IOP,0.00043195,"2017-10-28 19:45:00"
IOP,0.00043934,"2017-10-28 19:50:00"
IOP,0.00043308,"2017-10-28 19:55:00"
IOP,0.00043139,"2017-10-28 20:00:00"
IOP,0.0004394,"2017-10-28 20:05:00"
IOP,0.00043739,"2017-10-28 20:10:00"
IOP,0.00043739,"2017-10-28 20:15:00"
IOP,0.00043362,"2017-10-28 20:20:00"
IOP,0.00043361,"2017-10-28 20:25:00"
IOP,0.00043361,"2017-10-28 20:30:00"
IOP,0.0004316,"2017-10-28 20:35:00"
IOP,0.00043298,"2017-10-28 20:40:00"
IOP,0.00043298,"2017-10-28 20:45:00"
IOP,0.00043298,"2017-10-28 20:50:00"
IOP,0.00043298,"2017-10-28 20:55:00"
IOP,0.00042999,"2017-10-28 21:00:00"
IOP,0.00042981,"2017-10-28 21:05:00"
IOP,0.00042981,"2017-10-28 21:10:00"
IOP,0.00042802,"2017-10-28 21:15:00"
IOP,0.0004298,"2017-10-28 21:20:00"
IOP,0.0004298,"2017-10-28 21:25:00"
IOP,0.00043,"2017-10-28 21:30:00"
IOP,0.00043,"2017-10-28 21:35:00"
IOP,0.00043262,"2017-10-28 21:40:00"
IOP,0.00043403,"2017-10-28 21:45:00"
IOP,0.00043403,"2017-10-28 21:50:00"
IOP,0.00043403,"2017-10-28 21:55:00"
IOP,0.00043403,"2017-10-28 22:00:00"
IOP,0.0004345,"2017-10-28 22:05:00"
IOP,0.00044022,"2017-10-28 22:10:00"
IOP,0.0004445,"2017-10-28 22:15:00"
IOP,0.00045373,"2017-10-28 22:20:00"
IOP,0.00045372,"2017-10-28 22:25:00"
IOP,0.000453,"2017-10-28 22:30:00"
IOP,0.00044022,"2017-10-28 22:35:00"
IOP,0.00043469,"2017-10-28 22:40:00"
IOP,0.00043469,"2017-10-28 22:45:00"
IOP,0.00043469,"2017-10-28 22:50:00"
IOP,0.00043882,"2017-10-28 22:55:00"
IOP,0.00043473,"2017-10-28 23:00:00"
IOP,0.00043473,"2017-10-28 23:05:00"
IOP,0.00043471,"2017-10-28 23:10:00"
IOP,0.00043471,"2017-10-28 23:15:00"
IOP,0.00043469,"2017-10-28 23:20:00"
IOP,0.00043473,"2017-10-28 23:25:00"
IOP,0.000435,"2017-10-28 23:30:00"
IOP,0.00043473,"2017-10-28 23:35:00"
IOP,0.00043408,"2017-10-28 23:40:00"
IOP,0.0004322,"2017-10-28 23:45:00"
IOP,0.0004322,"2017-10-28 23:50:00"
IOP,0.00043219,"2017-10-28 23:55:00"
IOP,0.00043218,"2017-10-29 00:00:00"
IOP,0.0004322,"2017-10-29 00:05:00"
IOP,0.00043408,"2017-10-29 00:10:00"
IOP,0.00043883,"2017-10-29 00:15:00"
IOP,0.00043883,"2017-10-29 00:20:00"
IOP,0.00043883,"2017-10-29 00:25:00"
IOP,0.00043302,"2017-10-29 00:30:00"
IOP,0.00043302,"2017-10-29 00:35:00"
IOP,0.00043302,"2017-10-29 00:40:00"
IOP,0.00042958,"2017-10-29 00:45:00"
IOP,0.0004291,"2017-10-29 00:50:00"
IOP,0.0004291,"2017-10-29 00:55:00"
IOP,0.0004291,"2017-10-29 01:00:00"
IOP,0.00042909,"2017-10-29 01:05:00"
IOP,0.00043541,"2017-10-29 01:10:00"
IOP,0.00043541,"2017-10-29 01:15:00"
IOP,0.00042909,"2017-10-29 01:20:00"
IOP,0.00042909,"2017-10-29 01:25:00"
IOP,0.000429,"2017-10-29 01:30:00"
IOP,0.000429,"2017-10-29 01:35:00"
IOP,0.000429,"2017-10-29 01:40:00"
IOP,0.000429,"2017-10-29 01:45:00"
IOP,0.00043569,"2017-10-29 01:50:00"
IOP,0.0004346,"2017-10-29 01:55:00"
IOP,0.0004288,"2017-10-29 02:00:00"
IOP,0.00042935,"2017-10-29 02:00:00"
IOP,0.0004288,"2017-10-29 02:05:00"
IOP,0.00042935,"2017-10-29 02:05:00"
IOP,0.0004288,"2017-10-29 02:10:00"
IOP,0.000428,"2017-10-29 02:10:00"
IOP,0.00043443,"2017-10-29 02:15:00"
IOP,0.000428,"2017-10-29 02:15:00"
IOP,0.00043535,"2017-10-29 02:20:00"
IOP,0.0004338,"2017-10-29 02:20:00"
IOP,0.00043545,"2017-10-29 02:25:00"
IOP,0.00042936,"2017-10-29 02:25:00"
IOP,0.00043545,"2017-10-29 02:30:00"
IOP,0.00042936,"2017-10-29 02:30:00"
IOP,0.00043529,"2017-10-29 02:35:00"
IOP,0.00042843,"2017-10-29 02:35:00"
IOP,0.00043764,"2017-10-29 02:40:00"
IOP,0.00043742,"2017-10-29 02:40:00"
IOP,0.00043529,"2017-10-29 02:45:00"
IOP,0.00042953,"2017-10-29 02:45:00"
IOP,0.0004336,"2017-10-29 02:50:00"
IOP,0.00042953,"2017-10-29 02:50:00"
IOP,0.00042935,"2017-10-29 02:55:00"
IOP,0.00043741,"2017-10-29 02:55:00"
IOP,0.000437,"2017-10-29 03:00:00"
IOP,0.000432,"2017-10-29 03:05:00"
IOP,0.000437,"2017-10-29 03:10:00"
IOP,0.0004374,"2017-10-29 03:15:00"
IOP,0.00043741,"2017-10-29 03:20:00"
IOP,0.00043741,"2017-10-29 03:25:00"
IOP,0.000433,"2017-10-29 03:30:00"
IOP,0.00043311,"2017-10-29 03:35:00"
IOP,0.00043311,"2017-10-29 03:40:00"
IOP,0.00043311,"2017-10-29 03:45:00"
IOP,0.000437,"2017-10-29 03:50:00"
IOP,0.00043511,"2017-10-29 03:55:00"
IOP,0.00043511,"2017-10-29 04:00:00"
IOP,0.0004322,"2017-10-29 04:05:00"
IOP,0.00043163,"2017-10-29 04:10:00"
IOP,0.00043723,"2017-10-29 04:15:00"
IOP,0.00043723,"2017-10-29 04:20:00"
IOP,0.00043723,"2017-10-29 04:25:00"
IOP,0.00043723,"2017-10-29 04:30:00"
IOP,0.00043109,"2017-10-29 04:35:00"
IOP,0.00043091,"2017-10-29 04:40:00"
IOP,0.00043091,"2017-10-29 04:45:00"
IOP,0.00043741,"2017-10-29 04:50:00"
IOP,0.00043101,"2017-10-29 04:55:00"
IOP,0.000436,"2017-10-29 05:00:00"
IOP,0.00043742,"2017-10-29 05:05:00"
IOP,0.00043742,"2017-10-29 05:10:00"
IOP,0.00043884,"2017-10-29 05:15:00"
IOP,0.00043745,"2017-10-29 05:20:00"
IOP,0.00043741,"2017-10-29 05:25:00"
IOP,0.00044022,"2017-10-29 05:30:00"
IOP,0.00044021,"2017-10-29 05:35:00"
IOP,0.00044021,"2017-10-29 05:40:00"
IOP,0.00044022,"2017-10-29 05:45:00"
IOP,0.000442,"2017-10-29 05:50:00"
IOP,0.00045258,"2017-10-29 05:55:00"
IOP,0.00047825,"2017-10-29 06:00:00"
IOP,0.00046766,"2017-10-29 06:05:00"
IOP,0.00046552,"2017-10-29 06:10:00"
IOP,0.00046701,"2017-10-29 06:15:00"
IOP,0.00047427,"2017-10-29 06:20:00"
IOP,0.00048698,"2017-10-29 06:25:00"
IOP,0.00047969,"2017-10-29 06:30:00"
IOP,0.000471,"2017-10-29 06:35:00"
IOP,0.000471,"2017-10-29 06:40:00"
IOP,0.0004759,"2017-10-29 06:45:00"
IOP,0.000471,"2017-10-29 06:50:00"
IOP,0.00047595,"2017-10-29 06:55:00"
IOP,0.000488,"2017-10-29 07:00:00"
IOP,0.0005005,"2017-10-29 07:05:00"
IOP,0.00050376,"2017-10-29 07:10:00"
IOP,0.00049999,"2017-10-29 07:15:00"
IOP,0.00049898,"2017-10-29 07:20:00"
IOP,0.0004978,"2017-10-29 07:25:00"
IOP,0.00048466,"2017-10-29 07:30:00"
IOP,0.000485,"2017-10-29 07:35:00"
IOP,0.00049199,"2017-10-29 07:40:00"
IOP,0.00049712,"2017-10-29 07:45:00"
IOP,0.00050498,"2017-10-29 07:50:00"
IOP,0.00051002,"2017-10-29 07:55:00"
IOP,0.00050276,"2017-10-29 08:00:00"
IOP,0.000499,"2017-10-29 08:05:00"
IOP,0.00049294,"2017-10-29 08:10:00"
IOP,0.000485,"2017-10-29 08:15:00"
IOP,0.00048074,"2017-10-29 08:20:00"
IOP,0.000481,"2017-10-29 08:25:00"
IOP,0.000488,"2017-10-29 08:30:00"
IOP,0.000498,"2017-10-29 08:35:00"
IOP,0.00049215,"2017-10-29 08:40:00"
IOP,0.0004935,"2017-10-29 08:45:00"
IOP,0.0004935,"2017-10-29 08:50:00"
IOP,0.0004885,"2017-10-29 08:55:00"
IOP,0.00048702,"2017-10-29 09:00:00"
IOP,0.00048502,"2017-10-29 09:05:00"
IOP,0.00048501,"2017-10-29 09:10:00"
IOP,0.000485,"2017-10-29 09:15:00"
IOP,0.000485,"2017-10-29 09:20:00"
IOP,0.000491,"2017-10-29 09:25:00"
IOP,0.00050925,"2017-10-29 09:30:00"
IOP,0.00051452,"2017-10-29 09:35:00"
IOP,0.00050512,"2017-10-29 09:40:00"
IOP,0.00050507,"2017-10-29 09:45:00"
IOP,0.00050476,"2017-10-29 09:50:00"
IOP,0.00051,"2017-10-29 09:55:00"
IOP,0.00050123,"2017-10-29 10:00:00"
IOP,0.00048902,"2017-10-29 10:05:00"
IOP,0.000485,"2017-10-29 10:10:00"
IOP,0.00048372,"2017-10-29 10:15:00"
IOP,0.00048197,"2017-10-29 10:20:00"
IOP,0.00048368,"2017-10-29 10:25:00"
IOP,0.00047127,"2017-10-29 10:30:00"
IOP,0.0004789,"2017-10-29 10:35:00"
IOP,0.00047401,"2017-10-29 10:40:00"
IOP,0.00047412,"2017-10-29 10:45:00"
IOP,0.00047836,"2017-10-29 10:50:00"
IOP,0.00047828,"2017-10-29 10:55:00"
IOP,0.0004789,"2017-10-29 11:00:00"
IOP,0.00048278,"2017-10-29 11:05:00"
IOP,0.00048929,"2017-10-29 11:10:00"
IOP,0.000483,"2017-10-29 11:15:00"
IOP,0.00048762,"2017-10-29 11:20:00"
IOP,0.00048351,"2017-10-29 11:25:00"
IOP,0.000479,"2017-10-29 11:30:00"
IOP,0.000479,"2017-10-29 11:35:00"
IOP,0.00048353,"2017-10-29 11:40:00"
IOP,0.00048353,"2017-10-29 11:45:00"
IOP,0.00047903,"2017-10-29 11:50:00"
IOP,0.000479,"2017-10-29 11:55:00"
IOP,0.00047625,"2017-10-29 12:00:00"
IOP,0.00047825,"2017-10-29 12:05:00"
IOP,0.00048,"2017-10-29 12:10:00"
IOP,0.00047362,"2017-10-29 12:15:00"
IOP,0.00047117,"2017-10-29 12:20:00"
IOP,0.00047,"2017-10-29 12:25:00"
IOP,0.00047368,"2017-10-29 12:30:00"
IOP,0.00046253,"2017-10-29 12:35:00"
IOP,0.00045983,"2017-10-29 12:40:00"
IOP,0.00045674,"2017-10-29 12:45:00"
IOP,0.00046815,"2017-10-29 12:50:00"
IOP,0.00046959,"2017-10-29 12:55:00"
IOP,0.00046961,"2017-10-29 13:00:00"
IOP,0.00046816,"2017-10-29 13:05:00"
IOP,0.00045667,"2017-10-29 13:10:00"
IOP,0.00045667,"2017-10-29 13:15:00"
IOP,0.0004575,"2017-10-29 13:20:00"
IOP,0.0004575,"2017-10-29 13:25:00"
IOP,0.000457,"2017-10-29 13:30:00"
IOP,0.0004575,"2017-10-29 13:35:00"
IOP,0.00046581,"2017-10-29 13:40:00"
IOP,0.0004672,"2017-10-29 13:45:00"
IOP,0.00046573,"2017-10-29 13:50:00"
IOP,0.000461,"2017-10-29 13:55:00"
IOP,0.00045005,"2017-10-29 14:00:00"
IOP,0.00045879,"2017-10-29 14:05:00"
IOP,0.00045992,"2017-10-29 14:10:00"
IOP,0.00046065,"2017-10-29 14:15:00"
IOP,0.00046118,"2017-10-29 14:20:00"
IOP,0.00046315,"2017-10-29 14:25:00"
IOP,0.00046977,"2017-10-29 14:30:00"
IOP,0.00047259,"2017-10-29 14:35:00"
IOP,0.00047155,"2017-10-29 14:40:00"
IOP,0.00048,"2017-10-29 14:45:00"
IOP,0.000492,"2017-10-29 14:50:00"
IOP,0.00048218,"2017-10-29 14:55:00"
IOP,0.000485,"2017-10-29 15:00:00"
IOP,0.00048848,"2017-10-29 15:05:00"
IOP,0.000482,"2017-10-29 15:10:00"
IOP,0.00046553,"2017-10-29 15:15:00"
IOP,0.0004715,"2017-10-29 15:20:00"
IOP,0.00046432,"2017-10-29 15:25:00"
IOP,0.00046441,"2017-10-29 15:30:00"
IOP,0.00047104,"2017-10-29 15:35:00"
IOP,0.00047104,"2017-10-29 15:40:00"
IOP,0.000465,"2017-10-29 15:45:00"
IOP,0.00047046,"2017-10-29 15:50:00"
IOP,0.00046504,"2017-10-29 15:55:00"
IOP,0.00046514,"2017-10-29 16:00:00"
IOP,0.00046514,"2017-10-29 16:05:00"
IOP,0.00046514,"2017-10-29 16:10:00"
IOP,0.0004645,"2017-10-29 16:15:00"
IOP,0.0004645,"2017-10-29 16:20:00"
IOP,0.00046427,"2017-10-29 16:25:00"
IOP,0.00046001,"2017-10-29 16:30:00"
IOP,0.00046004,"2017-10-29 16:35:00"
IOP,0.00046003,"2017-10-29 16:40:00"
IOP,0.00046685,"2017-10-29 16:45:00"
IOP,0.00046029,"2017-10-29 16:50:00"
IOP,0.00046003,"2017-10-29 16:55:00"
IOP,0.0004537,"2017-10-29 17:00:00"
IOP,0.00045003,"2017-10-29 17:05:00"
IOP,0.00043835,"2017-10-29 17:10:00"
IOP,0.000439,"2017-10-29 17:15:00"
IOP,0.00044076,"2017-10-29 17:20:00"
IOP,0.00043264,"2017-10-29 17:25:00"
IOP,0.00043457,"2017-10-29 17:30:00"
IOP,0.0004475,"2017-10-29 17:35:00"
IOP,0.00044796,"2017-10-29 17:40:00"
IOP,0.00044934,"2017-10-29 17:45:00"
IOP,0.00044991,"2017-10-29 17:50:00"
IOP,0.0004507,"2017-10-29 17:55:00"
IOP,0.00044934,"2017-10-29 18:00:00"
IOP,0.00044595,"2017-10-29 18:05:00"
IOP,0.000445,"2017-10-29 18:10:00"
IOP,0.0004455,"2017-10-29 18:15:00"
IOP,0.00044908,"2017-10-29 18:20:00"
IOP,0.00045001,"2017-10-29 18:25:00"
IOP,0.00045,"2017-10-29 18:30:00"
IOP,0.00044501,"2017-10-29 18:35:00"
IOP,0.000445,"2017-10-29 18:40:00"
IOP,0.0004418,"2017-10-29 18:45:00"
IOP,0.00045001,"2017-10-29 18:50:00"
IOP,0.00044995,"2017-10-29 18:55:00"
IOP,0.00044995,"2017-10-29 19:00:00"
IOP,0.00044301,"2017-10-29 19:05:00"
IOP,0.00044301,"2017-10-29 19:10:00"
IOP,0.00044301,"2017-10-29 19:15:00"
IOP,0.00044036,"2017-10-29 19:20:00"
IOP,0.00044291,"2017-10-29 19:25:00"
IOP,0.00045209,"2017-10-29 19:30:00"
IOP,0.00045509,"2017-10-29 19:35:00"
IOP,0.000454,"2017-10-29 19:40:00"
IOP,0.00045399,"2017-10-29 19:45:00"
IOP,0.0004537,"2017-10-29 19:50:00"
IOP,0.00045,"2017-10-29 19:55:00"
IOP,0.00045,"2017-10-29 20:00:00"
IOP,0.0004537,"2017-10-29 20:05:00"
IOP,0.0004542,"2017-10-29 20:10:00"
IOP,0.0004542,"2017-10-29 20:15:00"
IOP,0.0004547,"2017-10-29 20:20:00"
IOP,0.00045468,"2017-10-29 20:25:00"
IOP,0.00044787,"2017-10-29 20:30:00"
IOP,0.0004465,"2017-10-29 20:35:00"
IOP,0.00045469,"2017-10-29 20:40:00"
IOP,0.00045335,"2017-10-29 20:45:00"
IOP,0.000445,"2017-10-29 20:50:00"
IOP,0.00044236,"2017-10-29 20:55:00"
IOP,0.00043889,"2017-10-29 21:00:00"
IOP,0.00043883,"2017-10-29 21:05:00"
IOP,0.00043534,"2017-10-29 21:10:00"
IOP,0.0004325,"2017-10-29 21:15:00"
IOP,0.00042987,"2017-10-29 21:20:00"
IOP,0.00043116,"2017-10-29 21:25:00"
IOP,0.0004275,"2017-10-29 21:30:00"
IOP,0.000414,"2017-10-29 21:35:00"
IOP,0.00041786,"2017-10-29 21:40:00"
IOP,0.00041,"2017-10-29 21:45:00"
IOP,0.00041048,"2017-10-29 21:50:00"
IOP,0.00041341,"2017-10-29 21:55:00"
IOP,0.00041341,"2017-10-29 22:00:00"
IOP,0.00040856,"2017-10-29 22:05:00"
IOP,0.00040997,"2017-10-29 22:10:00"
IOP,0.00041,"2017-10-29 22:15:00"
IOP,0.000417,"2017-10-29 22:20:00"
IOP,0.000417,"2017-10-29 22:25:00"
IOP,0.00041549,"2017-10-29 22:30:00"
IOP,0.00041777,"2017-10-29 22:35:00"
IOP,0.000417,"2017-10-29 22:40:00"
IOP,0.000417,"2017-10-29 22:45:00"
IOP,0.000418,"2017-10-29 22:50:00"
IOP,0.00040891,"2017-10-29 22:55:00"
IOP,0.00040119,"2017-10-29 23:00:00"
IOP,0.000404,"2017-10-29 23:05:00"
IOP,0.00041896,"2017-10-29 23:10:00"
IOP,0.00041942,"2017-10-29 23:15:00"
IOP,0.00042129,"2017-10-29 23:20:00"
IOP,0.00043,"2017-10-29 23:25:00"
IOP,0.00043199,"2017-10-29 23:30:00"
IOP,0.00043471,"2017-10-29 23:35:00"
IOP,0.00043199,"2017-10-29 23:40:00"
IOP,0.00043,"2017-10-29 23:45:00"
IOP,0.00043,"2017-10-29 23:50:00"
IOP,0.00043,"2017-10-29 23:55:00"
IOP,0.00043486,"2017-10-30 00:00:00"
IOP,0.00043486,"2017-10-30 00:05:00"
IOP,0.00043,"2017-10-30 00:10:00"
IOP,0.00043486,"2017-10-30 00:15:00"
IOP,0.000435,"2017-10-30 00:20:00"
IOP,0.00043632,"2017-10-30 00:25:00"
IOP,0.00043632,"2017-10-30 00:30:00"
IOP,0.00043629,"2017-10-30 00:35:00"
IOP,0.00043582,"2017-10-30 00:40:00"
IOP,0.0004249,"2017-10-30 00:45:00"
IOP,0.000411,"2017-10-30 00:50:00"
IOP,0.00041307,"2017-10-30 00:55:00"
IOP,0.00041299,"2017-10-30 01:00:00"
IOP,0.00040577,"2017-10-30 01:05:00"
IOP,0.00041289,"2017-10-30 01:10:00"
IOP,0.00041299,"2017-10-30 01:15:00"
IOP,0.00041299,"2017-10-30 01:20:00"
IOP,0.000412,"2017-10-30 01:25:00"
IOP,0.00041199,"2017-10-30 01:30:00"
IOP,0.00041298,"2017-10-30 01:35:00"
IOP,0.00041298,"2017-10-30 01:40:00"
IOP,0.00041298,"2017-10-30 01:45:00"
IOP,0.00041298,"2017-10-30 01:50:00"
IOP,0.00041298,"2017-10-30 01:55:00"
IOP,0.00041299,"2017-10-30 02:00:00"
IOP,0.00042089,"2017-10-30 02:05:00"
IOP,0.00042091,"2017-10-30 02:10:00"
IOP,0.00043024,"2017-10-30 02:15:00"
IOP,0.00043024,"2017-10-30 02:20:00"
IOP,0.00043,"2017-10-30 02:25:00"
IOP,0.0004204,"2017-10-30 02:30:00"
IOP,0.00041887,"2017-10-30 02:35:00"
IOP,0.00041887,"2017-10-30 02:40:00"
IOP,0.00042779,"2017-10-30 02:45:00"
IOP,0.0004278,"2017-10-30 02:50:00"
IOP,0.00042001,"2017-10-30 02:55:00"
IOP,0.00042001,"2017-10-30 03:00:00"
IOP,0.00042001,"2017-10-30 03:05:00"
IOP,0.0004254,"2017-10-30 03:10:00"
IOP,0.00042002,"2017-10-30 03:15:00"
IOP,0.00042001,"2017-10-30 03:20:00"
IOP,0.00042001,"2017-10-30 03:25:00"
IOP,0.00042001,"2017-10-30 03:30:00"
IOP,0.00042001,"2017-10-30 03:35:00"
IOP,0.0004205,"2017-10-30 03:40:00"
IOP,0.00042399,"2017-10-30 03:45:00"
IOP,0.00042398,"2017-10-30 03:50:00"
IOP,0.00042398,"2017-10-30 03:55:00"
IOP,0.00042598,"2017-10-30 04:00:00"
IOP,0.00042652,"2017-10-30 04:05:00"
IOP,0.000426,"2017-10-30 04:10:00"
IOP,0.000426,"2017-10-30 04:15:00"
IOP,0.000426,"2017-10-30 04:20:00"
IOP,0.000426,"2017-10-30 04:25:00"
IOP,0.000426,"2017-10-30 04:30:00"
IOP,0.000426,"2017-10-30 04:35:00"
IOP,0.00042691,"2017-10-30 04:40:00"
IOP,0.00042597,"2017-10-30 04:45:00"
IOP,0.00042398,"2017-10-30 04:50:00"
IOP,0.00042319,"2017-10-30 04:55:00"
IOP,0.00042319,"2017-10-30 05:00:00"
IOP,0.00042319,"2017-10-30 05:05:00"
IOP,0.00042319,"2017-10-30 05:10:00"
IOP,0.00042154,"2017-10-30 05:15:00"
IOP,0.00042116,"2017-10-30 05:20:00"
IOP,0.00042681,"2017-10-30 05:25:00"
IOP,0.000427,"2017-10-30 05:30:00"
IOP,0.00042808,"2017-10-30 05:35:00"
IOP,0.00042808,"2017-10-30 05:40:00"
IOP,0.00042899,"2017-10-30 05:45:00"
IOP,0.00043632,"2017-10-30 05:50:00"
IOP,0.00043632,"2017-10-30 05:55:00"
IOP,0.00044,"2017-10-30 06:00:00"
IOP,0.00044,"2017-10-30 06:05:00"
IOP,0.00043999,"2017-10-30 06:10:00"
IOP,0.000435,"2017-10-30 06:15:00"
IOP,0.00043501,"2017-10-30 06:20:00"
IOP,0.00043501,"2017-10-30 06:25:00"
IOP,0.00043179,"2017-10-30 06:30:00"
IOP,0.00043139,"2017-10-30 06:35:00"
IOP,0.00043139,"2017-10-30 06:40:00"
IOP,0.0004312,"2017-10-30 06:45:00"
IOP,0.0004311,"2017-10-30 06:50:00"
IOP,0.0004311,"2017-10-30 06:55:00"
IOP,0.00043117,"2017-10-30 07:00:00"
IOP,0.00043109,"2017-10-30 07:05:00"
IOP,0.000427,"2017-10-30 07:10:00"
IOP,0.000427,"2017-10-30 07:15:00"
IOP,0.00042714,"2017-10-30 07:20:00"
IOP,0.00043117,"2017-10-30 07:25:00"
IOP,0.00044187,"2017-10-30 07:30:00"
IOP,0.00044332,"2017-10-30 07:35:00"
IOP,0.00044486,"2017-10-30 07:40:00"
IOP,0.00044499,"2017-10-30 07:45:00"
IOP,0.00044333,"2017-10-30 07:50:00"
IOP,0.00043239,"2017-10-30 07:55:00"
IOP,0.00042955,"2017-10-30 08:00:00"
IOP,0.00043647,"2017-10-30 08:05:00"
IOP,0.00042955,"2017-10-30 08:10:00"
IOP,0.00042893,"2017-10-30 08:15:00"
IOP,0.00043209,"2017-10-30 08:20:00"
IOP,0.00043227,"2017-10-30 08:25:00"
IOP,0.00043334,"2017-10-30 08:30:00"
IOP,0.00043184,"2017-10-30 08:35:00"
IOP,0.00043184,"2017-10-30 08:40:00"
IOP,0.00043184,"2017-10-30 08:45:00"
IOP,0.00042792,"2017-10-30 08:50:00"
IOP,0.00042792,"2017-10-30 08:55:00"
IOP,0.00042949,"2017-10-30 09:00:00"
IOP,0.00042765,"2017-10-30 09:05:00"
IOP,0.00042709,"2017-10-30 09:10:00"
IOP,0.0004271,"2017-10-30 09:15:00"
IOP,0.0004271,"2017-10-30 09:20:00"
IOP,0.0004271,"2017-10-30 09:25:00"
IOP,0.00042702,"2017-10-30 09:30:00"
IOP,0.00042701,"2017-10-30 09:35:00"
IOP,0.00042674,"2017-10-30 09:40:00"
IOP,0.00042958,"2017-10-30 09:45:00"
IOP,0.00042921,"2017-10-30 09:50:00"
IOP,0.00042672,"2017-10-30 09:55:00"
IOP,0.00042672,"2017-10-30 10:00:00"
IOP,0.00042672,"2017-10-30 10:05:00"
IOP,0.00043311,"2017-10-30 10:10:00"
IOP,0.00043311,"2017-10-30 10:15:00"
IOP,0.00043,"2017-10-30 10:20:00"
IOP,0.00043,"2017-10-30 10:25:00"
IOP,0.0004342,"2017-10-30 10:30:00"
IOP,0.00043,"2017-10-30 10:35:00"
IOP,0.00043,"2017-10-30 10:40:00"
IOP,0.00043,"2017-10-30 10:45:00"
IOP,0.00043,"2017-10-30 10:50:00"
IOP,0.000427,"2017-10-30 10:55:00"
IOP,0.00042673,"2017-10-30 11:00:00"
IOP,0.000427,"2017-10-30 11:05:00"
IOP,0.00042673,"2017-10-30 11:10:00"
IOP,0.00042673,"2017-10-30 11:15:00"
IOP,0.000425,"2017-10-30 11:20:00"
IOP,0.00042115,"2017-10-30 11:25:00"
IOP,0.00042117,"2017-10-30 11:30:00"
IOP,0.00042477,"2017-10-30 11:35:00"
IOP,0.00042893,"2017-10-30 11:40:00"
IOP,0.00042893,"2017-10-30 11:45:00"
IOP,0.00042005,"2017-10-30 11:50:00"
IOP,0.00042005,"2017-10-30 11:55:00"
IOP,0.00042,"2017-10-30 12:00:00"
IOP,0.00042,"2017-10-30 12:05:00"
IOP,0.00042,"2017-10-30 12:10:00"
IOP,0.00042006,"2017-10-30 12:15:00"
IOP,0.00042799,"2017-10-30 12:20:00"
IOP,0.00042798,"2017-10-30 12:25:00"
IOP,0.00042007,"2017-10-30 12:30:00"
IOP,0.00042,"2017-10-30 12:35:00"
IOP,0.000425,"2017-10-30 12:40:00"
IOP,0.00042009,"2017-10-30 12:45:00"
IOP,0.00042009,"2017-10-30 12:50:00"
IOP,0.00042,"2017-10-30 12:55:00"
IOP,0.00042001,"2017-10-30 13:00:00"
IOP,0.00042001,"2017-10-30 13:05:00"
IOP,0.00042,"2017-10-30 13:10:00"
IOP,0.00042,"2017-10-30 13:15:00"
IOP,0.00042001,"2017-10-30 13:20:00"
IOP,0.00042001,"2017-10-30 13:25:00"
IOP,0.00042001,"2017-10-30 13:30:00"
IOP,0.00042024,"2017-10-30 13:35:00"
IOP,0.00042096,"2017-10-30 13:40:00"
IOP,0.00042096,"2017-10-30 13:45:00"
IOP,0.00042024,"2017-10-30 13:50:00"
IOP,0.00042033,"2017-10-30 13:55:00"
IOP,0.00042786,"2017-10-30 14:00:00"
IOP,0.00042926,"2017-10-30 14:05:00"
IOP,0.00043067,"2017-10-30 14:10:00"
IOP,0.00043067,"2017-10-30 14:15:00"
IOP,0.00043716,"2017-10-30 14:20:00"
IOP,0.00044382,"2017-10-30 14:25:00"
IOP,0.0004437,"2017-10-30 14:30:00"
IOP,0.0004437,"2017-10-30 14:35:00"
IOP,0.00043678,"2017-10-30 14:40:00"
IOP,0.00044093,"2017-10-30 14:45:00"
IOP,0.00043702,"2017-10-30 14:50:00"
IOP,0.00043701,"2017-10-30 14:55:00"
IOP,0.00043281,"2017-10-30 15:00:00"
IOP,0.00043481,"2017-10-30 15:05:00"
IOP,0.00043481,"2017-10-30 15:10:00"
IOP,0.00043068,"2017-10-30 15:15:00"
IOP,0.00043469,"2017-10-30 15:20:00"
IOP,0.00043068,"2017-10-30 15:25:00"
IOP,0.00043989,"2017-10-30 15:30:00"
IOP,0.00043249,"2017-10-30 15:35:00"
IOP,0.00043345,"2017-10-30 15:40:00"
IOP,0.00043476,"2017-10-30 15:45:00"
IOP,0.00042337,"2017-10-30 15:50:00"
IOP,0.0004265,"2017-10-30 15:55:00"
IOP,0.0004265,"2017-10-30 16:00:00"
IOP,0.00042505,"2017-10-30 16:05:00"
IOP,0.00042503,"2017-10-30 16:10:00"
IOP,0.00043,"2017-10-30 16:15:00"
IOP,0.0004319,"2017-10-30 16:20:00"
IOP,0.000436,"2017-10-30 16:25:00"
IOP,0.00043043,"2017-10-30 16:30:00"
IOP,0.00043043,"2017-10-30 16:35:00"
IOP,0.0004315,"2017-10-30 16:40:00"
IOP,0.0004315,"2017-10-30 16:45:00"
IOP,0.0004315,"2017-10-30 16:50:00"
IOP,0.00043045,"2017-10-30 16:55:00"
IOP,0.000425,"2017-10-30 17:00:00"
IOP,0.000425,"2017-10-30 17:05:00"
IOP,0.000425,"2017-10-30 17:10:00"
IOP,0.00042501,"2017-10-30 17:15:00"
IOP,0.000425,"2017-10-30 17:20:00"
IOP,0.00043207,"2017-10-30 17:25:00"
IOP,0.00042569,"2017-10-30 17:30:00"
IOP,0.00043508,"2017-10-30 17:35:00"
IOP,0.00043444,"2017-10-30 17:40:00"
IOP,0.00043444,"2017-10-30 17:45:00"
IOP,0.00042516,"2017-10-30 17:50:00"
IOP,0.00043447,"2017-10-30 17:55:00"
IOP,0.00042564,"2017-10-30 18:00:00"
IOP,0.00042567,"2017-10-30 18:05:00"
IOP,0.00042566,"2017-10-30 18:10:00"
IOP,0.00042435,"2017-10-30 18:15:00"
IOP,0.00042435,"2017-10-30 18:20:00"
IOP,0.00042435,"2017-10-30 18:25:00"
IOP,0.00042435,"2017-10-30 18:30:00"
IOP,0.00042411,"2017-10-30 18:35:00"
IOP,0.00042411,"2017-10-30 18:40:00"
IOP,0.00042401,"2017-10-30 18:45:00"
IOP,0.00042401,"2017-10-30 18:50:00"
IOP,0.00042401,"2017-10-30 18:55:00"
IOP,0.00042435,"2017-10-30 19:00:00"
IOP,0.00041992,"2017-10-30 19:05:00"
IOP,0.00041992,"2017-10-30 19:10:00"
IOP,0.0004189,"2017-10-30 19:15:00"
IOP,0.0004189,"2017-10-30 19:20:00"
IOP,0.00042399,"2017-10-30 19:25:00"
IOP,0.00042435,"2017-10-30 19:30:00"
IOP,0.00042011,"2017-10-30 19:35:00"
IOP,0.00042679,"2017-10-30 19:40:00"
IOP,0.00042679,"2017-10-30 19:45:00"
IOP,0.00042774,"2017-10-30 19:50:00"
IOP,0.00042023,"2017-10-30 19:55:00"
IOP,0.00042023,"2017-10-30 20:00:00"
IOP,0.00042051,"2017-10-30 20:05:00"
IOP,0.0004205,"2017-10-30 20:10:00"
IOP,0.0004205,"2017-10-30 20:15:00"
IOP,0.0004205,"2017-10-30 20:20:00"
IOP,0.00041924,"2017-10-30 20:25:00"
IOP,0.0004205,"2017-10-30 20:30:00"
IOP,0.00042099,"2017-10-30 20:35:00"
IOP,0.00042051,"2017-10-30 20:40:00"
IOP,0.00042051,"2017-10-30 20:45:00"
IOP,0.00042051,"2017-10-30 20:55:00"
IOP,0.00042051,"2017-10-30 21:00:00"
IOP,0.00042051,"2017-10-30 21:05:00"
IOP,0.00042051,"2017-10-30 21:10:00"
IOP,0.00042051,"2017-10-30 21:15:00"
IOP,0.0004217,"2017-10-30 21:20:00"
IOP,0.0004217,"2017-10-30 21:25:00"
IOP,0.0004217,"2017-10-30 21:30:00"
IOP,0.0004217,"2017-10-30 21:35:00"
IOP,0.0004217,"2017-10-30 21:40:00"
IOP,0.00042055,"2017-10-30 21:45:00"
IOP,0.00042055,"2017-10-30 21:50:00"
IOP,0.00042055,"2017-10-30 21:55:00"
IOP,0.00042055,"2017-10-30 22:00:00"
IOP,0.00042055,"2017-10-30 22:05:00"
IOP,0.00042054,"2017-10-30 22:10:00"
IOP,0.00042053,"2017-10-30 22:15:00"
IOP,0.00041914,"2017-10-30 22:20:00"
IOP,0.00041888,"2017-10-30 22:25:00"
IOP,0.00041856,"2017-10-30 22:30:00"
IOP,0.00041838,"2017-10-30 22:35:00"
IOP,0.00041838,"2017-10-30 22:40:00"
IOP,0.00042008,"2017-10-30 22:45:00"
IOP,0.000424,"2017-10-30 22:50:00"
IOP,0.000424,"2017-10-30 22:55:00"
IOP,0.00042777,"2017-10-30 23:00:00"
IOP,0.00042669,"2017-10-30 23:05:00"
IOP,0.00043,"2017-10-30 23:10:00"
IOP,0.00043066,"2017-10-30 23:15:00"
IOP,0.00044511,"2017-10-30 23:20:00"
IOP,0.00044609,"2017-10-30 23:25:00"
IOP,0.00044563,"2017-10-30 23:30:00"
IOP,0.000441,"2017-10-30 23:35:00"
IOP,0.00044,"2017-10-30 23:40:00"
IOP,0.00043978,"2017-10-30 23:45:00"
IOP,0.00043883,"2017-10-30 23:50:00"
IOP,0.00043757,"2017-10-30 23:55:00"
IOP,0.00043738,"2017-10-31 00:00:00"
IOP,0.00043738,"2017-10-31 00:05:00"
IOP,0.00043738,"2017-10-31 00:10:00"
IOP,0.00043738,"2017-10-31 00:15:00"
IOP,0.00043595,"2017-10-31 00:20:00"
IOP,0.0004345,"2017-10-31 00:25:00"
IOP,0.00042442,"2017-10-31 00:30:00"
IOP,0.00043305,"2017-10-31 00:35:00"
IOP,0.000426,"2017-10-31 00:40:00"
IOP,0.000426,"2017-10-31 00:45:00"
IOP,0.00043306,"2017-10-31 00:50:00"
IOP,0.000433,"2017-10-31 00:55:00"
IOP,0.000427,"2017-10-31 01:00:00"
IOP,0.00042037,"2017-10-31 01:05:00"
IOP,0.00042125,"2017-10-31 01:10:00"
IOP,0.00042125,"2017-10-31 01:15:00"
IOP,0.00042125,"2017-10-31 01:20:00"
IOP,0.000422,"2017-10-31 01:25:00"
IOP,0.000422,"2017-10-31 01:30:00"
IOP,0.000422,"2017-10-31 01:35:00"
IOP,0.00042211,"2017-10-31 01:40:00"
IOP,0.00042962,"2017-10-31 01:45:00"
IOP,0.00042379,"2017-10-31 01:50:00"
IOP,0.00042963,"2017-10-31 01:55:00"
IOP,0.00042963,"2017-10-31 02:00:00"
IOP,0.00043,"2017-10-31 02:05:00"
IOP,0.00043105,"2017-10-31 02:10:00"
IOP,0.00043914,"2017-10-31 02:15:00"
IOP,0.00043417,"2017-10-31 02:20:00"
IOP,0.0004342,"2017-10-31 02:25:00"
IOP,0.00043423,"2017-10-31 02:30:00"
IOP,0.0004342,"2017-10-31 02:35:00"
IOP,0.00043075,"2017-10-31 02:40:00"
IOP,0.00043075,"2017-10-31 02:45:00"
IOP,0.00043075,"2017-10-31 02:50:00"
IOP,0.00042963,"2017-10-31 02:55:00"
IOP,0.00042963,"2017-10-31 03:00:00"
IOP,0.00042963,"2017-10-31 03:05:00"
IOP,0.00042707,"2017-10-31 03:10:00"
IOP,0.00042707,"2017-10-31 03:15:00"
IOP,0.00042963,"2017-10-31 03:20:00"
IOP,0.00042806,"2017-10-31 03:25:00"
IOP,0.00042962,"2017-10-31 03:30:00"
IOP,0.00042962,"2017-10-31 03:35:00"
IOP,0.00042806,"2017-10-31 03:40:00"
IOP,0.00043495,"2017-10-31 03:45:00"
IOP,0.0004271,"2017-10-31 03:50:00"
IOP,0.00043,"2017-10-31 03:55:00"
IOP,0.00043,"2017-10-31 04:00:00"
IOP,0.00043714,"2017-10-31 04:05:00"
IOP,0.0004301,"2017-10-31 04:10:00"
IOP,0.0004301,"2017-10-31 04:15:00"
IOP,0.00043001,"2017-10-31 04:20:00"
IOP,0.00042994,"2017-10-31 04:25:00"
IOP,0.00043029,"2017-10-31 04:30:00"
IOP,0.00043029,"2017-10-31 04:35:00"
IOP,0.00043775,"2017-10-31 04:40:00"
IOP,0.00043627,"2017-10-31 04:45:00"
IOP,0.00043627,"2017-10-31 04:50:00"
IOP,0.00043627,"2017-10-31 04:55:00"
IOP,0.00043709,"2017-10-31 05:00:00"
IOP,0.00043718,"2017-10-31 05:05:00"
IOP,0.00043718,"2017-10-31 05:10:00"
IOP,0.000431,"2017-10-31 05:15:00"
IOP,0.00043726,"2017-10-31 05:20:00"
IOP,0.000431,"2017-10-31 05:25:00"
IOP,0.0004319,"2017-10-31 05:30:00"
IOP,0.0004319,"2017-10-31 05:35:00"
IOP,0.0004358,"2017-10-31 05:40:00"
IOP,0.0004358,"2017-10-31 05:45:00"
IOP,0.0004358,"2017-10-31 05:50:00"
IOP,0.00043612,"2017-10-31 05:55:00"
IOP,0.00043584,"2017-10-31 06:00:00"
IOP,0.00043584,"2017-10-31 06:05:00"
IOP,0.00042281,"2017-10-31 06:10:00"
IOP,0.000435,"2017-10-31 06:15:00"
IOP,0.000435,"2017-10-31 06:20:00"
IOP,0.00043382,"2017-10-31 06:25:00"
IOP,0.00043382,"2017-10-31 06:30:00"
IOP,0.00043382,"2017-10-31 06:35:00"
IOP,0.0004369,"2017-10-31 06:40:00"
IOP,0.00043382,"2017-10-31 06:45:00"
IOP,0.00043382,"2017-10-31 06:50:00"
IOP,0.00043382,"2017-10-31 06:55:00"
IOP,0.00043382,"2017-10-31 07:00:00"
IOP,0.00043382,"2017-10-31 07:05:00"
IOP,0.0004319,"2017-10-31 07:10:00"
IOP,0.0004319,"2017-10-31 07:15:00"
IOP,0.0004319,"2017-10-31 07:20:00"
IOP,0.00043191,"2017-10-31 07:25:00"
IOP,0.00043382,"2017-10-31 07:30:00"
IOP,0.00043191,"2017-10-31 07:35:00"
IOP,0.00043381,"2017-10-31 07:40:00"
IOP,0.00043191,"2017-10-31 07:45:00"
IOP,0.00043381,"2017-10-31 07:50:00"
IOP,0.00043191,"2017-10-31 07:55:00"
IOP,0.00043195,"2017-10-31 08:00:00"
IOP,0.00042631,"2017-10-31 08:05:00"
IOP,0.00042631,"2017-10-31 08:10:00"
IOP,0.00042641,"2017-10-31 08:15:00"
IOP,0.00043281,"2017-10-31 08:20:00"
IOP,0.00043382,"2017-10-31 08:25:00"
IOP,0.00042857,"2017-10-31 08:30:00"
IOP,0.00043382,"2017-10-31 08:35:00"
IOP,0.00043613,"2017-10-31 08:40:00"
IOP,0.0004369,"2017-10-31 08:45:00"
IOP,0.00043888,"2017-10-31 08:50:00"
IOP,0.00043907,"2017-10-31 08:55:00"
IOP,0.000439,"2017-10-31 09:00:00"
IOP,0.00044,"2017-10-31 09:05:00"
IOP,0.00043883,"2017-10-31 09:10:00"
IOP,0.00043726,"2017-10-31 09:15:00"
IOP,0.0004325,"2017-10-31 09:20:00"
IOP,0.0004325,"2017-10-31 09:25:00"
IOP,0.0004376,"2017-10-31 09:30:00"
IOP,0.0004325,"2017-10-31 09:35:00"
IOP,0.0004325,"2017-10-31 09:40:00"
IOP,0.00043128,"2017-10-31 09:45:00"
IOP,0.00042895,"2017-10-31 09:50:00"
IOP,0.0004263,"2017-10-31 09:55:00"
IOP,0.0004263,"2017-10-31 10:00:00"
IOP,0.0004263,"2017-10-31 10:05:00"
IOP,0.00042725,"2017-10-31 10:10:00"
IOP,0.00042725,"2017-10-31 10:15:00"
IOP,0.00042801,"2017-10-31 10:20:00"
IOP,0.00042851,"2017-10-31 10:25:00"
IOP,0.0004285,"2017-10-31 10:30:00"
IOP,0.00042802,"2017-10-31 10:35:00"
IOP,0.00042802,"2017-10-31 10:40:00"
IOP,0.00042724,"2017-10-31 10:45:00"
IOP,0.00042802,"2017-10-31 10:50:00"
IOP,0.00042725,"2017-10-31 10:55:00"
IOP,0.0004272,"2017-10-31 11:00:00"
IOP,0.00042626,"2017-10-31 11:05:00"
IOP,0.00042626,"2017-10-31 11:10:00"
IOP,0.00042719,"2017-10-31 11:15:00"
IOP,0.0004272,"2017-10-31 11:20:00"
IOP,0.00042704,"2017-10-31 11:25:00"
IOP,0.00041903,"2017-10-31 11:30:00"
IOP,0.00042398,"2017-10-31 11:35:00"
IOP,0.00042594,"2017-10-31 11:40:00"
IOP,0.00042587,"2017-10-31 11:45:00"
IOP,0.00042001,"2017-10-31 11:50:00"
IOP,0.00042,"2017-10-31 11:55:00"
IOP,0.00042399,"2017-10-31 12:00:00"
IOP,0.000424,"2017-10-31 12:05:00"
IOP,0.00042001,"2017-10-31 12:10:00"
IOP,0.00042001,"2017-10-31 12:15:00"
IOP,0.00042,"2017-10-31 12:20:00"
IOP,0.000424,"2017-10-31 12:25:00"
IOP,0.000419,"2017-10-31 12:30:00"
IOP,0.0004185,"2017-10-31 12:35:00"
IOP,0.0004185,"2017-10-31 12:40:00"
IOP,0.00042,"2017-10-31 12:45:00"
IOP,0.00041501,"2017-10-31 12:50:00"
IOP,0.00041741,"2017-10-31 12:55:00"
IOP,0.00042,"2017-10-31 13:00:00"
IOP,0.00042001,"2017-10-31 13:05:00"
IOP,0.00041851,"2017-10-31 13:10:00"
IOP,0.00041869,"2017-10-31 13:15:00"
IOP,0.000444,"2017-10-31 13:20:00"
IOP,0.000458,"2017-10-31 13:25:00"
IOP,0.00047,"2017-10-31 13:30:00"
IOP,0.0004737,"2017-10-31 13:35:00"
IOP,0.00047,"2017-10-31 13:40:00"
IOP,0.00050218,"2017-10-31 13:45:00"
IOP,0.00048,"2017-10-31 13:50:00"
IOP,0.00048302,"2017-10-31 13:55:00"
IOP,0.000474,"2017-10-31 14:00:00"
IOP,0.00047208,"2017-10-31 14:05:00"
IOP,0.000455,"2017-10-31 14:10:00"
IOP,0.00046,"2017-10-31 14:15:00"
IOP,0.00046049,"2017-10-31 14:20:00"
IOP,0.00046588,"2017-10-31 14:25:00"
IOP,0.000463,"2017-10-31 14:30:00"
IOP,0.00045301,"2017-10-31 14:35:00"
IOP,0.000464,"2017-10-31 14:40:00"
IOP,0.00047518,"2017-10-31 14:45:00"
IOP,0.00045605,"2017-10-31 14:50:00"
IOP,0.00044322,"2017-10-31 14:55:00"
IOP,0.00045092,"2017-10-31 15:00:00"
IOP,0.00043245,"2017-10-31 15:05:00"
IOP,0.00043497,"2017-10-31 15:10:00"
IOP,0.00042948,"2017-10-31 15:15:00"
IOP,0.000422,"2017-10-31 15:20:00"
IOP,0.000429,"2017-10-31 15:25:00"
IOP,0.00043443,"2017-10-31 15:30:00"
IOP,0.00044035,"2017-10-31 15:35:00"
IOP,0.000444,"2017-10-31 15:40:00"
IOP,0.00044429,"2017-10-31 15:45:00"
IOP,0.00044714,"2017-10-31 15:50:00"
IOP,0.000451,"2017-10-31 15:55:00"
IOP,0.00044568,"2017-10-31 16:00:00"
IOP,0.00044,"2017-10-31 16:05:00"
IOP,0.0004399,"2017-10-31 16:10:00"
IOP,0.0004399,"2017-10-31 16:15:00"
IOP,0.00044,"2017-10-31 16:20:00"
IOP,0.00043731,"2017-10-31 16:25:00"
IOP,0.00043767,"2017-10-31 16:30:00"
IOP,0.000451,"2017-10-31 16:35:00"
IOP,0.00046128,"2017-10-31 16:40:00"
IOP,0.00047,"2017-10-31 16:45:00"
IOP,0.00046099,"2017-10-31 16:50:00"
IOP,0.000455,"2017-10-31 16:55:00"
IOP,0.00045549,"2017-10-31 17:00:00"
IOP,0.00046,"2017-10-31 17:05:00"
IOP,0.00045995,"2017-10-31 17:10:00"
IOP,0.0004599,"2017-10-31 17:15:00"
IOP,0.00045643,"2017-10-31 17:20:00"
IOP,0.00045568,"2017-10-31 17:25:00"
IOP,0.0004501,"2017-10-31 17:30:00"
IOP,0.0004499,"2017-10-31 17:35:00"
IOP,0.0004501,"2017-10-31 17:40:00"
IOP,0.00045568,"2017-10-31 17:45:00"
IOP,0.00046,"2017-10-31 17:50:00"
IOP,0.00045802,"2017-10-31 17:55:00"
IOP,0.00045214,"2017-10-31 18:00:00"
IOP,0.0004508,"2017-10-31 18:05:00"
IOP,0.00044322,"2017-10-31 18:10:00"
IOP,0.00044002,"2017-10-31 18:15:00"
IOP,0.0004498,"2017-10-31 18:20:00"
IOP,0.00044227,"2017-10-31 18:25:00"
IOP,0.00044257,"2017-10-31 18:30:00"
IOP,0.00044212,"2017-10-31 18:35:00"
IOP,0.00043091,"2017-10-31 18:40:00"
IOP,0.00042782,"2017-10-31 18:45:00"
IOP,0.00043877,"2017-10-31 18:50:00"
IOP,0.00043802,"2017-10-31 18:55:00"
IOP,0.000432,"2017-10-31 19:00:00"
IOP,0.00043363,"2017-10-31 19:05:00"
IOP,0.000439,"2017-10-31 19:10:00"
IOP,0.000439,"2017-10-31 19:15:00"
IOP,0.00044257,"2017-10-31 19:20:00"
IOP,0.00044257,"2017-10-31 19:25:00"
IOP,0.00044786,"2017-10-31 19:30:00"
IOP,0.00044759,"2017-10-31 19:35:00"
IOP,0.00044121,"2017-10-31 19:40:00"
IOP,0.00044,"2017-10-31 19:45:00"
IOP,0.00044941,"2017-10-31 19:50:00"
IOP,0.0004455,"2017-10-31 19:55:00"
IOP,0.0004456,"2017-10-31 20:00:00"
IOP,0.00045,"2017-10-31 20:05:00"
IOP,0.000451,"2017-10-31 20:10:00"
IOP,0.00046,"2017-10-31 20:15:00"
IOP,0.000466,"2017-10-31 20:20:00"
IOP,0.00046332,"2017-10-31 20:25:00"
IOP,0.00047099,"2017-10-31 20:30:00"
IOP,0.00046984,"2017-10-31 20:35:00"
IOP,0.0004689,"2017-10-31 20:40:00"
IOP,0.00044991,"2017-10-31 20:45:00"
IOP,0.00044,"2017-10-31 20:50:00"
IOP,0.00043899,"2017-10-31 20:55:00"
IOP,0.00044761,"2017-10-31 21:00:00"
IOP,0.00046018,"2017-10-31 21:05:00"
IOP,0.00045636,"2017-10-31 21:10:00"
IOP,0.00045958,"2017-10-31 21:15:00"
IOP,0.00045259,"2017-10-31 21:20:00"
IOP,0.000453,"2017-10-31 21:25:00"
IOP,0.000458,"2017-10-31 21:30:00"
IOP,0.00045325,"2017-10-31 21:35:00"
IOP,0.00045326,"2017-10-31 21:40:00"
IOP,0.00045326,"2017-10-31 21:45:00"
IOP,0.0004577,"2017-10-31 21:50:00"
IOP,0.000458,"2017-10-31 21:55:00"
IOP,0.00046094,"2017-10-31 22:00:00"
IOP,0.00045999,"2017-10-31 22:05:00"
IOP,0.00046,"2017-10-31 22:10:00"
IOP,0.00045473,"2017-10-31 22:15:00"
IOP,0.00046,"2017-10-31 22:20:00"
IOP,0.0004649,"2017-10-31 22:25:00"
IOP,0.00046166,"2017-10-31 22:30:00"
IOP,0.00046,"2017-10-31 22:35:00"
IOP,0.00045326,"2017-10-31 22:40:00"
IOP,0.00045326,"2017-10-31 22:45:00"
IOP,0.00045325,"2017-10-31 22:50:00"
IOP,0.00045327,"2017-10-31 22:55:00"
IOP,0.00044586,"2017-10-31 23:00:00"
IOP,0.0004385,"2017-10-31 23:05:00"
IOP,0.00044,"2017-10-31 23:10:00"
IOP,0.0004321,"2017-10-31 23:15:00"
IOP,0.00043927,"2017-10-31 23:20:00"
IOP,0.00043735,"2017-10-31 23:25:00"
IOP,0.00043211,"2017-10-31 23:30:00"
IOP,0.00043637,"2017-10-31 23:35:00"
IOP,0.0004322,"2017-10-31 23:40:00"
IOP,0.00043777,"2017-10-31 23:45:00"
IOP,0.00043824,"2017-10-31 23:50:00"
IOP,0.00044,"2017-10-31 23:55:00"
IOP,0.00045005,"2017-11-01 00:00:00"
IOP,0.000455,"2017-11-01 00:05:00"
IOP,0.00046049,"2017-11-01 00:10:00"
IOP,0.00046062,"2017-11-01 00:15:00"
IOP,0.00046062,"2017-11-01 00:20:00"
IOP,0.00045744,"2017-11-01 00:25:00"
IOP,0.0004504,"2017-11-01 00:30:00"
IOP,0.00046072,"2017-11-01 00:35:00"
IOP,0.000458,"2017-11-01 00:40:00"
IOP,0.000458,"2017-11-01 00:45:00"
IOP,0.00044834,"2017-11-01 00:50:00"
IOP,0.00044686,"2017-11-01 00:55:00"
IOP,0.00044627,"2017-11-01 01:00:00"
IOP,0.00044202,"2017-11-01 01:05:00"
IOP,0.0004413,"2017-11-01 01:10:00"
IOP,0.000438,"2017-11-01 01:15:00"
IOP,0.00044202,"2017-11-01 01:20:00"
IOP,0.00044199,"2017-11-01 01:25:00"
IOP,0.00044198,"2017-11-01 01:30:00"
IOP,0.00043557,"2017-11-01 01:35:00"
IOP,0.00044172,"2017-11-01 01:40:00"
IOP,0.0004476,"2017-11-01 01:45:00"
IOP,0.00044766,"2017-11-01 01:50:00"
IOP,0.00044761,"2017-11-01 01:55:00"
IOP,0.00044983,"2017-11-01 02:00:00"
IOP,0.0004474,"2017-11-01 02:05:00"
IOP,0.00043883,"2017-11-01 02:10:00"
IOP,0.000435,"2017-11-01 02:15:00"
IOP,0.00043389,"2017-11-01 02:20:00"
IOP,0.00043077,"2017-11-01 02:25:00"
IOP,0.00043882,"2017-11-01 02:30:00"
IOP,0.0004306,"2017-11-01 02:35:00"
IOP,0.00043079,"2017-11-01 02:40:00"
IOP,0.00043601,"2017-11-01 02:45:00"
IOP,0.00043063,"2017-11-01 02:50:00"
IOP,0.00043064,"2017-11-01 02:55:00"
IOP,0.00043065,"2017-11-01 03:00:00"
IOP,0.00043064,"2017-11-01 03:05:00"
IOP,0.00043025,"2017-11-01 03:10:00"
IOP,0.00043017,"2017-11-01 03:15:00"
IOP,0.00043018,"2017-11-01 03:20:00"
IOP,0.00043025,"2017-11-01 03:25:00"
IOP,0.00042988,"2017-11-01 03:30:00"
IOP,0.0004302,"2017-11-01 03:35:00"
IOP,0.00042984,"2017-11-01 03:40:00"
IOP,0.00042984,"2017-11-01 03:45:00"
IOP,0.00043,"2017-11-01 03:50:00"
IOP,0.00042976,"2017-11-01 03:55:00"
IOP,0.00042959,"2017-11-01 04:00:00"
IOP,0.00042957,"2017-11-01 04:05:00"
IOP,0.00042959,"2017-11-01 04:10:00"
IOP,0.00042957,"2017-11-01 04:15:00"
IOP,0.00042958,"2017-11-01 04:20:00"
IOP,0.00042958,"2017-11-01 04:25:00"
IOP,0.00042959,"2017-11-01 04:30:00"
IOP,0.00042958,"2017-11-01 04:35:00"
IOP,0.00043877,"2017-11-01 04:40:00"
IOP,0.00043036,"2017-11-01 04:45:00"
IOP,0.00042878,"2017-11-01 04:50:00"
IOP,0.000424,"2017-11-01 04:55:00"
IOP,0.00042241,"2017-11-01 05:00:00"
IOP,0.00042241,"2017-11-01 05:05:00"
IOP,0.00042183,"2017-11-01 05:10:00"
IOP,0.00042183,"2017-11-01 05:15:00"
IOP,0.00042183,"2017-11-01 05:20:00"
IOP,0.00042183,"2017-11-01 05:25:00"
IOP,0.0004284,"2017-11-01 05:30:00"
IOP,0.00042949,"2017-11-01 05:35:00"
IOP,0.00043011,"2017-11-01 05:40:00"
IOP,0.00043009,"2017-11-01 05:45:00"
IOP,0.00043607,"2017-11-01 05:50:00"
IOP,0.0004364,"2017-11-01 05:55:00"
IOP,0.000435,"2017-11-01 06:00:00"
IOP,0.00043335,"2017-11-01 06:05:00"
IOP,0.00043715,"2017-11-01 06:10:00"
IOP,0.000445,"2017-11-01 06:15:00"
IOP,0.00044779,"2017-11-01 06:20:00"
IOP,0.00045087,"2017-11-01 06:25:00"
IOP,0.00044397,"2017-11-01 06:30:00"
IOP,0.00044399,"2017-11-01 06:35:00"
IOP,0.00044071,"2017-11-01 06:40:00"
IOP,0.00043833,"2017-11-01 06:45:00"
IOP,0.00043833,"2017-11-01 06:50:00"
IOP,0.00044,"2017-11-01 06:55:00"
IOP,0.00044,"2017-11-01 07:00:00"
IOP,0.00044,"2017-11-01 07:05:00"
IOP,0.00043691,"2017-11-01 07:10:00"
IOP,0.0004456,"2017-11-01 07:15:00"
IOP,0.00044695,"2017-11-01 07:20:00"
IOP,0.00044694,"2017-11-01 07:25:00"
IOP,0.00044402,"2017-11-01 07:30:00"
IOP,0.00044402,"2017-11-01 07:35:00"
IOP,0.000444,"2017-11-01 07:40:00"
IOP,0.000444,"2017-11-01 07:45:00"
IOP,0.00043801,"2017-11-01 07:50:00"
IOP,0.00043801,"2017-11-01 07:55:00"
IOP,0.000431,"2017-11-01 08:00:00"
IOP,0.000431,"2017-11-01 08:05:00"
IOP,0.000432,"2017-11-01 08:10:00"
IOP,0.00044189,"2017-11-01 08:15:00"
IOP,0.00043614,"2017-11-01 08:20:00"
IOP,0.00044203,"2017-11-01 08:25:00"
IOP,0.0004371,"2017-11-01 08:30:00"
IOP,0.0004476,"2017-11-01 08:35:00"
IOP,0.00044745,"2017-11-01 08:40:00"
IOP,0.00044744,"2017-11-01 08:45:00"
IOP,0.00044762,"2017-11-01 08:50:00"
IOP,0.00044662,"2017-11-01 08:55:00"
IOP,0.00044177,"2017-11-01 09:00:00"
IOP,0.00044762,"2017-11-01 09:05:00"
IOP,0.00044377,"2017-11-01 09:10:00"
IOP,0.00043649,"2017-11-01 09:15:00"
IOP,0.00043565,"2017-11-01 09:20:00"
IOP,0.00044179,"2017-11-01 09:25:00"
IOP,0.00043565,"2017-11-01 09:30:00"
IOP,0.000437,"2017-11-01 09:35:00"
IOP,0.00043501,"2017-11-01 09:40:00"
IOP,0.000434,"2017-11-01 09:45:00"
IOP,0.000434,"2017-11-01 09:50:00"
IOP,0.000432,"2017-11-01 09:55:00"
IOP,0.00044149,"2017-11-01 10:00:00"
IOP,0.00044149,"2017-11-01 10:05:00"
IOP,0.00043,"2017-11-01 10:10:00"
IOP,0.00043271,"2017-11-01 10:15:00"
IOP,0.000424,"2017-11-01 10:20:00"
IOP,0.00042534,"2017-11-01 10:25:00"
IOP,0.00041939,"2017-11-01 10:30:00"
IOP,0.00041124,"2017-11-01 10:35:00"
IOP,0.0004111,"2017-11-01 10:40:00"
IOP,0.0004095,"2017-11-01 10:45:00"
IOP,0.00039937,"2017-11-01 10:50:00"
IOP,0.00039422,"2017-11-01 10:55:00"
IOP,0.00040005,"2017-11-01 11:00:00"
IOP,0.0004035,"2017-11-01 11:05:00"
IOP,0.00041254,"2017-11-01 11:10:00"
IOP,0.0004209,"2017-11-01 11:15:00"
IOP,0.0004226,"2017-11-01 11:20:00"
IOP,0.00042639,"2017-11-01 11:25:00"
IOP,0.00043275,"2017-11-01 11:30:00"
IOP,0.0004575,"2017-11-01 11:35:00"
IOP,0.00045,"2017-11-01 11:40:00"
IOP,0.000456,"2017-11-01 11:45:00"
IOP,0.00046581,"2017-11-01 11:50:00"
IOP,0.00046609,"2017-11-01 11:55:00"
IOP,0.00044868,"2017-11-01 12:00:00"
IOP,0.0004668,"2017-11-01 12:05:00"
IOP,0.00047385,"2017-11-01 12:10:00"
IOP,0.00048001,"2017-11-01 12:15:00"
IOP,0.00045,"2017-11-01 12:20:00"
IOP,0.00046967,"2017-11-01 12:25:00"
IOP,0.00048802,"2017-11-01 12:30:00"
IOP,0.00048,"2017-11-01 12:35:00"
IOP,0.00046654,"2017-11-01 12:40:00"
IOP,0.00047499,"2017-11-01 12:45:00"
IOP,0.00046224,"2017-11-01 12:50:00"
IOP,0.00045703,"2017-11-01 12:55:00"
IOP,0.000452,"2017-11-01 13:00:00"
IOP,0.00044302,"2017-11-01 13:05:00"
IOP,0.00044797,"2017-11-01 13:10:00"
IOP,0.0004485,"2017-11-01 13:15:00"
IOP,0.00044799,"2017-11-01 13:20:00"
IOP,0.00044619,"2017-11-01 13:25:00"
IOP,0.0004445,"2017-11-01 13:30:00"
IOP,0.00044491,"2017-11-01 13:35:00"
IOP,0.00044474,"2017-11-01 13:40:00"
IOP,0.000446,"2017-11-01 13:45:00"
IOP,0.00044464,"2017-11-01 13:50:00"
IOP,0.00044465,"2017-11-01 13:55:00"
IOP,0.00045209,"2017-11-01 14:00:00"
IOP,0.00045717,"2017-11-01 14:05:00"
IOP,0.000451,"2017-11-01 14:10:00"
IOP,0.000446,"2017-11-01 14:15:00"
IOP,0.00045,"2017-11-01 14:20:00"
IOP,0.00044502,"2017-11-01 14:25:00"
IOP,0.00044001,"2017-11-01 14:30:00"
IOP,0.00044949,"2017-11-01 14:35:00"
IOP,0.00044949,"2017-11-01 14:40:00"
IOP,0.00044786,"2017-11-01 14:45:00"
IOP,0.000443,"2017-11-01 14:50:00"
IOP,0.00044217,"2017-11-01 14:55:00"
IOP,0.00044317,"2017-11-01 15:00:00"
IOP,0.00044295,"2017-11-01 15:05:00"
IOP,0.00044357,"2017-11-01 15:10:00"
IOP,0.000445,"2017-11-01 15:15:00"
IOP,0.000455,"2017-11-01 15:20:00"
IOP,0.0004552,"2017-11-01 15:25:00"
IOP,0.00045525,"2017-11-01 15:30:00"
IOP,0.0004568,"2017-11-01 15:35:00"
IOP,0.00045135,"2017-11-01 15:40:00"
IOP,0.00044416,"2017-11-01 15:45:00"
IOP,0.00045186,"2017-11-01 15:50:00"
IOP,0.00044245,"2017-11-01 15:55:00"
IOP,0.0004401,"2017-11-01 16:00:00"
IOP,0.00045028,"2017-11-01 16:05:00"
IOP,0.00044985,"2017-11-01 16:10:00"
IOP,0.00044985,"2017-11-01 16:15:00"
IOP,0.00044249,"2017-11-01 16:20:00"
IOP,0.00044153,"2017-11-01 16:25:00"
IOP,0.00044101,"2017-11-01 16:30:00"
IOP,0.000441,"2017-11-01 16:35:00"
IOP,0.00044105,"2017-11-01 16:40:00"
IOP,0.00044141,"2017-11-01 16:45:00"
IOP,0.00044142,"2017-11-01 16:50:00"
IOP,0.00044143,"2017-11-01 16:55:00"
IOP,0.000441,"2017-11-01 17:00:00"
IOP,0.00044001,"2017-11-01 17:05:00"
IOP,0.00044001,"2017-11-01 17:10:00"
IOP,0.00044,"2017-11-01 17:15:00"
IOP,0.00043885,"2017-11-01 17:20:00"
IOP,0.00043479,"2017-11-01 17:25:00"
IOP,0.00043479,"2017-11-01 17:30:00"
IOP,0.00043,"2017-11-01 17:35:00"
IOP,0.0004329,"2017-11-01 17:40:00"
IOP,0.00043,"2017-11-01 17:45:00"
IOP,0.000431,"2017-11-01 17:50:00"
IOP,0.00042717,"2017-11-01 17:55:00"
IOP,0.00042766,"2017-11-01 18:00:00"
IOP,0.000431,"2017-11-01 18:05:00"
IOP,0.000431,"2017-11-01 18:10:00"
IOP,0.0004335,"2017-11-01 18:15:00"
IOP,0.000431,"2017-11-01 18:20:00"
IOP,0.0004335,"2017-11-01 18:25:00"
IOP,0.000431,"2017-11-01 18:30:00"
IOP,0.0004283,"2017-11-01 18:35:00"
IOP,0.0004283,"2017-11-01 18:40:00"
IOP,0.00042833,"2017-11-01 18:45:00"
IOP,0.00042833,"2017-11-01 18:50:00"
IOP,0.00042833,"2017-11-01 18:55:00"
IOP,0.00042834,"2017-11-01 19:00:00"
IOP,0.000427,"2017-11-01 19:05:00"
IOP,0.00042701,"2017-11-01 19:10:00"
IOP,0.00042507,"2017-11-01 19:15:00"
IOP,0.00042701,"2017-11-01 19:20:00"
IOP,0.00042701,"2017-11-01 19:25:00"
IOP,0.00042834,"2017-11-01 19:30:00"
IOP,0.00042834,"2017-11-01 19:35:00"
IOP,0.00042834,"2017-11-01 19:40:00"
IOP,0.00042834,"2017-11-01 19:45:00"
IOP,0.00043393,"2017-11-01 19:50:00"
IOP,0.00043393,"2017-11-01 19:55:00"
IOP,0.00043372,"2017-11-01 20:00:00"
IOP,0.0004645,"2017-11-01 20:05:00"
IOP,0.00045564,"2017-11-01 20:10:00"
IOP,0.000445,"2017-11-01 20:15:00"
IOP,0.000445,"2017-11-01 20:20:00"
IOP,0.0004451,"2017-11-01 20:25:00"
IOP,0.0004451,"2017-11-01 20:30:00"
IOP,0.000443,"2017-11-01 20:35:00"
IOP,0.000437,"2017-11-01 20:40:00"
IOP,0.00043689,"2017-11-01 20:45:00"
IOP,0.00043689,"2017-11-01 20:50:00"
IOP,0.00043689,"2017-11-01 20:55:00"
IOP,0.000435,"2017-11-01 21:00:00"
IOP,0.00043501,"2017-11-01 21:05:00"
IOP,0.00043688,"2017-11-01 21:10:00"
IOP,0.00043687,"2017-11-01 21:15:00"
IOP,0.00043501,"2017-11-01 21:20:00"
IOP,0.000435,"2017-11-01 21:25:00"
IOP,0.000435,"2017-11-01 21:30:00"
IOP,0.00046648,"2017-11-01 21:35:00"
IOP,0.00044243,"2017-11-01 21:40:00"
IOP,0.00043957,"2017-11-01 21:45:00"
IOP,0.00044225,"2017-11-01 21:50:00"
IOP,0.0004368,"2017-11-01 21:55:00"
IOP,0.0004363,"2017-11-01 22:00:00"
IOP,0.00044291,"2017-11-01 22:05:00"
IOP,0.000429,"2017-11-01 22:10:00"
IOP,0.00042828,"2017-11-01 22:15:00"
IOP,0.00042999,"2017-11-01 22:20:00"
IOP,0.000428,"2017-11-01 22:25:00"
IOP,0.00042715,"2017-11-01 22:30:00"
IOP,0.00042998,"2017-11-01 22:35:00"
IOP,0.0004374,"2017-11-01 22:40:00"
IOP,0.00043111,"2017-11-01 22:45:00"
IOP,0.00043945,"2017-11-01 22:50:00"
IOP,0.00043114,"2017-11-01 22:55:00"
IOP,0.00042567,"2017-11-01 23:00:00"
IOP,0.00042956,"2017-11-01 23:05:00"
IOP,0.00043284,"2017-11-01 23:10:00"
IOP,0.0004315,"2017-11-01 23:15:00"
IOP,0.0004254,"2017-11-01 23:20:00"
IOP,0.0004256,"2017-11-01 23:25:00"
IOP,0.00042543,"2017-11-01 23:30:00"
IOP,0.0004254,"2017-11-01 23:35:00"
IOP,0.00043346,"2017-11-01 23:40:00"
IOP,0.000428,"2017-11-01 23:45:00"
IOP,0.00043343,"2017-11-01 23:50:00"
IOP,0.00043346,"2017-11-01 23:55:00"
IOP,0.00043,"2017-11-02 00:00:00"
IOP,0.00042649,"2017-11-02 00:05:00"
IOP,0.00042672,"2017-11-02 00:10:00"
IOP,0.00043344,"2017-11-02 00:15:00"
IOP,0.00043502,"2017-11-02 00:20:00"
IOP,0.00043627,"2017-11-02 00:25:00"
IOP,0.0004434,"2017-11-02 00:30:00"
IOP,0.00042831,"2017-11-02 00:35:00"
IOP,0.000425,"2017-11-02 00:40:00"
IOP,0.00040466,"2017-11-02 00:45:00"
IOP,0.00040794,"2017-11-02 00:50:00"
IOP,0.0004052,"2017-11-02 00:55:00"
IOP,0.00040273,"2017-11-02 01:00:00"
IOP,0.00040146,"2017-11-02 01:05:00"
IOP,0.00040086,"2017-11-02 01:10:00"
IOP,0.00040876,"2017-11-02 01:15:00"
IOP,0.00040086,"2017-11-02 01:20:00"
IOP,0.00040085,"2017-11-02 01:25:00"
IOP,0.00040005,"2017-11-02 01:30:00"
IOP,0.0004,"2017-11-02 01:35:00"
IOP,0.0004,"2017-11-02 01:40:00"
IOP,0.000395,"2017-11-02 01:45:00"
IOP,0.000395,"2017-11-02 01:50:00"
IOP,0.000392,"2017-11-02 01:55:00"
IOP,0.00039,"2017-11-02 02:00:00"
IOP,0.00039005,"2017-11-02 02:05:00"
IOP,0.000392,"2017-11-02 02:10:00"
IOP,0.0003919,"2017-11-02 02:15:00"
IOP,0.0003915,"2017-11-02 02:20:00"
IOP,0.00038697,"2017-11-02 02:25:00"
IOP,0.00038,"2017-11-02 02:30:00"
IOP,0.00038174,"2017-11-02 02:35:00"
IOP,0.00038001,"2017-11-02 02:40:00"
IOP,0.000371,"2017-11-02 02:45:00"
IOP,0.000372,"2017-11-02 02:50:00"
IOP,0.00037747,"2017-11-02 02:55:00"
IOP,0.00037719,"2017-11-02 03:00:00"
IOP,0.00036512,"2017-11-02 03:05:00"
IOP,0.00036407,"2017-11-02 03:10:00"
IOP,0.0003729,"2017-11-02 03:15:00"
IOP,0.000382,"2017-11-02 03:20:00"
IOP,0.000382,"2017-11-02 03:25:00"
IOP,0.00037665,"2017-11-02 03:30:00"
IOP,0.00038161,"2017-11-02 03:35:00"
IOP,0.00038161,"2017-11-02 03:40:00"
IOP,0.00037665,"2017-11-02 03:45:00"
IOP,0.00037411,"2017-11-02 03:50:00"
IOP,0.00037354,"2017-11-02 03:55:00"
IOP,0.00036004,"2017-11-02 04:00:00"
IOP,0.00037183,"2017-11-02 04:05:00"
IOP,0.00037125,"2017-11-02 04:10:00"
IOP,0.000372,"2017-11-02 04:15:00"
IOP,0.000372,"2017-11-02 04:20:00"
IOP,0.00037346,"2017-11-02 04:25:00"
IOP,0.0003707,"2017-11-02 04:30:00"
IOP,0.0003707,"2017-11-02 04:35:00"
IOP,0.0003707,"2017-11-02 04:40:00"
IOP,0.00035998,"2017-11-02 04:45:00"
IOP,0.00035,"2017-11-02 04:50:00"
IOP,0.00034001,"2017-11-02 04:55:00"
IOP,0.00035676,"2017-11-02 05:00:00"
IOP,0.00035002,"2017-11-02 05:05:00"
IOP,0.00034996,"2017-11-02 05:10:00"
IOP,0.00034302,"2017-11-02 05:15:00"
IOP,0.00034878,"2017-11-02 05:20:00"
IOP,0.00034837,"2017-11-02 05:25:00"
IOP,0.00035002,"2017-11-02 05:30:00"
IOP,0.00035002,"2017-11-02 05:35:00"
IOP,0.00036,"2017-11-02 05:40:00"
IOP,0.00036161,"2017-11-02 05:45:00"
IOP,0.00037354,"2017-11-02 05:50:00"
IOP,0.00037065,"2017-11-02 05:55:00"
IOP,0.00037067,"2017-11-02 06:00:00"
IOP,0.00037065,"2017-11-02 06:05:00"
IOP,0.00037065,"2017-11-02 06:10:00"
IOP,0.00035366,"2017-11-02 06:15:00"
IOP,0.00036366,"2017-11-02 06:20:00"
IOP,0.0003591,"2017-11-02 06:25:00"
IOP,0.00035915,"2017-11-02 06:30:00"
IOP,0.00035917,"2017-11-02 06:35:00"
IOP,0.00036217,"2017-11-02 06:40:00"
IOP,0.00036217,"2017-11-02 06:45:00"
IOP,0.00036827,"2017-11-02 06:50:00"
IOP,0.00036761,"2017-11-02 06:55:00"
IOP,0.0003681,"2017-11-02 07:00:00"
IOP,0.00036231,"2017-11-02 07:05:00"
IOP,0.00037353,"2017-11-02 07:10:00"
IOP,0.00037362,"2017-11-02 07:15:00"
IOP,0.00037501,"2017-11-02 07:20:00"
IOP,0.00035962,"2017-11-02 07:25:00"
IOP,0.00036359,"2017-11-02 07:30:00"
IOP,0.00035899,"2017-11-02 07:35:00"
IOP,0.00035827,"2017-11-02 07:40:00"
IOP,0.000345,"2017-11-02 07:45:00"
IOP,0.00033322,"2017-11-02 07:50:00"
IOP,0.00033321,"2017-11-02 07:55:00"
IOP,0.00033996,"2017-11-02 08:00:00"
IOP,0.00033999,"2017-11-02 08:05:00"
IOP,0.00033499,"2017-11-02 08:10:00"
IOP,0.00033861,"2017-11-02 08:15:00"
IOP,0.000335,"2017-11-02 08:20:00"
IOP,0.000335,"2017-11-02 08:25:00"
IOP,0.000335,"2017-11-02 08:30:00"
IOP,0.00033501,"2017-11-02 08:35:00"
IOP,0.00033499,"2017-11-02 08:40:00"
IOP,0.0003218,"2017-11-02 08:45:00"
IOP,0.00032,"2017-11-02 08:50:00"
IOP,0.00032999,"2017-11-02 08:55:00"
IOP,0.00032551,"2017-11-02 09:00:00"
IOP,0.00032546,"2017-11-02 09:05:00"
IOP,0.0003,"2017-11-02 09:10:00"
IOP,0.00028096,"2017-11-02 09:15:00"
IOP,0.0002649,"2017-11-02 09:20:00"
IOP,0.00028415,"2017-11-02 09:25:00"
IOP,0.000294,"2017-11-02 09:30:00"
IOP,0.00029987,"2017-11-02 09:35:00"
IOP,0.00029812,"2017-11-02 09:40:00"
IOP,0.00029485,"2017-11-02 09:45:00"
IOP,0.0002875,"2017-11-02 09:50:00"
IOP,0.0002955,"2017-11-02 09:55:00"
IOP,0.0002955,"2017-11-02 10:00:00"
IOP,0.0002955,"2017-11-02 10:05:00"
IOP,0.000296,"2017-11-02 10:10:00"
IOP,0.00028925,"2017-11-02 10:15:00"
IOP,0.00028925,"2017-11-02 10:20:00"
IOP,0.00029,"2017-11-02 10:25:00"
IOP,0.00029129,"2017-11-02 10:30:00"
IOP,0.00029127,"2017-11-02 10:35:00"
IOP,0.00029107,"2017-11-02 10:40:00"
IOP,0.00029107,"2017-11-02 10:45:00"
IOP,0.00029091,"2017-11-02 10:50:00"
IOP,0.000286,"2017-11-02 10:55:00"
IOP,0.000285,"2017-11-02 11:00:00"
IOP,0.0002815,"2017-11-02 11:05:00"
IOP,0.00027898,"2017-11-02 11:10:00"
IOP,0.00026812,"2017-11-02 11:15:00"
IOP,0.00026327,"2017-11-02 11:20:00"
IOP,0.00025,"2017-11-02 11:25:00"
IOP,0.00025194,"2017-11-02 11:30:00"
IOP,0.00026532,"2017-11-02 11:35:00"
IOP,0.00026025,"2017-11-02 11:40:00"
IOP,0.00026999,"2017-11-02 11:45:00"
IOP,0.00027436,"2017-11-02 11:50:00"
IOP,0.00028493,"2017-11-02 11:55:00"
IOP,0.00028126,"2017-11-02 12:00:00"
IOP,0.00027224,"2017-11-02 12:05:00"
IOP,0.0002782,"2017-11-02 12:10:00"
IOP,0.00027659,"2017-11-02 12:15:00"
IOP,0.00027389,"2017-11-02 12:20:00"
IOP,0.00028398,"2017-11-02 12:25:00"
IOP,0.00027427,"2017-11-02 12:30:00"
IOP,0.00028959,"2017-11-02 12:35:00"
IOP,0.00031969,"2017-11-02 12:40:00"
IOP,0.00032176,"2017-11-02 12:45:00"
IOP,0.0003099,"2017-11-02 12:50:00"
IOP,0.00032149,"2017-11-02 12:55:00"
IOP,0.0003151,"2017-11-02 13:00:00"
IOP,0.00032136,"2017-11-02 13:05:00"
IOP,0.000315,"2017-11-02 13:10:00"
IOP,0.000315,"2017-11-02 13:15:00"
IOP,0.000305,"2017-11-02 13:20:00"
IOP,0.00032454,"2017-11-02 13:25:00"
IOP,0.00032149,"2017-11-02 13:30:00"
IOP,0.000324,"2017-11-02 13:35:00"
IOP,0.00032298,"2017-11-02 13:40:00"
IOP,0.000307,"2017-11-02 13:45:00"
IOP,0.00029038,"2017-11-02 13:50:00"
IOP,0.00029902,"2017-11-02 13:55:00"
IOP,0.00031962,"2017-11-02 14:00:00"
IOP,0.00032854,"2017-11-02 14:05:00"
IOP,0.00032792,"2017-11-02 14:10:00"
IOP,0.00032855,"2017-11-02 14:15:00"
IOP,0.00031962,"2017-11-02 14:20:00"
IOP,0.00031003,"2017-11-02 14:25:00"
IOP,0.00031003,"2017-11-02 14:30:00"
IOP,0.00031024,"2017-11-02 14:35:00"
IOP,0.0002976,"2017-11-02 14:40:00"
IOP,0.000297,"2017-11-02 14:45:00"
IOP,0.000297,"2017-11-02 14:50:00"
IOP,0.00029063,"2017-11-02 14:55:00"
IOP,0.00029076,"2017-11-02 15:00:00"
IOP,0.00030487,"2017-11-02 15:05:00"
IOP,0.000297,"2017-11-02 15:10:00"
IOP,0.000297,"2017-11-02 15:15:00"
IOP,0.00030148,"2017-11-02 15:20:00"
IOP,0.00030142,"2017-11-02 15:25:00"
IOP,0.00029748,"2017-11-02 15:30:00"
IOP,0.00029748,"2017-11-02 15:35:00"
IOP,0.00029691,"2017-11-02 15:40:00"
IOP,0.00029746,"2017-11-02 15:45:00"
IOP,0.00029403,"2017-11-02 15:50:00"
IOP,0.0003015,"2017-11-02 15:55:00"
IOP,0.00031322,"2017-11-02 16:00:00"
IOP,0.00030487,"2017-11-02 16:05:00"
IOP,0.00030487,"2017-11-02 16:10:00"
IOP,0.00030487,"2017-11-02 16:15:00"
IOP,0.00030785,"2017-11-02 16:20:00"
IOP,0.00030789,"2017-11-02 16:25:00"
IOP,0.00030789,"2017-11-02 16:30:00"
IOP,0.000301,"2017-11-02 16:35:00"
IOP,0.00030999,"2017-11-02 16:40:00"
IOP,0.00031916,"2017-11-02 16:45:00"
IOP,0.00031406,"2017-11-02 16:50:00"
IOP,0.0003179,"2017-11-02 16:55:00"
IOP,0.00031705,"2017-11-02 17:00:00"
IOP,0.00031513,"2017-11-02 17:05:00"
IOP,0.00030784,"2017-11-02 17:10:00"
IOP,0.00031888,"2017-11-02 17:15:00"
IOP,0.00031996,"2017-11-02 17:20:00"
IOP,0.00031997,"2017-11-02 17:25:00"
IOP,0.00031915,"2017-11-02 17:30:00"
IOP,0.00032,"2017-11-02 17:35:00"
IOP,0.00032,"2017-11-02 17:40:00"
IOP,0.00032267,"2017-11-02 17:45:00"
IOP,0.000323,"2017-11-02 17:50:00"
IOP,0.00032268,"2017-11-02 17:55:00"
IOP,0.00032268,"2017-11-02 18:00:00"
IOP,0.00032268,"2017-11-02 18:05:00"
IOP,0.00032501,"2017-11-02 18:10:00"
IOP,0.00032908,"2017-11-02 18:15:00"
IOP,0.00033557,"2017-11-02 18:20:00"
IOP,0.00033877,"2017-11-02 18:25:00"
IOP,0.000342,"2017-11-02 18:30:00"
IOP,0.000353,"2017-11-02 18:35:00"
IOP,0.00033934,"2017-11-02 18:40:00"
IOP,0.00033934,"2017-11-02 18:45:00"
IOP,0.00033942,"2017-11-02 18:50:00"
IOP,0.00033935,"2017-11-02 18:55:00"
IOP,0.00034274,"2017-11-02 19:00:00"
IOP,0.00034301,"2017-11-02 19:05:00"
IOP,0.00033935,"2017-11-02 19:10:00"
IOP,0.00034398,"2017-11-02 19:15:00"
IOP,0.00034003,"2017-11-02 19:20:00"
IOP,0.00034887,"2017-11-02 19:25:00"
IOP,0.00034887,"2017-11-02 19:30:00"
IOP,0.00034885,"2017-11-02 19:35:00"
IOP,0.00034885,"2017-11-02 19:40:00"
IOP,0.00034887,"2017-11-02 19:45:00"
IOP,0.000332,"2017-11-02 19:50:00"
IOP,0.000332,"2017-11-02 19:55:00"
IOP,0.00035812,"2017-11-02 20:00:00"
IOP,0.00034999,"2017-11-02 20:05:00"
IOP,0.000348,"2017-11-02 20:10:00"
IOP,0.000348,"2017-11-02 20:15:00"
IOP,0.00034022,"2017-11-02 20:20:00"
IOP,0.000341,"2017-11-02 20:25:00"
IOP,0.00033855,"2017-11-02 20:30:00"
IOP,0.00033,"2017-11-02 20:35:00"
IOP,0.00032906,"2017-11-02 20:40:00"
IOP,0.00032906,"2017-11-02 20:45:00"
IOP,0.00032906,"2017-11-02 20:50:00"
IOP,0.00032906,"2017-11-02 20:55:00"
IOP,0.00032231,"2017-11-02 21:00:00"
IOP,0.00032496,"2017-11-02 21:05:00"
IOP,0.00032496,"2017-11-02 21:10:00"
IOP,0.0003432,"2017-11-02 21:15:00"
IOP,0.000333,"2017-11-02 21:20:00"
IOP,0.00032693,"2017-11-02 21:25:00"
IOP,0.00031001,"2017-11-02 21:30:00"
IOP,0.00030926,"2017-11-02 21:35:00"
IOP,0.00031348,"2017-11-02 21:40:00"
IOP,0.00031334,"2017-11-02 21:45:00"
IOP,0.00031291,"2017-11-02 21:50:00"
IOP,0.00031273,"2017-11-02 21:55:00"
IOP,0.00031352,"2017-11-02 22:00:00"
IOP,0.00031352,"2017-11-02 22:05:00"
IOP,0.00031543,"2017-11-02 22:10:00"
IOP,0.00031544,"2017-11-02 22:15:00"
IOP,0.00031544,"2017-11-02 22:20:00"
IOP,0.00031543,"2017-11-02 22:25:00"
IOP,0.00031204,"2017-11-02 22:30:00"
IOP,0.00031204,"2017-11-02 22:35:00"
IOP,0.00030947,"2017-11-02 22:40:00"
IOP,0.00030947,"2017-11-02 22:45:00"
IOP,0.000304,"2017-11-02 22:50:00"
IOP,0.000302,"2017-11-02 22:55:00"
IOP,0.00030289,"2017-11-02 23:00:00"
IOP,0.0003,"2017-11-02 23:05:00"
IOP,0.00029806,"2017-11-02 23:10:00"
IOP,0.0003,"2017-11-02 23:15:00"
IOP,0.00030021,"2017-11-02 23:20:00"
IOP,0.0003002,"2017-11-02 23:25:00"
IOP,0.00030022,"2017-11-02 23:30:00"
IOP,0.0003063,"2017-11-02 23:35:00"
IOP,0.00030066,"2017-11-02 23:40:00"
IOP,0.0003,"2017-11-02 23:45:00"
IOP,0.00028999,"2017-11-02 23:50:00"
IOP,0.00027927,"2017-11-02 23:55:00"
IOP,0.00028821,"2017-11-03 00:00:00"
IOP,0.00028835,"2017-11-03 00:05:00"
IOP,0.00029737,"2017-11-03 00:10:00"
IOP,0.00030106,"2017-11-03 00:15:00"
IOP,0.00029308,"2017-11-03 00:20:00"
IOP,0.00029301,"2017-11-03 00:25:00"
IOP,0.00030105,"2017-11-03 00:30:00"
IOP,0.00029481,"2017-11-03 00:35:00"
IOP,0.0003024,"2017-11-03 00:40:00"
IOP,0.0003025,"2017-11-03 00:45:00"
IOP,0.00030901,"2017-11-03 00:50:00"
IOP,0.00030901,"2017-11-03 00:55:00"
IOP,0.00030901,"2017-11-03 01:00:00"
IOP,0.00031457,"2017-11-03 01:05:00"
IOP,0.00034542,"2017-11-03 01:10:00"
IOP,0.00037056,"2017-11-03 01:15:00"
IOP,0.00030903,"2017-11-03 01:20:00"
IOP,0.00034598,"2017-11-03 01:25:00"
IOP,0.00034078,"2017-11-03 01:30:00"
IOP,0.00032527,"2017-11-03 01:35:00"
IOP,0.00030202,"2017-11-03 01:40:00"
IOP,0.0003013,"2017-11-03 01:45:00"
IOP,0.00030001,"2017-11-03 01:50:00"
IOP,0.00029578,"2017-11-03 01:55:00"
IOP,0.00029656,"2017-11-03 02:00:00"
IOP,0.00029525,"2017-11-03 02:05:00"
IOP,0.0002948,"2017-11-03 02:10:00"
IOP,0.00030579,"2017-11-03 02:15:00"
IOP,0.00030643,"2017-11-03 02:20:00"
IOP,0.000305,"2017-11-03 02:25:00"
IOP,0.000301,"2017-11-03 02:30:00"
IOP,0.00030104,"2017-11-03 02:35:00"
IOP,0.00030117,"2017-11-03 02:40:00"
IOP,0.00030226,"2017-11-03 02:45:00"
IOP,0.0003013,"2017-11-03 02:50:00"
IOP,0.0003013,"2017-11-03 02:55:00"
IOP,0.00030795,"2017-11-03 03:00:00"
IOP,0.00031175,"2017-11-03 03:05:00"
IOP,0.00031946,"2017-11-03 03:10:00"
IOP,0.00032999,"2017-11-03 03:15:00"
IOP,0.00032975,"2017-11-03 03:20:00"
IOP,0.00032466,"2017-11-03 03:25:00"
IOP,0.00031078,"2017-11-03 03:30:00"
IOP,0.00031946,"2017-11-03 03:35:00"
IOP,0.00031006,"2017-11-03 03:40:00"
IOP,0.00031944,"2017-11-03 03:45:00"
IOP,0.00032871,"2017-11-03 03:50:00"
IOP,0.000328,"2017-11-03 03:55:00"
IOP,0.00032641,"2017-11-03 04:00:00"
IOP,0.00032074,"2017-11-03 04:05:00"
IOP,0.00031079,"2017-11-03 04:10:00"
IOP,0.00031079,"2017-11-03 04:15:00"
IOP,0.00031258,"2017-11-03 04:20:00"
IOP,0.00031258,"2017-11-03 04:25:00"
IOP,0.0003127,"2017-11-03 04:30:00"
IOP,0.00031271,"2017-11-03 04:35:00"
IOP,0.00031282,"2017-11-03 04:40:00"
IOP,0.00031269,"2017-11-03 04:45:00"
IOP,0.00031,"2017-11-03 04:50:00"
IOP,0.00031,"2017-11-03 04:55:00"
IOP,0.00030798,"2017-11-03 05:00:00"
IOP,0.00030161,"2017-11-03 05:05:00"
IOP,0.00030132,"2017-11-03 05:10:00"
IOP,0.00031009,"2017-11-03 05:15:00"
IOP,0.00030977,"2017-11-03 05:20:00"
IOP,0.00030879,"2017-11-03 05:25:00"
IOP,0.00030596,"2017-11-03 05:30:00"
IOP,0.00030131,"2017-11-03 05:35:00"
IOP,0.00030131,"2017-11-03 05:40:00"
IOP,0.000303,"2017-11-03 05:45:00"
IOP,0.000303,"2017-11-03 05:50:00"
IOP,0.000303,"2017-11-03 05:55:00"
IOP,0.000303,"2017-11-03 06:00:00"
IOP,0.000303,"2017-11-03 06:05:00"
IOP,0.000303,"2017-11-03 06:10:00"
IOP,0.00030763,"2017-11-03 06:15:00"
IOP,0.00030212,"2017-11-03 06:20:00"
IOP,0.00030651,"2017-11-03 06:25:00"
IOP,0.00030131,"2017-11-03 06:30:00"
IOP,0.00030131,"2017-11-03 06:35:00"
IOP,0.00030131,"2017-11-03 06:40:00"
IOP,0.00030131,"2017-11-03 06:45:00"
IOP,0.00030151,"2017-11-03 06:50:00"
IOP,0.00030151,"2017-11-03 06:55:00"
IOP,0.00030491,"2017-11-03 07:00:00"
IOP,0.00030491,"2017-11-03 07:05:00"
IOP,0.00030455,"2017-11-03 07:10:00"
IOP,0.00031293,"2017-11-03 07:15:00"
IOP,0.00031293,"2017-11-03 07:20:00"
IOP,0.00031293,"2017-11-03 07:25:00"
IOP,0.00031393,"2017-11-03 07:30:00"
IOP,0.00031721,"2017-11-03 07:35:00"
IOP,0.00031399,"2017-11-03 07:40:00"
IOP,0.00031785,"2017-11-03 07:45:00"
IOP,0.00031879,"2017-11-03 07:50:00"
IOP,0.00031737,"2017-11-03 07:55:00"
IOP,0.00031737,"2017-11-03 08:00:00"
IOP,0.00031737,"2017-11-03 08:05:00"
IOP,0.00031737,"2017-11-03 08:10:00"
IOP,0.00031737,"2017-11-03 08:15:00"
IOP,0.00031738,"2017-11-03 08:20:00"
IOP,0.00031737,"2017-11-03 08:25:00"
IOP,0.00030505,"2017-11-03 08:30:00"
IOP,0.0003017,"2017-11-03 08:35:00"
IOP,0.00030193,"2017-11-03 08:40:00"
IOP,0.0003187,"2017-11-03 08:45:00"
IOP,0.0003179,"2017-11-03 08:50:00"
IOP,0.00030839,"2017-11-03 08:55:00"
IOP,0.00030611,"2017-11-03 09:00:00"
IOP,0.0003007,"2017-11-03 09:05:00"
IOP,0.00029565,"2017-11-03 09:10:00"
IOP,0.00029586,"2017-11-03 09:15:00"
IOP,0.00029591,"2017-11-03 09:20:00"
IOP,0.00028601,"2017-11-03 09:25:00"
IOP,0.00029172,"2017-11-03 09:30:00"
IOP,0.00029169,"2017-11-03 09:35:00"
IOP,0.0002847,"2017-11-03 09:40:00"
IOP,0.00028281,"2017-11-03 09:45:00"
IOP,0.00028281,"2017-11-03 09:50:00"
IOP,0.00028281,"2017-11-03 09:55:00"
IOP,0.00028407,"2017-11-03 10:00:00"
IOP,0.00028449,"2017-11-03 10:05:00"
IOP,0.00028449,"2017-11-03 10:10:00"
IOP,0.00028447,"2017-11-03 10:15:00"
IOP,0.00028449,"2017-11-03 10:20:00"
IOP,0.00029886,"2017-11-03 10:25:00"
IOP,0.00029145,"2017-11-03 10:30:00"
IOP,0.00028453,"2017-11-03 10:35:00"
IOP,0.00028836,"2017-11-03 10:40:00"
IOP,0.00028608,"2017-11-03 10:45:00"
IOP,0.00029002,"2017-11-03 10:50:00"
IOP,0.00028797,"2017-11-03 10:55:00"
IOP,0.00029143,"2017-11-03 11:00:00"
IOP,0.00029097,"2017-11-03 11:05:00"
IOP,0.00028602,"2017-11-03 11:10:00"
IOP,0.00028508,"2017-11-03 11:15:00"
IOP,0.00028416,"2017-11-03 11:20:00"
IOP,0.00028074,"2017-11-03 11:25:00"
IOP,0.00028099,"2017-11-03 11:30:00"
IOP,0.00028099,"2017-11-03 11:35:00"
IOP,0.000282,"2017-11-03 11:40:00"
IOP,0.00028783,"2017-11-03 11:45:00"
IOP,0.00028631,"2017-11-03 11:50:00"
IOP,0.00028162,"2017-11-03 11:55:00"
IOP,0.00028099,"2017-11-03 12:00:00"
IOP,0.00028349,"2017-11-03 12:05:00"
IOP,0.00028349,"2017-11-03 12:10:00"
IOP,0.00029031,"2017-11-03 12:15:00"
IOP,0.00029123,"2017-11-03 12:20:00"
IOP,0.00029124,"2017-11-03 12:25:00"
IOP,0.00029568,"2017-11-03 12:30:00"
IOP,0.00030001,"2017-11-03 12:35:00"
IOP,0.00030127,"2017-11-03 12:40:00"
IOP,0.00030445,"2017-11-03 12:45:00"
IOP,0.00031,"2017-11-03 12:50:00"
IOP,0.00030623,"2017-11-03 12:55:00"
IOP,0.00031397,"2017-11-03 13:00:00"
IOP,0.00031,"2017-11-03 13:05:00"
IOP,0.00030639,"2017-11-03 13:10:00"
IOP,0.00030639,"2017-11-03 13:15:00"
IOP,0.00030307,"2017-11-03 13:20:00"
IOP,0.00030307,"2017-11-03 13:25:00"
IOP,0.00030306,"2017-11-03 13:30:00"
IOP,0.000306,"2017-11-03 13:35:00"
IOP,0.00030092,"2017-11-03 13:40:00"
IOP,0.00030845,"2017-11-03 13:45:00"
IOP,0.00030242,"2017-11-03 13:50:00"
IOP,0.00030325,"2017-11-03 13:55:00"
IOP,0.00030798,"2017-11-03 14:00:00"
IOP,0.00030778,"2017-11-03 14:05:00"
IOP,0.00030325,"2017-11-03 14:10:00"
IOP,0.00030325,"2017-11-03 14:15:00"
IOP,0.00030326,"2017-11-03 14:20:00"
IOP,0.00030767,"2017-11-03 14:25:00"
IOP,0.00030526,"2017-11-03 14:30:00"
IOP,0.00030766,"2017-11-03 14:35:00"
IOP,0.00030531,"2017-11-03 14:40:00"
IOP,0.00030526,"2017-11-03 14:45:00"
IOP,0.0003052,"2017-11-03 14:50:00"
IOP,0.00030387,"2017-11-03 14:55:00"
IOP,0.00030525,"2017-11-03 15:00:00"
IOP,0.00030325,"2017-11-03 15:05:00"
IOP,0.0003017,"2017-11-03 15:10:00"
IOP,0.00030575,"2017-11-03 15:15:00"
IOP,0.00030328,"2017-11-03 15:20:00"
IOP,0.00030169,"2017-11-03 15:25:00"
IOP,0.00030563,"2017-11-03 15:30:00"
IOP,0.00030941,"2017-11-03 15:35:00"
IOP,0.0003094,"2017-11-03 15:40:00"
IOP,0.00030899,"2017-11-03 15:45:00"
IOP,0.0003052,"2017-11-03 15:50:00"
IOP,0.00030599,"2017-11-03 15:55:00"
IOP,0.0003,"2017-11-03 16:00:00"
IOP,0.0003,"2017-11-03 16:05:00"
IOP,0.00029821,"2017-11-03 16:10:00"
IOP,0.000298,"2017-11-03 16:15:00"
IOP,0.0002933,"2017-11-03 16:20:00"
IOP,0.00029799,"2017-11-03 16:25:00"
IOP,0.00029341,"2017-11-03 16:30:00"
IOP,0.00029392,"2017-11-03 16:35:00"
IOP,0.00029392,"2017-11-03 16:40:00"
IOP,0.00029997,"2017-11-03 16:45:00"
IOP,0.0002955,"2017-11-03 16:50:00"
IOP,0.00029997,"2017-11-03 16:55:00"
IOP,0.00029341,"2017-11-03 17:00:00"
IOP,0.0002952,"2017-11-03 17:05:00"
IOP,0.00029615,"2017-11-03 17:10:00"
IOP,0.00029994,"2017-11-03 17:15:00"
IOP,0.00030292,"2017-11-03 17:20:00"
IOP,0.00030368,"2017-11-03 17:25:00"
IOP,0.000304,"2017-11-03 17:30:00"
IOP,0.000304,"2017-11-03 17:35:00"
IOP,0.000304,"2017-11-03 17:40:00"
IOP,0.00030368,"2017-11-03 17:45:00"
IOP,0.00030368,"2017-11-03 17:50:00"
IOP,0.00030154,"2017-11-03 17:55:00"
IOP,0.00030205,"2017-11-03 18:00:00"
IOP,0.000309,"2017-11-03 18:05:00"
IOP,0.00031313,"2017-11-03 18:10:00"
IOP,0.00031481,"2017-11-03 18:15:00"
IOP,0.00031795,"2017-11-03 18:20:00"
IOP,0.00031869,"2017-11-03 18:25:00"
IOP,0.00031827,"2017-11-03 18:30:00"
IOP,0.00031878,"2017-11-03 18:35:00"
IOP,0.00032077,"2017-11-03 18:40:00"
IOP,0.000325,"2017-11-03 18:45:00"
IOP,0.000315,"2017-11-03 18:50:00"
IOP,0.00031949,"2017-11-03 18:55:00"
IOP,0.00030998,"2017-11-03 19:00:00"
IOP,0.00031672,"2017-11-03 19:05:00"
IOP,0.00031671,"2017-11-03 19:10:00"
IOP,0.00031671,"2017-11-03 19:15:00"
IOP,0.00031672,"2017-11-03 19:20:00"
IOP,0.00030925,"2017-11-03 19:25:00"
IOP,0.00030925,"2017-11-03 19:30:00"
IOP,0.00030925,"2017-11-03 19:35:00"
IOP,0.00031192,"2017-11-03 19:40:00"
IOP,0.00030735,"2017-11-03 19:45:00"
IOP,0.00031087,"2017-11-03 19:50:00"
IOP,0.00030727,"2017-11-03 19:55:00"
IOP,0.00030726,"2017-11-03 20:00:00"
IOP,0.00030727,"2017-11-03 20:05:00"
IOP,0.00030728,"2017-11-03 20:10:00"
IOP,0.00030736,"2017-11-03 20:15:00"
IOP,0.00030736,"2017-11-03 20:20:00"
IOP,0.00030736,"2017-11-03 20:25:00"
IOP,0.00030736,"2017-11-03 20:30:00"
IOP,0.00030736,"2017-11-03 20:35:00"
IOP,0.00031142,"2017-11-03 20:40:00"
IOP,0.00030723,"2017-11-03 20:45:00"
IOP,0.00031142,"2017-11-03 20:50:00"
IOP,0.0003115,"2017-11-03 20:55:00"
IOP,0.0003115,"2017-11-03 21:00:00"
IOP,0.000308,"2017-11-03 21:05:00"
IOP,0.00031198,"2017-11-03 21:10:00"
IOP,0.00031198,"2017-11-03 21:15:00"
IOP,0.000312,"2017-11-03 21:20:00"
IOP,0.000312,"2017-11-03 21:25:00"
IOP,0.000313,"2017-11-03 21:30:00"
IOP,0.000313,"2017-11-03 21:35:00"
IOP,0.0003135,"2017-11-03 21:40:00"
IOP,0.00031998,"2017-11-03 21:45:00"
IOP,0.00031325,"2017-11-03 21:50:00"
IOP,0.00030788,"2017-11-03 21:55:00"
IOP,0.00030788,"2017-11-03 22:00:00"
IOP,0.00030788,"2017-11-03 22:05:00"
IOP,0.00030847,"2017-11-03 22:10:00"
IOP,0.0003088,"2017-11-03 22:15:00"
IOP,0.00031238,"2017-11-03 22:20:00"
IOP,0.00031238,"2017-11-03 22:25:00"
IOP,0.00031376,"2017-11-03 22:30:00"
IOP,0.00031613,"2017-11-03 22:35:00"
IOP,0.00031614,"2017-11-03 22:40:00"
IOP,0.00031681,"2017-11-03 22:45:00"
IOP,0.00031681,"2017-11-03 22:50:00"
IOP,0.00031681,"2017-11-03 22:55:00"
IOP,0.00031406,"2017-11-03 23:00:00"
IOP,0.00032002,"2017-11-03 23:05:00"
IOP,0.00032542,"2017-11-03 23:10:00"
IOP,0.00032597,"2017-11-03 23:15:00"
IOP,0.00032597,"2017-11-03 23:20:00"
IOP,0.00032676,"2017-11-03 23:25:00"
IOP,0.0003185,"2017-11-03 23:30:00"
IOP,0.00031452,"2017-11-03 23:35:00"
IOP,0.00032133,"2017-11-03 23:40:00"
IOP,0.00031246,"2017-11-03 23:45:00"
IOP,0.00031246,"2017-11-03 23:50:00"
IOP,0.00031246,"2017-11-03 23:55:00"
IOP,0.00031246,"2017-11-04 00:00:00"
IOP,0.00031246,"2017-11-04 00:05:00"
IOP,0.00031332,"2017-11-04 00:10:00"
IOP,0.00031246,"2017-11-04 00:15:00"
IOP,0.00031244,"2017-11-04 00:20:00"
IOP,0.00031247,"2017-11-04 00:25:00"
IOP,0.00031333,"2017-11-04 00:30:00"
IOP,0.00031333,"2017-11-04 00:35:00"
IOP,0.00031472,"2017-11-04 00:40:00"
IOP,0.00031488,"2017-11-04 00:45:00"
IOP,0.00031488,"2017-11-04 00:50:00"
IOP,0.00031886,"2017-11-04 00:55:00"
IOP,0.00031889,"2017-11-04 01:00:00"
IOP,0.00032,"2017-11-04 01:05:00"
IOP,0.00032243,"2017-11-04 01:10:00"
IOP,0.0003275,"2017-11-04 01:15:00"
IOP,0.00033251,"2017-11-04 01:20:00"
IOP,0.00033252,"2017-11-04 01:25:00"
IOP,0.000325,"2017-11-04 01:30:00"
IOP,0.00032061,"2017-11-04 01:35:00"
IOP,0.00032061,"2017-11-04 01:40:00"
IOP,0.00032063,"2017-11-04 01:45:00"
IOP,0.00032061,"2017-11-04 01:50:00"
IOP,0.00032061,"2017-11-04 01:55:00"
IOP,0.00032063,"2017-11-04 02:00:00"
IOP,0.00032386,"2017-11-04 02:05:00"
IOP,0.00032547,"2017-11-04 02:10:00"
IOP,0.00032562,"2017-11-04 02:15:00"
IOP,0.00032588,"2017-11-04 02:20:00"
IOP,0.00032787,"2017-11-04 02:25:00"
IOP,0.00032791,"2017-11-04 02:30:00"
IOP,0.000328,"2017-11-04 02:35:00"
IOP,0.000328,"2017-11-04 02:40:00"
IOP,0.00032834,"2017-11-04 02:45:00"
IOP,0.00032834,"2017-11-04 02:50:00"
IOP,0.00032703,"2017-11-04 02:55:00"
IOP,0.0003306,"2017-11-04 03:00:00"
IOP,0.00032702,"2017-11-04 03:05:00"
IOP,0.00032095,"2017-11-04 03:10:00"
IOP,0.00032131,"2017-11-04 03:15:00"
IOP,0.00032249,"2017-11-04 03:20:00"
IOP,0.00032401,"2017-11-04 03:25:00"
IOP,0.00032401,"2017-11-04 03:30:00"
IOP,0.00032401,"2017-11-04 03:35:00"
IOP,0.00032401,"2017-11-04 03:40:00"
IOP,0.0003221,"2017-11-04 03:45:00"
IOP,0.0003221,"2017-11-04 03:50:00"
IOP,0.00032183,"2017-11-04 03:55:00"
IOP,0.00032183,"2017-11-04 04:00:00"
IOP,0.00032183,"2017-11-04 04:05:00"
IOP,0.00032183,"2017-11-04 04:10:00"
IOP,0.00032,"2017-11-04 04:15:00"
IOP,0.0003221,"2017-11-04 04:20:00"
IOP,0.0003221,"2017-11-04 04:25:00"
IOP,0.0003221,"2017-11-04 04:30:00"
IOP,0.0003221,"2017-11-04 04:35:00"
IOP,0.00032208,"2017-11-04 04:40:00"
IOP,0.00031999,"2017-11-04 04:45:00"
IOP,0.00031997,"2017-11-04 04:50:00"
IOP,0.00031997,"2017-11-04 04:55:00"
IOP,0.00031997,"2017-11-04 05:00:00"
IOP,0.00031896,"2017-11-04 05:05:00"
IOP,0.0003221,"2017-11-04 05:10:00"
IOP,0.0003224,"2017-11-04 05:15:00"
IOP,0.0003224,"2017-11-04 05:20:00"
IOP,0.00032022,"2017-11-04 05:25:00"
IOP,0.00031896,"2017-11-04 05:30:00"
IOP,0.0003224,"2017-11-04 05:35:00"
IOP,0.0003224,"2017-11-04 05:40:00"
IOP,0.00031896,"2017-11-04 05:45:00"
IOP,0.00031898,"2017-11-04 05:50:00"
IOP,0.000322,"2017-11-04 05:55:00"
IOP,0.000322,"2017-11-04 06:00:00"
IOP,0.000322,"2017-11-04 06:05:00"
IOP,0.00031901,"2017-11-04 06:10:00"
IOP,0.00031901,"2017-11-04 06:15:00"
IOP,0.00031901,"2017-11-04 06:20:00"
IOP,0.00031911,"2017-11-04 06:25:00"
IOP,0.00031911,"2017-11-04 06:30:00"
IOP,0.00031912,"2017-11-04 06:35:00"
IOP,0.00031901,"2017-11-04 06:40:00"
IOP,0.00032154,"2017-11-04 06:45:00"
IOP,0.00032154,"2017-11-04 06:50:00"
IOP,0.00032154,"2017-11-04 06:55:00"
IOP,0.00032154,"2017-11-04 07:00:00"
IOP,0.00032154,"2017-11-04 07:05:00"
IOP,0.00031902,"2017-11-04 07:10:00"
IOP,0.00031902,"2017-11-04 07:15:00"
IOP,0.0003224,"2017-11-04 07:20:00"
IOP,0.0003224,"2017-11-04 07:25:00"
IOP,0.0003224,"2017-11-04 07:30:00"
IOP,0.000325,"2017-11-04 07:35:00"
IOP,0.00033021,"2017-11-04 07:40:00"
IOP,0.00032952,"2017-11-04 07:45:00"
IOP,0.000328,"2017-11-04 07:50:00"
IOP,0.000328,"2017-11-04 07:55:00"
IOP,0.00032506,"2017-11-04 08:00:00"
IOP,0.00032959,"2017-11-04 08:05:00"
IOP,0.00032959,"2017-11-04 08:10:00"
IOP,0.0003306,"2017-11-04 08:15:00"
IOP,0.00033184,"2017-11-04 08:20:00"
IOP,0.00033184,"2017-11-04 08:25:00"
IOP,0.00033184,"2017-11-04 08:30:00"
IOP,0.00032998,"2017-11-04 08:35:00"
IOP,0.00032998,"2017-11-04 08:40:00"
IOP,0.00032759,"2017-11-04 08:45:00"
IOP,0.0003258,"2017-11-04 08:50:00"
IOP,0.0003228,"2017-11-04 08:55:00"
IOP,0.0003228,"2017-11-04 09:00:00"
IOP,0.00032588,"2017-11-04 09:05:00"
IOP,0.00032588,"2017-11-04 09:10:00"
IOP,0.00032995,"2017-11-04 09:15:00"
IOP,0.00032995,"2017-11-04 09:20:00"
IOP,0.00033,"2017-11-04 09:25:00"
IOP,0.00033178,"2017-11-04 09:30:00"
IOP,0.00032808,"2017-11-04 09:35:00"
IOP,0.00032808,"2017-11-04 09:40:00"
IOP,0.00033315,"2017-11-04 09:45:00"
IOP,0.00032821,"2017-11-04 09:50:00"
IOP,0.00032821,"2017-11-04 09:55:00"
IOP,0.00032821,"2017-11-04 10:00:00"
IOP,0.00033052,"2017-11-04 10:05:00"
IOP,0.00033052,"2017-11-04 10:10:00"
IOP,0.00032841,"2017-11-04 10:15:00"
IOP,0.00033051,"2017-11-04 10:20:00"
IOP,0.00033051,"2017-11-04 10:25:00"
IOP,0.00033051,"2017-11-04 10:30:00"
IOP,0.0003285,"2017-11-04 10:35:00"
IOP,0.00032851,"2017-11-04 10:40:00"
IOP,0.00033256,"2017-11-04 10:45:00"
IOP,0.000335,"2017-11-04 10:50:00"
IOP,0.00033548,"2017-11-04 10:55:00"
IOP,0.00033964,"2017-11-04 11:00:00"
IOP,0.00033964,"2017-11-04 11:05:00"
IOP,0.0003452,"2017-11-04 11:10:00"
IOP,0.00033836,"2017-11-04 11:15:00"
IOP,0.00034,"2017-11-04 11:20:00"
IOP,0.00033999,"2017-11-04 11:25:00"
IOP,0.00034841,"2017-11-04 11:30:00"
IOP,0.00034745,"2017-11-04 11:35:00"
IOP,0.00034225,"2017-11-04 11:40:00"
IOP,0.00034004,"2017-11-04 11:45:00"
IOP,0.00034103,"2017-11-04 11:50:00"
IOP,0.00033631,"2017-11-04 11:55:00"
IOP,0.00033794,"2017-11-04 12:00:00"
IOP,0.0003335,"2017-11-04 12:05:00"
IOP,0.00033352,"2017-11-04 12:10:00"
IOP,0.0003375,"2017-11-04 12:15:00"
IOP,0.0003336,"2017-11-04 12:20:00"
IOP,0.0003405,"2017-11-04 12:25:00"
IOP,0.00033441,"2017-11-04 12:30:00"
IOP,0.00033441,"2017-11-04 12:35:00"
IOP,0.0003335,"2017-11-04 12:40:00"
IOP,0.00033599,"2017-11-04 12:45:00"
IOP,0.000336,"2017-11-04 12:50:00"
IOP,0.000336,"2017-11-04 12:55:00"
IOP,0.000336,"2017-11-04 13:00:00"
IOP,0.00033349,"2017-11-04 13:05:00"
IOP,0.00033649,"2017-11-04 13:10:00"
IOP,0.00033649,"2017-11-04 13:15:00"
IOP,0.00033649,"2017-11-04 13:20:00"
IOP,0.0003226,"2017-11-04 13:25:00"
IOP,0.000321,"2017-11-04 13:30:00"
IOP,0.00032588,"2017-11-04 13:35:00"
IOP,0.00032799,"2017-11-04 13:40:00"
IOP,0.00032107,"2017-11-04 13:45:00"
IOP,0.0003211,"2017-11-04 13:50:00"
IOP,0.00032682,"2017-11-04 13:55:00"
IOP,0.000323,"2017-11-04 14:00:00"
IOP,0.000326,"2017-11-04 14:05:00"
IOP,0.00033024,"2017-11-04 14:10:00"
IOP,0.000329,"2017-11-04 14:15:00"
IOP,0.000326,"2017-11-04 14:20:00"
IOP,0.00032734,"2017-11-04 14:25:00"
IOP,0.00032033,"2017-11-04 14:30:00"
IOP,0.00032027,"2017-11-04 14:35:00"
IOP,0.00031904,"2017-11-04 14:40:00"
IOP,0.00031695,"2017-11-04 14:45:00"
IOP,0.00030917,"2017-11-04 14:50:00"
IOP,0.0003098,"2017-11-04 14:55:00"
IOP,0.00031029,"2017-11-04 15:00:00"
IOP,0.00031029,"2017-11-04 15:05:00"
IOP,0.00031272,"2017-11-04 15:10:00"
IOP,0.0003155,"2017-11-04 15:15:00"
IOP,0.00031752,"2017-11-04 15:20:00"
IOP,0.00031752,"2017-11-04 15:25:00"
IOP,0.00031782,"2017-11-04 15:30:00"
IOP,0.00031801,"2017-11-04 15:35:00"
IOP,0.000315,"2017-11-04 15:40:00"
IOP,0.000304,"2017-11-04 15:45:00"
IOP,0.0003055,"2017-11-04 15:50:00"
IOP,0.000306,"2017-11-04 15:55:00"
IOP,0.0003061,"2017-11-04 16:00:00"
IOP,0.0003061,"2017-11-04 16:05:00"
IOP,0.0003101,"2017-11-04 16:10:00"
IOP,0.00031302,"2017-11-04 16:15:00"
IOP,0.00031,"2017-11-04 16:20:00"
IOP,0.00031,"2017-11-04 16:25:00"
IOP,0.000313,"2017-11-04 16:30:00"
IOP,0.0003118,"2017-11-04 16:35:00"
IOP,0.00031083,"2017-11-04 16:40:00"
IOP,0.00031044,"2017-11-04 16:45:00"
IOP,0.00030902,"2017-11-04 16:50:00"
IOP,0.00030902,"2017-11-04 16:55:00"
IOP,0.00030983,"2017-11-04 17:00:00"
IOP,0.00030983,"2017-11-04 17:05:00"
IOP,0.00030619,"2017-11-04 17:10:00"
IOP,0.00030337,"2017-11-04 17:15:00"
IOP,0.00030002,"2017-11-04 17:20:00"
IOP,0.00030002,"2017-11-04 17:25:00"
IOP,0.0003005,"2017-11-04 17:30:00"
IOP,0.0003007,"2017-11-04 17:35:00"
IOP,0.00030585,"2017-11-04 17:40:00"
IOP,0.00030151,"2017-11-04 17:45:00"
IOP,0.000302,"2017-11-04 17:50:00"
IOP,0.000302,"2017-11-04 17:55:00"
IOP,0.0003059,"2017-11-04 18:00:00"
IOP,0.0003059,"2017-11-04 18:05:00"
IOP,0.00030817,"2017-11-04 18:10:00"
IOP,0.00030694,"2017-11-04 18:15:00"
IOP,0.00030694,"2017-11-04 18:20:00"
IOP,0.00030256,"2017-11-04 18:25:00"
IOP,0.00030259,"2017-11-04 18:30:00"
IOP,0.00030296,"2017-11-04 18:35:00"
IOP,0.00030296,"2017-11-04 18:40:00"
IOP,0.00030423,"2017-11-04 18:45:00"
IOP,0.00030816,"2017-11-04 18:50:00"
IOP,0.000307,"2017-11-04 18:55:00"
IOP,0.000307,"2017-11-04 19:00:00"
IOP,0.000307,"2017-11-04 19:05:00"
IOP,0.000307,"2017-11-04 19:10:00"
IOP,0.0003073,"2017-11-04 19:15:00"
IOP,0.00030899,"2017-11-04 19:20:00"
IOP,0.0003073,"2017-11-04 19:25:00"
IOP,0.00030899,"2017-11-04 19:30:00"
IOP,0.00030438,"2017-11-04 19:35:00"
IOP,0.00030424,"2017-11-04 19:40:00"
IOP,0.00030423,"2017-11-04 19:45:00"
IOP,0.00031,"2017-11-04 19:50:00"
IOP,0.00031004,"2017-11-04 19:55:00"
IOP,0.00030538,"2017-11-04 20:00:00"
IOP,0.00030538,"2017-11-04 20:05:00"
IOP,0.00030538,"2017-11-04 20:10:00"
IOP,0.00030538,"2017-11-04 20:15:00"
IOP,0.00030892,"2017-11-04 20:20:00"
IOP,0.00030892,"2017-11-04 20:25:00"
IOP,0.00030884,"2017-11-04 20:30:00"
IOP,0.00030883,"2017-11-04 20:35:00"
IOP,0.00030892,"2017-11-04 20:40:00"
IOP,0.00030892,"2017-11-04 20:45:00"
IOP,0.00030891,"2017-11-04 20:50:00"
IOP,0.00030951,"2017-11-04 20:55:00"
IOP,0.00030891,"2017-11-04 21:00:00"
IOP,0.000307,"2017-11-04 21:05:00"
IOP,0.00031,"2017-11-04 21:10:00"
IOP,0.00030639,"2017-11-04 21:15:00"
IOP,0.00030639,"2017-11-04 21:20:00"
IOP,0.00030639,"2017-11-04 21:25:00"
IOP,0.000305,"2017-11-04 21:30:00"
IOP,0.00031255,"2017-11-04 21:35:00"
IOP,0.00031255,"2017-11-04 21:40:00"
IOP,0.00030692,"2017-11-04 21:45:00"
IOP,0.00030445,"2017-11-04 21:50:00"
IOP,0.00030998,"2017-11-04 21:55:00"
IOP,0.00031481,"2017-11-04 22:00:00"
IOP,0.000318,"2017-11-04 22:05:00"
IOP,0.00030826,"2017-11-04 22:10:00"
IOP,0.00030906,"2017-11-04 22:15:00"
IOP,0.00031685,"2017-11-04 22:20:00"
IOP,0.00031685,"2017-11-04 22:25:00"
IOP,0.00031204,"2017-11-04 22:30:00"
IOP,0.00031204,"2017-11-04 22:35:00"
IOP,0.00031204,"2017-11-04 22:40:00"
IOP,0.00030896,"2017-11-04 22:45:00"
IOP,0.00031015,"2017-11-04 22:50:00"
IOP,0.00031016,"2017-11-04 22:55:00"
IOP,0.00031015,"2017-11-04 23:00:00"
IOP,0.00030997,"2017-11-04 23:05:00"
IOP,0.00030997,"2017-11-04 23:10:00"
IOP,0.00030997,"2017-11-04 23:15:00"
IOP,0.00031412,"2017-11-04 23:20:00"
IOP,0.00031412,"2017-11-04 23:25:00"
IOP,0.00031412,"2017-11-04 23:30:00"
IOP,0.00031412,"2017-11-04 23:35:00"
IOP,0.00031412,"2017-11-04 23:40:00"
IOP,0.000311,"2017-11-04 23:45:00"
IOP,0.000311,"2017-11-04 23:50:00"
IOP,0.000311,"2017-11-04 23:55:00"
IOP,0.000327,"2017-11-05 00:00:00"
IOP,0.00032645,"2017-11-05 00:05:00"
IOP,0.00031391,"2017-11-05 00:10:00"
IOP,0.00032044,"2017-11-05 00:15:00"
IOP,0.00030996,"2017-11-05 00:20:00"
IOP,0.00031788,"2017-11-05 00:25:00"
IOP,0.00031802,"2017-11-05 00:30:00"
IOP,0.000319,"2017-11-05 00:35:00"
IOP,0.00032045,"2017-11-05 00:40:00"
IOP,0.00032045,"2017-11-05 00:45:00"
IOP,0.00032083,"2017-11-05 00:50:00"
IOP,0.00032295,"2017-11-05 00:55:00"
IOP,0.00032083,"2017-11-05 01:00:00"
IOP,0.00032513,"2017-11-05 01:05:00"
IOP,0.00031882,"2017-11-05 01:10:00"
IOP,0.00031881,"2017-11-05 01:15:00"
IOP,0.00031599,"2017-11-05 01:20:00"
IOP,0.00031599,"2017-11-05 01:25:00"
IOP,0.00031598,"2017-11-05 01:30:00"
IOP,0.00031599,"2017-11-05 01:35:00"
IOP,0.00031882,"2017-11-05 01:40:00"
IOP,0.00031882,"2017-11-05 01:45:00"
IOP,0.00031882,"2017-11-05 01:50:00"
IOP,0.00031882,"2017-11-05 01:55:00"
IOP,0.00031882,"2017-11-05 02:00:00"
IOP,0.00032037,"2017-11-05 02:05:00"
IOP,0.00031882,"2017-11-05 02:10:00"
IOP,0.00031882,"2017-11-05 02:15:00"
IOP,0.00031882,"2017-11-05 02:20:00"
IOP,0.00031882,"2017-11-05 02:25:00"
IOP,0.00032419,"2017-11-05 02:30:00"
IOP,0.00032488,"2017-11-05 02:35:00"
IOP,0.00033,"2017-11-05 02:40:00"
IOP,0.00033,"2017-11-05 02:45:00"
IOP,0.00032559,"2017-11-05 02:50:00"
IOP,0.00032541,"2017-11-05 02:55:00"
IOP,0.00032541,"2017-11-05 03:00:00"
IOP,0.00032541,"2017-11-05 03:05:00"
IOP,0.0003267,"2017-11-05 03:10:00"
IOP,0.0003267,"2017-11-05 03:15:00"
IOP,0.0003267,"2017-11-05 03:20:00"
IOP,0.0003309,"2017-11-05 03:25:00"
IOP,0.0003309,"2017-11-05 03:30:00"
IOP,0.00032947,"2017-11-05 03:35:00"
IOP,0.00032729,"2017-11-05 03:40:00"
IOP,0.00033392,"2017-11-05 03:45:00"
IOP,0.00033394,"2017-11-05 03:50:00"
IOP,0.00033488,"2017-11-05 03:55:00"
IOP,0.00033488,"2017-11-05 04:00:00"
IOP,0.00033485,"2017-11-05 04:05:00"
IOP,0.00033484,"2017-11-05 04:10:00"
IOP,0.00032876,"2017-11-05 04:15:00"
IOP,0.0003254,"2017-11-05 04:20:00"
IOP,0.00032541,"2017-11-05 04:25:00"
IOP,0.00032498,"2017-11-05 04:30:00"
IOP,0.00031956,"2017-11-05 04:35:00"
IOP,0.0003156,"2017-11-05 04:40:00"
IOP,0.0003156,"2017-11-05 04:45:00"
IOP,0.0003156,"2017-11-05 04:50:00"
IOP,0.0003156,"2017-11-05 04:55:00"
IOP,0.0003156,"2017-11-05 05:00:00"
IOP,0.0003156,"2017-11-05 05:05:00"
IOP,0.0003156,"2017-11-05 05:10:00"
IOP,0.0003146,"2017-11-05 05:15:00"
IOP,0.0003146,"2017-11-05 05:20:00"
IOP,0.00032007,"2017-11-05 05:25:00"
IOP,0.00031855,"2017-11-05 05:30:00"
IOP,0.00031834,"2017-11-05 05:35:00"
IOP,0.00031834,"2017-11-05 05:40:00"
IOP,0.00031964,"2017-11-05 05:45:00"
IOP,0.00032783,"2017-11-05 05:50:00"
IOP,0.00032876,"2017-11-05 05:55:00"
IOP,0.00032876,"2017-11-05 06:00:00"
IOP,0.00032183,"2017-11-05 06:05:00"
IOP,0.00032736,"2017-11-05 06:10:00"
IOP,0.0003268,"2017-11-05 06:15:00"
IOP,0.00032183,"2017-11-05 06:20:00"
IOP,0.00032065,"2017-11-05 06:25:00"
IOP,0.00032065,"2017-11-05 06:30:00"
IOP,0.00032065,"2017-11-05 06:35:00"
IOP,0.00032065,"2017-11-05 06:40:00"
IOP,0.00031671,"2017-11-05 06:45:00"
IOP,0.00032058,"2017-11-05 06:50:00"
IOP,0.00031671,"2017-11-05 06:55:00"
IOP,0.00031668,"2017-11-05 07:00:00"
IOP,0.00031668,"2017-11-05 07:05:00"
IOP,0.00031668,"2017-11-05 07:10:00"
IOP,0.00031997,"2017-11-05 07:15:00"
IOP,0.00031995,"2017-11-05 07:20:00"
IOP,0.00031487,"2017-11-05 07:25:00"
IOP,0.00031487,"2017-11-05 07:30:00"
IOP,0.00031487,"2017-11-05 07:35:00"
IOP,0.00031522,"2017-11-05 07:40:00"
IOP,0.00031522,"2017-11-05 07:45:00"
IOP,0.00031522,"2017-11-05 07:50:00"
IOP,0.00031522,"2017-11-05 07:55:00"
IOP,0.00031522,"2017-11-05 08:00:00"
IOP,0.00031522,"2017-11-05 08:05:00"
IOP,0.0003199,"2017-11-05 08:10:00"
IOP,0.0003199,"2017-11-05 08:15:00"
IOP,0.00031985,"2017-11-05 08:20:00"
IOP,0.00031523,"2017-11-05 08:25:00"
IOP,0.00031522,"2017-11-05 08:30:00"
IOP,0.00031522,"2017-11-05 08:35:00"
IOP,0.00031522,"2017-11-05 08:40:00"
IOP,0.00031525,"2017-11-05 08:45:00"
IOP,0.00031404,"2017-11-05 08:50:00"
IOP,0.00031849,"2017-11-05 08:55:00"
IOP,0.00031782,"2017-11-05 09:00:00"
IOP,0.00030999,"2017-11-05 09:05:00"
IOP,0.00030999,"2017-11-05 09:10:00"
IOP,0.00030999,"2017-11-05 09:15:00"
IOP,0.0003108,"2017-11-05 09:20:00"
IOP,0.0003156,"2017-11-05 09:25:00"
IOP,0.00031508,"2017-11-05 09:30:00"
IOP,0.00031865,"2017-11-05 09:35:00"
IOP,0.00031585,"2017-11-05 09:40:00"
IOP,0.00031585,"2017-11-05 09:45:00"
IOP,0.00031565,"2017-11-05 09:50:00"
IOP,0.00031565,"2017-11-05 09:55:00"
IOP,0.00031565,"2017-11-05 10:00:00"
IOP,0.00031565,"2017-11-05 10:05:00"
IOP,0.00031565,"2017-11-05 10:10:00"
IOP,0.00031585,"2017-11-05 10:15:00"
IOP,0.00031868,"2017-11-05 10:20:00"
IOP,0.00031243,"2017-11-05 10:25:00"
IOP,0.00031262,"2017-11-05 10:30:00"
IOP,0.00031262,"2017-11-05 10:35:00"
IOP,0.00031262,"2017-11-05 10:40:00"
IOP,0.00031262,"2017-11-05 10:45:00"
IOP,0.00031162,"2017-11-05 10:50:00"
IOP,0.00031849,"2017-11-05 10:55:00"
IOP,0.00031849,"2017-11-05 11:00:00"
IOP,0.00031849,"2017-11-05 11:05:00"
IOP,0.00031094,"2017-11-05 11:10:00"
IOP,0.00031094,"2017-11-05 11:15:00"
IOP,0.00031087,"2017-11-05 11:20:00"
IOP,0.00031087,"2017-11-05 11:25:00"
IOP,0.00031087,"2017-11-05 11:30:00"
IOP,0.00031087,"2017-11-05 11:35:00"
IOP,0.00031087,"2017-11-05 11:40:00"
IOP,0.00031087,"2017-11-05 11:45:00"
IOP,0.00031001,"2017-11-05 11:50:00"
IOP,0.00031171,"2017-11-05 11:55:00"
IOP,0.00031171,"2017-11-05 12:00:00"
IOP,0.00031171,"2017-11-05 12:05:00"
IOP,0.00031171,"2017-11-05 12:10:00"
IOP,0.00031171,"2017-11-05 12:15:00"
IOP,0.0003163,"2017-11-05 12:20:00"
IOP,0.00031204,"2017-11-05 12:25:00"
IOP,0.00031204,"2017-11-05 12:30:00"
IOP,0.00031171,"2017-11-05 12:35:00"
IOP,0.00031171,"2017-11-05 12:40:00"
IOP,0.00030999,"2017-11-05 12:45:00"
IOP,0.00030851,"2017-11-05 12:50:00"
IOP,0.00030752,"2017-11-05 12:55:00"
IOP,0.00030752,"2017-11-05 13:00:00"
IOP,0.00030743,"2017-11-05 13:05:00"
IOP,0.00030699,"2017-11-05 13:10:00"
IOP,0.00030601,"2017-11-05 13:15:00"
IOP,0.000306,"2017-11-05 13:20:00"
IOP,0.00030603,"2017-11-05 13:25:00"
IOP,0.00030613,"2017-11-05 13:30:00"
IOP,0.00031081,"2017-11-05 13:35:00"
IOP,0.00031087,"2017-11-05 13:40:00"
IOP,0.0003108,"2017-11-05 13:45:00"
IOP,0.0003064,"2017-11-05 13:50:00"
IOP,0.0003064,"2017-11-05 13:55:00"
IOP,0.00030692,"2017-11-05 14:00:00"
IOP,0.00030692,"2017-11-05 14:05:00"
IOP,0.00030692,"2017-11-05 14:10:00"
IOP,0.00030996,"2017-11-05 14:15:00"
IOP,0.00030692,"2017-11-05 14:20:00"
IOP,0.00031071,"2017-11-05 14:25:00"
IOP,0.00031071,"2017-11-05 14:30:00"
IOP,0.00031069,"2017-11-05 14:35:00"
IOP,0.00031071,"2017-11-05 14:40:00"
IOP,0.00031069,"2017-11-05 14:45:00"
IOP,0.00030849,"2017-11-05 14:50:00"
IOP,0.00030848,"2017-11-05 14:55:00"
IOP,0.00031059,"2017-11-05 15:00:00"
IOP,0.00030691,"2017-11-05 15:05:00"
IOP,0.000307,"2017-11-05 15:10:00"
IOP,0.000307,"2017-11-05 15:15:00"
IOP,0.000307,"2017-11-05 15:20:00"
IOP,0.000307,"2017-11-05 15:25:00"
IOP,0.000307,"2017-11-05 15:30:00"
IOP,0.000307,"2017-11-05 15:35:00"
IOP,0.000307,"2017-11-05 15:40:00"
IOP,0.00030651,"2017-11-05 15:45:00"
IOP,0.0003064,"2017-11-05 15:50:00"
IOP,0.0003064,"2017-11-05 15:55:00"
IOP,0.0003064,"2017-11-05 16:00:00"
IOP,0.00031167,"2017-11-05 16:05:00"
IOP,0.00031514,"2017-11-05 16:10:00"
IOP,0.00031514,"2017-11-05 16:15:00"
IOP,0.00031213,"2017-11-05 16:20:00"
IOP,0.00031506,"2017-11-05 16:25:00"
IOP,0.00031599,"2017-11-05 16:30:00"
IOP,0.00031084,"2017-11-05 16:35:00"
IOP,0.000312,"2017-11-05 16:40:00"
IOP,0.00031007,"2017-11-05 16:45:00"
IOP,0.0003105,"2017-11-05 16:50:00"
IOP,0.000312,"2017-11-05 16:55:00"
IOP,0.0003115,"2017-11-05 17:00:00"
IOP,0.000312,"2017-11-05 17:05:00"
IOP,0.00031236,"2017-11-05 17:10:00"
IOP,0.00031471,"2017-11-05 17:15:00"
IOP,0.00031595,"2017-11-05 17:20:00"
IOP,0.00031436,"2017-11-05 17:25:00"
IOP,0.00031429,"2017-11-05 17:30:00"
IOP,0.00031429,"2017-11-05 17:35:00"
IOP,0.0003157,"2017-11-05 17:40:00"
IOP,0.00031598,"2017-11-05 17:45:00"
IOP,0.00031909,"2017-11-05 17:50:00"
IOP,0.00032299,"2017-11-05 17:55:00"
IOP,0.00031974,"2017-11-05 18:00:00"
IOP,0.00032287,"2017-11-05 18:05:00"
IOP,0.00031702,"2017-11-05 18:10:00"
IOP,0.00031702,"2017-11-05 18:15:00"
IOP,0.00031705,"2017-11-05 18:20:00"
IOP,0.00031582,"2017-11-05 18:25:00"
IOP,0.00031417,"2017-11-05 18:30:00"
IOP,0.00031387,"2017-11-05 18:35:00"
IOP,0.00031417,"2017-11-05 18:40:00"
IOP,0.00031378,"2017-11-05 18:45:00"
IOP,0.00031417,"2017-11-05 18:50:00"
IOP,0.00031417,"2017-11-05 18:55:00"
IOP,0.000317,"2017-11-05 19:00:00"
IOP,0.000317,"2017-11-05 19:05:00"
IOP,0.0003139,"2017-11-05 19:10:00"
IOP,0.0003148,"2017-11-05 19:15:00"
IOP,0.0003148,"2017-11-05 19:20:00"
IOP,0.0003172,"2017-11-05 19:25:00"
IOP,0.00032005,"2017-11-05 19:30:00"
IOP,0.00031993,"2017-11-05 19:35:00"
IOP,0.0003175,"2017-11-05 19:40:00"
IOP,0.0003175,"2017-11-05 19:45:00"
IOP,0.000314,"2017-11-05 19:50:00"
IOP,0.00031788,"2017-11-05 19:55:00"
IOP,0.00032466,"2017-11-05 20:00:00"
IOP,0.00031602,"2017-11-05 20:05:00"
IOP,0.00031601,"2017-11-05 20:10:00"
IOP,0.000316,"2017-11-05 20:15:00"
IOP,0.000316,"2017-11-05 20:20:00"
IOP,0.00031416,"2017-11-05 20:25:00"
IOP,0.00031415,"2017-11-05 20:30:00"
IOP,0.000314,"2017-11-05 20:35:00"
IOP,0.00031375,"2017-11-05 20:40:00"
IOP,0.00031375,"2017-11-05 20:45:00"
IOP,0.0003137,"2017-11-05 20:50:00"
IOP,0.00031307,"2017-11-05 20:55:00"
IOP,0.00031232,"2017-11-05 21:00:00"
IOP,0.00031058,"2017-11-05 21:05:00"
IOP,0.0003137,"2017-11-05 21:10:00"
IOP,0.00031059,"2017-11-05 21:15:00"
IOP,0.0003106,"2017-11-05 21:20:00"
IOP,0.00031072,"2017-11-05 21:25:00"
IOP,0.00031059,"2017-11-05 21:30:00"
IOP,0.00031008,"2017-11-05 21:35:00"
IOP,0.00031005,"2017-11-05 21:40:00"
IOP,0.00031005,"2017-11-05 21:45:00"
IOP,0.00031374,"2017-11-05 21:50:00"
IOP,0.0003101,"2017-11-05 21:55:00"
IOP,0.00031374,"2017-11-05 22:00:00"
IOP,0.00031073,"2017-11-05 22:05:00"
IOP,0.00031073,"2017-11-05 22:10:00"
IOP,0.00031073,"2017-11-05 22:15:00"
IOP,0.00031073,"2017-11-05 22:20:00"
IOP,0.00031073,"2017-11-05 22:25:00"
IOP,0.00031073,"2017-11-05 22:30:00"
IOP,0.0003101,"2017-11-05 22:35:00"
IOP,0.0003137,"2017-11-05 22:40:00"
IOP,0.00031005,"2017-11-05 22:45:00"
IOP,0.0003137,"2017-11-05 22:50:00"
IOP,0.0003137,"2017-11-05 22:55:00"
IOP,0.00031375,"2017-11-05 23:00:00"
IOP,0.00031,"2017-11-05 23:05:00"
IOP,0.00031375,"2017-11-05 23:10:00"
IOP,0.00031,"2017-11-05 23:15:00"
IOP,0.00031007,"2017-11-05 23:20:00"
IOP,0.00031024,"2017-11-05 23:25:00"
IOP,0.00031024,"2017-11-05 23:30:00"
IOP,0.00031024,"2017-11-05 23:35:00"
IOP,0.00031417,"2017-11-05 23:40:00"
IOP,0.00031417,"2017-11-05 23:45:00"
IOP,0.00031435,"2017-11-05 23:50:00"
IOP,0.00031435,"2017-11-05 23:55:00"
IOP,0.00031435,"2017-11-06 00:00:00"
IOP,0.00031435,"2017-11-06 00:05:00"
IOP,0.00031435,"2017-11-06 00:10:00"
IOP,0.00031436,"2017-11-06 00:15:00"
IOP,0.00031522,"2017-11-06 00:20:00"
IOP,0.00031522,"2017-11-06 00:25:00"
IOP,0.000322,"2017-11-06 00:30:00"
IOP,0.0003249,"2017-11-06 00:35:00"
IOP,0.000329,"2017-11-06 00:40:00"
IOP,0.000322,"2017-11-06 00:45:00"
IOP,0.00031675,"2017-11-06 00:50:00"
IOP,0.00031675,"2017-11-06 00:55:00"
IOP,0.00031675,"2017-11-06 01:00:00"
IOP,0.00031674,"2017-11-06 01:05:00"
IOP,0.00031747,"2017-11-06 01:10:00"
IOP,0.00032188,"2017-11-06 01:15:00"
IOP,0.00031537,"2017-11-06 01:20:00"
IOP,0.00031537,"2017-11-06 01:25:00"
IOP,0.00031537,"2017-11-06 01:30:00"
IOP,0.00031536,"2017-11-06 01:35:00"
IOP,0.00031536,"2017-11-06 01:40:00"
IOP,0.00031536,"2017-11-06 01:45:00"
IOP,0.00031492,"2017-11-06 01:50:00"
IOP,0.00031491,"2017-11-06 01:55:00"
IOP,0.00031537,"2017-11-06 02:00:00"
IOP,0.00031537,"2017-11-06 02:05:00"
IOP,0.00031537,"2017-11-06 02:10:00"
IOP,0.0003201,"2017-11-06 02:15:00"
IOP,0.000317,"2017-11-06 02:20:00"
IOP,0.0003201,"2017-11-06 02:25:00"
IOP,0.0003201,"2017-11-06 02:30:00"
IOP,0.0003201,"2017-11-06 02:35:00"
IOP,0.000318,"2017-11-06 02:40:00"
IOP,0.000317,"2017-11-06 02:45:00"
IOP,0.00031984,"2017-11-06 02:50:00"
IOP,0.00031984,"2017-11-06 02:55:00"
IOP,0.00031984,"2017-11-06 03:00:00"
IOP,0.00031984,"2017-11-06 03:05:00"
IOP,0.00031437,"2017-11-06 03:10:00"
IOP,0.00031437,"2017-11-06 03:15:00"
IOP,0.00031458,"2017-11-06 03:20:00"
IOP,0.00031458,"2017-11-06 03:25:00"
IOP,0.00031277,"2017-11-06 03:30:00"
IOP,0.00031277,"2017-11-06 03:35:00"
IOP,0.00031277,"2017-11-06 03:40:00"
IOP,0.00031277,"2017-11-06 03:45:00"
IOP,0.0003128,"2017-11-06 03:50:00"
IOP,0.0003128,"2017-11-06 03:55:00"
IOP,0.00031281,"2017-11-06 04:00:00"
IOP,0.00031281,"2017-11-06 04:05:00"
IOP,0.00031278,"2017-11-06 04:10:00"
IOP,0.0003162,"2017-11-06 04:15:00"
IOP,0.00031669,"2017-11-06 04:20:00"
IOP,0.0003168,"2017-11-06 04:25:00"
IOP,0.00031277,"2017-11-06 04:30:00"
IOP,0.0003167,"2017-11-06 04:35:00"
IOP,0.0003167,"2017-11-06 04:40:00"
IOP,0.0003167,"2017-11-06 04:45:00"
IOP,0.0003167,"2017-11-06 04:50:00"
IOP,0.0003167,"2017-11-06 04:55:00"
IOP,0.0003167,"2017-11-06 05:00:00"
IOP,0.0003167,"2017-11-06 05:05:00"
IOP,0.0003167,"2017-11-06 05:10:00"
IOP,0.0003167,"2017-11-06 05:15:00"
IOP,0.0003167,"2017-11-06 05:20:00"
IOP,0.0003167,"2017-11-06 05:25:00"
IOP,0.0003184,"2017-11-06 05:30:00"
IOP,0.0003184,"2017-11-06 05:35:00"
IOP,0.000315,"2017-11-06 05:40:00"
IOP,0.00031303,"2017-11-06 05:45:00"
IOP,0.000315,"2017-11-06 05:50:00"
IOP,0.00031302,"2017-11-06 05:55:00"
IOP,0.00031302,"2017-11-06 06:00:00"
IOP,0.00031877,"2017-11-06 06:05:00"
IOP,0.00031642,"2017-11-06 06:10:00"
IOP,0.00031312,"2017-11-06 06:15:00"
IOP,0.000315,"2017-11-06 06:20:00"
IOP,0.000315,"2017-11-06 06:25:00"
IOP,0.00031887,"2017-11-06 06:30:00"
IOP,0.000315,"2017-11-06 06:35:00"
IOP,0.000315,"2017-11-06 06:40:00"
IOP,0.000315,"2017-11-06 06:45:00"
IOP,0.000315,"2017-11-06 06:50:00"
IOP,0.00031317,"2017-11-06 06:55:00"
IOP,0.00031317,"2017-11-06 07:00:00"
IOP,0.00031318,"2017-11-06 07:05:00"
IOP,0.00031318,"2017-11-06 07:10:00"
IOP,0.00031318,"2017-11-06 07:15:00"
IOP,0.00031318,"2017-11-06 07:20:00"
IOP,0.00031318,"2017-11-06 07:25:00"
IOP,0.00031318,"2017-11-06 07:30:00"
IOP,0.000315,"2017-11-06 07:35:00"
IOP,0.00031678,"2017-11-06 07:40:00"
IOP,0.00031622,"2017-11-06 07:45:00"
IOP,0.00031622,"2017-11-06 07:50:00"
IOP,0.00031549,"2017-11-06 07:55:00"
IOP,0.00031541,"2017-11-06 08:00:00"
IOP,0.00031634,"2017-11-06 08:05:00"
IOP,0.00031652,"2017-11-06 08:10:00"
IOP,0.00031651,"2017-11-06 08:15:00"
IOP,0.00031652,"2017-11-06 08:20:00"
IOP,0.00031406,"2017-11-06 08:25:00"
IOP,0.00031599,"2017-11-06 08:30:00"
IOP,0.00031393,"2017-11-06 08:35:00"
IOP,0.00031392,"2017-11-06 08:40:00"
IOP,0.0003104,"2017-11-06 08:45:00"
IOP,0.00031025,"2017-11-06 08:50:00"
IOP,0.00031037,"2017-11-06 08:55:00"
IOP,0.00031037,"2017-11-06 09:00:00"
IOP,0.00031037,"2017-11-06 09:05:00"
IOP,0.00031038,"2017-11-06 09:10:00"
IOP,0.00031576,"2017-11-06 09:15:00"
IOP,0.00031205,"2017-11-06 09:20:00"
IOP,0.00031201,"2017-11-06 09:25:00"
IOP,0.0003102,"2017-11-06 09:30:00"
IOP,0.0003102,"2017-11-06 09:35:00"
IOP,0.0003102,"2017-11-06 09:40:00"
IOP,0.00031009,"2017-11-06 09:45:00"
IOP,0.00031009,"2017-11-06 09:50:00"
IOP,0.00031,"2017-11-06 09:55:00"
IOP,0.00031651,"2017-11-06 10:00:00"
IOP,0.00031633,"2017-11-06 10:05:00"
IOP,0.00031645,"2017-11-06 10:10:00"
IOP,0.0003165,"2017-11-06 10:15:00"
IOP,0.00031701,"2017-11-06 10:20:00"
IOP,0.00031701,"2017-11-06 10:25:00"
IOP,0.000319,"2017-11-06 10:30:00"
IOP,0.000319,"2017-11-06 10:35:00"
IOP,0.000319,"2017-11-06 10:40:00"
IOP,0.00031502,"2017-11-06 10:45:00"
IOP,0.000315,"2017-11-06 10:50:00"
IOP,0.00031422,"2017-11-06 10:55:00"
IOP,0.00031422,"2017-11-06 11:00:00"
IOP,0.00031321,"2017-11-06 11:05:00"
IOP,0.00031321,"2017-11-06 11:10:00"
IOP,0.0003132,"2017-11-06 11:15:00"
IOP,0.00031422,"2017-11-06 11:20:00"
IOP,0.00031254,"2017-11-06 11:25:00"
IOP,0.00031422,"2017-11-06 11:30:00"
IOP,0.00031422,"2017-11-06 11:35:00"
IOP,0.00031422,"2017-11-06 11:40:00"
IOP,0.00031422,"2017-11-06 11:45:00"
IOP,0.00031245,"2017-11-06 11:50:00"
IOP,0.00031422,"2017-11-06 11:55:00"
IOP,0.00031422,"2017-11-06 12:00:00"
IOP,0.00031245,"2017-11-06 12:05:00"
IOP,0.00031199,"2017-11-06 12:10:00"
IOP,0.0003109,"2017-11-06 12:15:00"
IOP,0.00031153,"2017-11-06 12:20:00"
IOP,0.00031153,"2017-11-06 12:25:00"
IOP,0.00031151,"2017-11-06 12:30:00"
IOP,0.00031356,"2017-11-06 12:35:00"
IOP,0.00031356,"2017-11-06 12:40:00"
IOP,0.00031764,"2017-11-06 12:45:00"
IOP,0.00031036,"2017-11-06 12:50:00"
IOP,0.0003153,"2017-11-06 12:55:00"
IOP,0.00031559,"2017-11-06 13:00:00"
IOP,0.00031559,"2017-11-06 13:05:00"
IOP,0.00031559,"2017-11-06 13:10:00"
IOP,0.00031559,"2017-11-06 13:15:00"
IOP,0.00031121,"2017-11-06 13:20:00"
IOP,0.0003115,"2017-11-06 13:25:00"
IOP,0.00031074,"2017-11-06 13:30:00"
IOP,0.0003115,"2017-11-06 13:35:00"
IOP,0.0003115,"2017-11-06 13:40:00"
IOP,0.00031073,"2017-11-06 13:45:00"
IOP,0.00030906,"2017-11-06 13:50:00"
IOP,0.00031011,"2017-11-06 13:55:00"
IOP,0.00030906,"2017-11-06 14:00:00"
IOP,0.00030906,"2017-11-06 14:05:00"
IOP,0.00030789,"2017-11-06 14:10:00"
IOP,0.0003095,"2017-11-06 14:15:00"
IOP,0.00031192,"2017-11-06 14:20:00"
IOP,0.00031192,"2017-11-06 14:25:00"
IOP,0.00031192,"2017-11-06 14:30:00"
IOP,0.00031192,"2017-11-06 14:35:00"
IOP,0.0003095,"2017-11-06 14:40:00"
IOP,0.0003095,"2017-11-06 14:45:00"
IOP,0.00031286,"2017-11-06 14:50:00"
IOP,0.000313,"2017-11-06 14:55:00"
IOP,0.00031299,"2017-11-06 15:00:00"
IOP,0.00031524,"2017-11-06 15:05:00"
IOP,0.0003095,"2017-11-06 15:10:00"
IOP,0.0003095,"2017-11-06 15:15:00"
IOP,0.00030956,"2017-11-06 15:20:00"
IOP,0.0003138,"2017-11-06 15:25:00"
IOP,0.00031319,"2017-11-06 15:30:00"
IOP,0.00031317,"2017-11-06 15:35:00"
IOP,0.00031317,"2017-11-06 15:40:00"
IOP,0.00030966,"2017-11-06 15:45:00"
IOP,0.00030966,"2017-11-06 15:50:00"
IOP,0.00030966,"2017-11-06 15:55:00"
IOP,0.00030967,"2017-11-06 16:00:00"
IOP,0.00031317,"2017-11-06 16:05:00"
IOP,0.00031317,"2017-11-06 16:10:00"
IOP,0.00031315,"2017-11-06 16:15:00"
IOP,0.00030956,"2017-11-06 16:20:00"
IOP,0.00031529,"2017-11-06 16:25:00"
IOP,0.00031034,"2017-11-06 16:30:00"
IOP,0.00030005,"2017-11-06 16:35:00"
IOP,0.00029932,"2017-11-06 16:40:00"
IOP,0.00030384,"2017-11-06 16:45:00"
IOP,0.00031147,"2017-11-06 16:50:00"
IOP,0.00030401,"2017-11-06 16:55:00"
IOP,0.00030428,"2017-11-06 17:00:00"
IOP,0.00030431,"2017-11-06 17:05:00"
IOP,0.00030893,"2017-11-06 17:10:00"
IOP,0.0003051,"2017-11-06 17:15:00"
IOP,0.00030984,"2017-11-06 17:20:00"
IOP,0.00030516,"2017-11-06 17:25:00"
IOP,0.00030713,"2017-11-06 17:30:00"
IOP,0.00030516,"2017-11-06 17:35:00"
IOP,0.00030516,"2017-11-06 17:40:00"
IOP,0.00030831,"2017-11-06 17:45:00"
IOP,0.00031028,"2017-11-06 17:50:00"
IOP,0.0003093,"2017-11-06 17:55:00"
IOP,0.00030993,"2017-11-06 18:00:00"
IOP,0.00031117,"2017-11-06 18:05:00"
IOP,0.0003122,"2017-11-06 18:10:00"
IOP,0.000314,"2017-11-06 18:15:00"
IOP,0.00031525,"2017-11-06 18:20:00"
IOP,0.00031688,"2017-11-06 18:25:00"
IOP,0.00031829,"2017-11-06 18:30:00"
IOP,0.00031887,"2017-11-06 18:35:00"
IOP,0.00031689,"2017-11-06 18:40:00"
IOP,0.00032,"2017-11-06 18:45:00"
IOP,0.00031688,"2017-11-06 18:50:00"
IOP,0.00031688,"2017-11-06 18:55:00"
IOP,0.0003199,"2017-11-06 19:00:00"
IOP,0.0003199,"2017-11-06 19:05:00"
IOP,0.00031371,"2017-11-06 19:10:00"
IOP,0.00031371,"2017-11-06 19:15:00"
IOP,0.00031916,"2017-11-06 19:20:00"
IOP,0.00031939,"2017-11-06 19:25:00"
IOP,0.00031805,"2017-11-06 19:30:00"
IOP,0.00031889,"2017-11-06 19:35:00"
IOP,0.00031555,"2017-11-06 19:40:00"
IOP,0.00031494,"2017-11-06 19:45:00"
IOP,0.00031494,"2017-11-06 19:50:00"
IOP,0.00031494,"2017-11-06 19:55:00"
IOP,0.00031494,"2017-11-06 20:00:00"
IOP,0.00031555,"2017-11-06 20:05:00"
IOP,0.00031749,"2017-11-06 20:10:00"
IOP,0.00031785,"2017-11-06 20:15:00"
IOP,0.00031555,"2017-11-06 20:20:00"
IOP,0.00031508,"2017-11-06 20:25:00"
IOP,0.00031354,"2017-11-06 20:30:00"
IOP,0.00031401,"2017-11-06 20:35:00"
IOP,0.00031848,"2017-11-06 20:40:00"
IOP,0.0003185,"2017-11-06 20:45:00"
IOP,0.00031889,"2017-11-06 20:50:00"
IOP,0.00031962,"2017-11-06 20:55:00"
IOP,0.0003203,"2017-11-06 21:00:00"
IOP,0.000319,"2017-11-06 21:05:00"
IOP,0.00031862,"2017-11-06 21:10:00"
IOP,0.00031862,"2017-11-06 21:15:00"
IOP,0.00031516,"2017-11-06 21:20:00"
IOP,0.00031511,"2017-11-06 21:25:00"
IOP,0.000316,"2017-11-06 21:30:00"
IOP,0.000316,"2017-11-06 21:35:00"
IOP,0.000316,"2017-11-06 21:40:00"
IOP,0.000316,"2017-11-06 21:45:00"
IOP,0.00031809,"2017-11-06 21:50:00"
IOP,0.00032049,"2017-11-06 21:55:00"
IOP,0.00032,"2017-11-06 22:00:00"
IOP,0.00031517,"2017-11-06 22:05:00"
IOP,0.00031518,"2017-11-06 22:10:00"
IOP,0.00031587,"2017-11-06 22:15:00"
IOP,0.00031915,"2017-11-06 22:20:00"
IOP,0.000316,"2017-11-06 22:25:00"
IOP,0.0003165,"2017-11-06 22:30:00"
IOP,0.00031992,"2017-11-06 22:35:00"
IOP,0.00031992,"2017-11-06 22:40:00"
IOP,0.000322,"2017-11-06 22:45:00"
IOP,0.00032341,"2017-11-06 22:50:00"
IOP,0.00031699,"2017-11-06 22:55:00"
IOP,0.00032198,"2017-11-06 23:00:00"
IOP,0.00032198,"2017-11-06 23:05:00"
IOP,0.00032189,"2017-11-06 23:10:00"
IOP,0.00032189,"2017-11-06 23:15:00"
IOP,0.00032189,"2017-11-06 23:20:00"
IOP,0.00032189,"2017-11-06 23:25:00"
IOP,0.00031577,"2017-11-06 23:30:00"
IOP,0.0003195,"2017-11-06 23:35:00"
IOP,0.0003195,"2017-11-06 23:40:00"
IOP,0.00031999,"2017-11-06 23:45:00"
IOP,0.00031999,"2017-11-06 23:50:00"
IOP,0.00031999,"2017-11-06 23:55:00"
IOP,0.00032,"2017-11-07 00:00:00"
IOP,0.00031684,"2017-11-07 00:05:00"
IOP,0.000319,"2017-11-07 00:10:00"
IOP,0.0003161,"2017-11-07 00:15:00"
IOP,0.0003187,"2017-11-07 00:20:00"
IOP,0.00031612,"2017-11-07 00:25:00"
IOP,0.0003161,"2017-11-07 00:30:00"
IOP,0.00031612,"2017-11-07 00:35:00"
IOP,0.00031705,"2017-11-07 00:40:00"
IOP,0.00031705,"2017-11-07 00:45:00"
IOP,0.00031612,"2017-11-07 00:50:00"
IOP,0.00031705,"2017-11-07 00:55:00"
IOP,0.00031608,"2017-11-07 01:00:00"
IOP,0.00031756,"2017-11-07 01:05:00"
IOP,0.00031823,"2017-11-07 01:10:00"
IOP,0.0003184,"2017-11-07 01:15:00"
IOP,0.00032,"2017-11-07 01:20:00"
IOP,0.00031999,"2017-11-07 01:25:00"
IOP,0.00031756,"2017-11-07 01:30:00"
IOP,0.00031756,"2017-11-07 01:35:00"
IOP,0.00031756,"2017-11-07 01:40:00"
IOP,0.00031756,"2017-11-07 01:45:00"
IOP,0.00032,"2017-11-07 01:50:00"
IOP,0.00031725,"2017-11-07 01:55:00"
IOP,0.00031725,"2017-11-07 02:00:00"
IOP,0.00031725,"2017-11-07 02:05:00"
IOP,0.00031725,"2017-11-07 02:10:00"
IOP,0.00031625,"2017-11-07 02:15:00"
IOP,0.00031625,"2017-11-07 02:20:00"
IOP,0.00031625,"2017-11-07 02:25:00"
IOP,0.00031839,"2017-11-07 02:30:00"
IOP,0.00032012,"2017-11-07 02:35:00"
IOP,0.00032012,"2017-11-07 02:40:00"
IOP,0.0003158,"2017-11-07 02:45:00"
IOP,0.00031518,"2017-11-07 02:50:00"
IOP,0.00031945,"2017-11-07 02:55:00"
IOP,0.00031999,"2017-11-07 03:00:00"
IOP,0.00031999,"2017-11-07 03:05:00"
IOP,0.00031522,"2017-11-07 03:10:00"
IOP,0.00031522,"2017-11-07 03:15:00"
IOP,0.00031357,"2017-11-07 03:20:00"
IOP,0.00031357,"2017-11-07 03:25:00"
IOP,0.00031943,"2017-11-07 03:30:00"
IOP,0.00031699,"2017-11-07 03:35:00"
IOP,0.0003188,"2017-11-07 03:40:00"
IOP,0.00031881,"2017-11-07 03:45:00"
IOP,0.0003206,"2017-11-07 03:50:00"
IOP,0.00031882,"2017-11-07 03:55:00"
IOP,0.00031883,"2017-11-07 04:00:00"
IOP,0.00031883,"2017-11-07 04:05:00"
IOP,0.00031883,"2017-11-07 04:10:00"
IOP,0.00031882,"2017-11-07 04:15:00"
IOP,0.00031919,"2017-11-07 04:20:00"
IOP,0.00031919,"2017-11-07 04:25:00"
IOP,0.00031458,"2017-11-07 04:30:00"
IOP,0.00031885,"2017-11-07 04:35:00"
IOP,0.00031885,"2017-11-07 04:40:00"
IOP,0.00031885,"2017-11-07 04:45:00"
IOP,0.00031885,"2017-11-07 04:50:00"
IOP,0.00031885,"2017-11-07 04:55:00"
IOP,0.00031883,"2017-11-07 05:00:00"
IOP,0.00031459,"2017-11-07 05:05:00"
IOP,0.00031459,"2017-11-07 05:10:00"
IOP,0.00031876,"2017-11-07 05:15:00"
IOP,0.00031876,"2017-11-07 05:20:00"
IOP,0.00031461,"2017-11-07 05:25:00"
IOP,0.00031461,"2017-11-07 05:30:00"
IOP,0.00031461,"2017-11-07 05:35:00"
IOP,0.00031984,"2017-11-07 05:40:00"
IOP,0.00031984,"2017-11-07 05:45:00"
IOP,0.00031984,"2017-11-07 05:50:00"
IOP,0.0003154,"2017-11-07 05:55:00"
IOP,0.0003154,"2017-11-07 06:00:00"
IOP,0.000318,"2017-11-07 06:05:00"
IOP,0.00031922,"2017-11-07 06:10:00"
IOP,0.00031922,"2017-11-07 06:15:00"
IOP,0.00031915,"2017-11-07 06:20:00"
IOP,0.00031915,"2017-11-07 06:25:00"
IOP,0.00031915,"2017-11-07 06:30:00"
IOP,0.00031915,"2017-11-07 06:35:00"
IOP,0.00031915,"2017-11-07 06:40:00"
IOP,0.0003158,"2017-11-07 06:45:00"
IOP,0.0003158,"2017-11-07 06:50:00"
IOP,0.00031372,"2017-11-07 06:55:00"
IOP,0.00031268,"2017-11-07 07:00:00"
IOP,0.00031347,"2017-11-07 07:05:00"
IOP,0.00031267,"2017-11-07 07:10:00"
IOP,0.0003123,"2017-11-07 07:15:00"
IOP,0.00031669,"2017-11-07 07:20:00"
IOP,0.00031669,"2017-11-07 07:25:00"
IOP,0.00031656,"2017-11-07 07:30:00"
IOP,0.00031226,"2017-11-07 07:35:00"
IOP,0.00031209,"2017-11-07 07:40:00"
IOP,0.00031639,"2017-11-07 07:45:00"
IOP,0.0003121,"2017-11-07 07:50:00"
IOP,0.00031639,"2017-11-07 07:55:00"
IOP,0.00031639,"2017-11-07 08:00:00"
IOP,0.00031638,"2017-11-07 08:05:00"
IOP,0.000313,"2017-11-07 08:10:00"
IOP,0.000313,"2017-11-07 08:15:00"
IOP,0.000313,"2017-11-07 08:20:00"
IOP,0.00031637,"2017-11-07 08:25:00"
IOP,0.00031637,"2017-11-07 08:30:00"
IOP,0.00031211,"2017-11-07 08:35:00"
IOP,0.00031636,"2017-11-07 08:40:00"
IOP,0.00031623,"2017-11-07 08:45:00"
IOP,0.00031637,"2017-11-07 08:50:00"
IOP,0.00031846,"2017-11-07 08:55:00"
IOP,0.00031846,"2017-11-07 09:00:00"
IOP,0.00031846,"2017-11-07 09:05:00"
IOP,0.000315,"2017-11-07 09:10:00"
IOP,0.000315,"2017-11-07 09:15:00"
IOP,0.00031426,"2017-11-07 09:20:00"
IOP,0.0003132,"2017-11-07 09:25:00"
IOP,0.00031301,"2017-11-07 09:30:00"
IOP,0.0003132,"2017-11-07 09:35:00"
IOP,0.00031209,"2017-11-07 09:40:00"
IOP,0.00031057,"2017-11-07 09:45:00"
IOP,0.00031057,"2017-11-07 09:50:00"
IOP,0.00031375,"2017-11-07 09:55:00"
IOP,0.000315,"2017-11-07 10:00:00"
IOP,0.00031538,"2017-11-07 10:05:00"
IOP,0.00031559,"2017-11-07 10:10:00"
IOP,0.0003098,"2017-11-07 10:15:00"
IOP,0.00031558,"2017-11-07 10:20:00"
IOP,0.00031565,"2017-11-07 10:25:00"
IOP,0.00031535,"2017-11-07 10:30:00"
IOP,0.00031553,"2017-11-07 10:35:00"
IOP,0.00032195,"2017-11-07 10:40:00"
IOP,0.00032807,"2017-11-07 10:45:00"
IOP,0.00033228,"2017-11-07 10:50:00"
IOP,0.00032626,"2017-11-07 10:55:00"
IOP,0.000327,"2017-11-07 11:00:00"
IOP,0.00032799,"2017-11-07 11:05:00"
IOP,0.000325,"2017-11-07 11:10:00"
IOP,0.0003249,"2017-11-07 11:15:00"
IOP,0.000325,"2017-11-07 11:20:00"
IOP,0.00032874,"2017-11-07 11:25:00"
IOP,0.00033196,"2017-11-07 11:30:00"
IOP,0.00033196,"2017-11-07 11:35:00"
IOP,0.00032492,"2017-11-07 11:40:00"
IOP,0.00032135,"2017-11-07 11:45:00"
IOP,0.00031853,"2017-11-07 11:50:00"
IOP,0.0003201,"2017-11-07 11:55:00"
IOP,0.0003155,"2017-11-07 12:00:00"
IOP,0.00032001,"2017-11-07 12:05:00"
IOP,0.0003201,"2017-11-07 12:10:00"
IOP,0.0003201,"2017-11-07 12:15:00"
IOP,0.00031556,"2017-11-07 12:20:00"
IOP,0.00031998,"2017-11-07 12:25:00"
IOP,0.00031662,"2017-11-07 12:30:00"
IOP,0.00031969,"2017-11-07 12:35:00"
IOP,0.00031974,"2017-11-07 12:40:00"
IOP,0.00031874,"2017-11-07 12:45:00"
IOP,0.00031874,"2017-11-07 12:50:00"
IOP,0.00031669,"2017-11-07 12:55:00"
IOP,0.00031251,"2017-11-07 13:00:00"
IOP,0.00031312,"2017-11-07 13:05:00"
IOP,0.00031312,"2017-11-07 13:10:00"
IOP,0.00031625,"2017-11-07 13:15:00"
IOP,0.00031701,"2017-11-07 13:20:00"
IOP,0.00031701,"2017-11-07 13:25:00"
IOP,0.00031701,"2017-11-07 13:30:00"
IOP,0.0003167,"2017-11-07 13:35:00"
IOP,0.00031811,"2017-11-07 13:40:00"
IOP,0.00031805,"2017-11-07 13:45:00"
IOP,0.00032024,"2017-11-07 13:50:00"
IOP,0.00031975,"2017-11-07 13:55:00"
IOP,0.00031975,"2017-11-07 14:00:00"
IOP,0.00031624,"2017-11-07 14:05:00"
IOP,0.00031342,"2017-11-07 14:10:00"
IOP,0.00032039,"2017-11-07 14:15:00"
IOP,0.000319,"2017-11-07 14:20:00"
IOP,0.000319,"2017-11-07 14:25:00"
IOP,0.00031799,"2017-11-07 14:30:00"
IOP,0.00031799,"2017-11-07 14:35:00"
IOP,0.00031807,"2017-11-07 14:40:00"
IOP,0.00032025,"2017-11-07 14:45:00"
IOP,0.00032,"2017-11-07 14:50:00"
IOP,0.00031808,"2017-11-07 14:55:00"
IOP,0.00032,"2017-11-07 15:00:00"
IOP,0.00032,"2017-11-07 15:05:00"
IOP,0.00031709,"2017-11-07 15:10:00"
IOP,0.00031707,"2017-11-07 15:15:00"
IOP,0.00031707,"2017-11-07 15:20:00"
IOP,0.00031707,"2017-11-07 15:25:00"
IOP,0.00031342,"2017-11-07 15:30:00"
IOP,0.00031525,"2017-11-07 15:35:00"
IOP,0.0003115,"2017-11-07 15:40:00"
IOP,0.0003115,"2017-11-07 15:45:00"
IOP,0.00031392,"2017-11-07 15:50:00"
IOP,0.00031465,"2017-11-07 15:55:00"
IOP,0.00031674,"2017-11-07 16:00:00"
IOP,0.00031674,"2017-11-07 16:05:00"
IOP,0.00031728,"2017-11-07 16:10:00"
IOP,0.00031755,"2017-11-07 16:15:00"
IOP,0.00031755,"2017-11-07 16:20:00"
IOP,0.00031859,"2017-11-07 16:25:00"
IOP,0.00032338,"2017-11-07 16:30:00"
IOP,0.000323,"2017-11-07 16:35:00"
IOP,0.00031101,"2017-11-07 16:40:00"
IOP,0.00031262,"2017-11-07 16:45:00"
IOP,0.0003138,"2017-11-07 16:50:00"
IOP,0.0003141,"2017-11-07 16:55:00"
IOP,0.0003141,"2017-11-07 17:00:00"
IOP,0.0003141,"2017-11-07 17:05:00"
IOP,0.0003141,"2017-11-07 17:10:00"
IOP,0.00031411,"2017-11-07 17:15:00"
IOP,0.00031411,"2017-11-07 17:20:00"
IOP,0.0003142,"2017-11-07 17:25:00"
IOP,0.0003142,"2017-11-07 17:30:00"
IOP,0.00031367,"2017-11-07 17:35:00"
IOP,0.00031686,"2017-11-07 17:40:00"
IOP,0.00031,"2017-11-07 17:45:00"
IOP,0.00031136,"2017-11-07 17:50:00"
IOP,0.00031231,"2017-11-07 17:55:00"
IOP,0.00031231,"2017-11-07 18:00:00"
IOP,0.0003135,"2017-11-07 18:05:00"
IOP,0.0003135,"2017-11-07 18:10:00"
IOP,0.00031662,"2017-11-07 18:15:00"
IOP,0.000315,"2017-11-07 18:20:00"
IOP,0.00031588,"2017-11-07 18:25:00"
IOP,0.00031239,"2017-11-07 18:30:00"
IOP,0.00031235,"2017-11-07 18:35:00"
IOP,0.00031587,"2017-11-07 18:40:00"
IOP,0.00031235,"2017-11-07 18:45:00"
IOP,0.00031235,"2017-11-07 18:50:00"
IOP,0.00031557,"2017-11-07 18:55:00"
IOP,0.00031535,"2017-11-07 19:00:00"
IOP,0.00031154,"2017-11-07 19:05:00"
IOP,0.00031154,"2017-11-07 19:10:00"
IOP,0.00031162,"2017-11-07 19:15:00"
IOP,0.00031162,"2017-11-07 19:20:00"
IOP,0.0003129,"2017-11-07 19:25:00"
IOP,0.0003129,"2017-11-07 19:30:00"
IOP,0.0003129,"2017-11-07 19:35:00"
IOP,0.00031183,"2017-11-07 19:40:00"
IOP,0.00031565,"2017-11-07 19:45:00"
IOP,0.0003125,"2017-11-07 19:50:00"
IOP,0.00031183,"2017-11-07 19:55:00"
IOP,0.0003125,"2017-11-07 20:00:00"
IOP,0.0003125,"2017-11-07 20:05:00"
IOP,0.0003125,"2017-11-07 20:10:00"
IOP,0.00031183,"2017-11-07 20:15:00"
IOP,0.00031162,"2017-11-07 20:20:00"
IOP,0.0003125,"2017-11-07 20:25:00"
IOP,0.00031162,"2017-11-07 20:30:00"
IOP,0.00031162,"2017-11-07 20:35:00"
IOP,0.00031162,"2017-11-07 20:40:00"
IOP,0.00031163,"2017-11-07 20:45:00"
IOP,0.00031163,"2017-11-07 20:50:00"
IOP,0.00031163,"2017-11-07 20:55:00"
IOP,0.0003115,"2017-11-07 21:00:00"
IOP,0.000311,"2017-11-07 21:05:00"
IOP,0.00031,"2017-11-07 21:10:00"
IOP,0.00030991,"2017-11-07 21:15:00"
IOP,0.00030991,"2017-11-07 21:20:00"
IOP,0.00030991,"2017-11-07 21:25:00"
IOP,0.0003124,"2017-11-07 21:30:00"
IOP,0.00031163,"2017-11-07 21:35:00"
IOP,0.00031319,"2017-11-07 21:40:00"
IOP,0.000311,"2017-11-07 21:45:00"
IOP,0.00031084,"2017-11-07 21:50:00"
IOP,0.00031084,"2017-11-07 21:55:00"
IOP,0.00031083,"2017-11-07 22:00:00"
IOP,0.0003107,"2017-11-07 22:05:00"
IOP,0.00031021,"2017-11-07 22:10:00"
IOP,0.000304,"2017-11-07 22:15:00"
IOP,0.00029813,"2017-11-07 22:20:00"
IOP,0.00029836,"2017-11-07 22:25:00"
IOP,0.00029362,"2017-11-07 22:30:00"
IOP,0.00029373,"2017-11-07 22:35:00"
IOP,0.00029847,"2017-11-07 22:40:00"
IOP,0.00029847,"2017-11-07 22:45:00"
IOP,0.00030001,"2017-11-07 22:50:00"
IOP,0.00030001,"2017-11-07 22:55:00"
IOP,0.0002986,"2017-11-07 23:00:00"
IOP,0.0003,"2017-11-07 23:05:00"
IOP,0.00030001,"2017-11-07 23:10:00"
IOP,0.0003001,"2017-11-07 23:15:00"
IOP,0.0003002,"2017-11-07 23:20:00"
IOP,0.000302,"2017-11-07 23:25:00"
IOP,0.00030021,"2017-11-07 23:30:00"
IOP,0.0003029,"2017-11-07 23:35:00"
IOP,0.0003029,"2017-11-07 23:40:00"
IOP,0.0003029,"2017-11-07 23:45:00"
IOP,0.00030513,"2017-11-07 23:50:00"
IOP,0.00030513,"2017-11-07 23:55:00"
IOP,0.00030792,"2017-11-08 00:00:00"
IOP,0.00030801,"2017-11-08 00:05:00"
IOP,0.00030802,"2017-11-08 00:10:00"
IOP,0.00031068,"2017-11-08 00:15:00"
IOP,0.00031345,"2017-11-08 00:20:00"
IOP,0.00031345,"2017-11-08 00:25:00"
IOP,0.00031345,"2017-11-08 00:30:00"
IOP,0.00030945,"2017-11-08 00:35:00"
IOP,0.00031222,"2017-11-08 00:40:00"
IOP,0.00031348,"2017-11-08 00:45:00"
IOP,0.00031347,"2017-11-08 00:50:00"
IOP,0.00031345,"2017-11-08 00:55:00"
IOP,0.00030865,"2017-11-08 01:00:00"
IOP,0.00030659,"2017-11-08 01:05:00"
IOP,0.00030574,"2017-11-08 01:10:00"
IOP,0.00030625,"2017-11-08 01:15:00"
IOP,0.0003111,"2017-11-08 01:20:00"
IOP,0.00030607,"2017-11-08 01:25:00"
IOP,0.00030558,"2017-11-08 01:30:00"
IOP,0.00030931,"2017-11-08 01:35:00"
IOP,0.00030931,"2017-11-08 01:40:00"
IOP,0.0003088,"2017-11-08 01:45:00"
IOP,0.000307,"2017-11-08 01:50:00"
IOP,0.000307,"2017-11-08 01:55:00"
IOP,0.000307,"2017-11-08 02:00:00"
IOP,0.000306,"2017-11-08 02:05:00"
IOP,0.000306,"2017-11-08 02:10:00"
IOP,0.00030557,"2017-11-08 02:15:00"
IOP,0.00029696,"2017-11-08 02:20:00"
IOP,0.0002998,"2017-11-08 02:25:00"
IOP,0.00029895,"2017-11-08 02:30:00"
IOP,0.00029961,"2017-11-08 02:35:00"
IOP,0.00029945,"2017-11-08 02:40:00"
IOP,0.00029756,"2017-11-08 02:45:00"
IOP,0.00029222,"2017-11-08 02:50:00"
IOP,0.00029221,"2017-11-08 02:55:00"
IOP,0.00029222,"2017-11-08 03:00:00"
IOP,0.00029221,"2017-11-08 03:05:00"
IOP,0.00029221,"2017-11-08 03:10:00"
IOP,0.00029513,"2017-11-08 03:15:00"
IOP,0.00029962,"2017-11-08 03:20:00"
IOP,0.00029288,"2017-11-08 03:25:00"
IOP,0.00029288,"2017-11-08 03:30:00"
IOP,0.00030018,"2017-11-08 03:35:00"
IOP,0.00029367,"2017-11-08 03:40:00"
IOP,0.00029367,"2017-11-08 03:45:00"
IOP,0.00029367,"2017-11-08 03:50:00"
IOP,0.0002939,"2017-11-08 03:55:00"
IOP,0.00029395,"2017-11-08 04:00:00"
IOP,0.00029395,"2017-11-08 04:05:00"
IOP,0.00029588,"2017-11-08 04:10:00"
IOP,0.00029588,"2017-11-08 04:15:00"
IOP,0.00029588,"2017-11-08 04:20:00"
IOP,0.00029647,"2017-11-08 04:25:00"
IOP,0.0002967,"2017-11-08 04:30:00"
IOP,0.0002967,"2017-11-08 04:35:00"
IOP,0.00029647,"2017-11-08 04:40:00"
IOP,0.000296,"2017-11-08 04:45:00"
IOP,0.00029661,"2017-11-08 04:50:00"
IOP,0.00029588,"2017-11-08 04:55:00"
IOP,0.00029395,"2017-11-08 05:00:00"
IOP,0.00029185,"2017-11-08 05:05:00"
IOP,0.00029182,"2017-11-08 05:10:00"
IOP,0.00029282,"2017-11-08 05:15:00"
IOP,0.00029386,"2017-11-08 05:20:00"
IOP,0.00029386,"2017-11-08 05:25:00"
IOP,0.00029283,"2017-11-08 05:30:00"
IOP,0.00029283,"2017-11-08 05:35:00"
IOP,0.00029443,"2017-11-08 05:40:00"
IOP,0.00029443,"2017-11-08 05:45:00"
IOP,0.00029443,"2017-11-08 05:50:00"
IOP,0.00029518,"2017-11-08 05:55:00"
IOP,0.00029518,"2017-11-08 06:00:00"
IOP,0.00029518,"2017-11-08 06:05:00"
IOP,0.00029518,"2017-11-08 06:10:00"
IOP,0.00029518,"2017-11-08 06:15:00"
IOP,0.00029518,"2017-11-08 06:20:00"
IOP,0.0002969,"2017-11-08 06:25:00"
IOP,0.000293,"2017-11-08 06:30:00"
IOP,0.00029661,"2017-11-08 06:35:00"
IOP,0.00029704,"2017-11-08 06:40:00"
IOP,0.00029704,"2017-11-08 06:45:00"
IOP,0.00029704,"2017-11-08 06:50:00"
IOP,0.00029704,"2017-11-08 06:55:00"
IOP,0.00029708,"2017-11-08 07:00:00"
IOP,0.00029295,"2017-11-08 07:05:00"
IOP,0.0002963,"2017-11-08 07:10:00"
IOP,0.00029283,"2017-11-08 07:15:00"
IOP,0.00029,"2017-11-08 07:20:00"
IOP,0.00028998,"2017-11-08 07:25:00"
IOP,0.00028997,"2017-11-08 07:30:00"
IOP,0.00029,"2017-11-08 07:35:00"
IOP,0.00028729,"2017-11-08 07:40:00"
IOP,0.00028503,"2017-11-08 07:45:00"
IOP,0.000285,"2017-11-08 07:50:00"
IOP,0.0002845,"2017-11-08 07:55:00"
IOP,0.00028556,"2017-11-08 08:00:00"
IOP,0.0002859,"2017-11-08 08:05:00"
IOP,0.00029,"2017-11-08 08:10:00"
IOP,0.00029,"2017-11-08 08:15:00"
IOP,0.00029,"2017-11-08 08:20:00"
IOP,0.00029,"2017-11-08 08:25:00"
IOP,0.00029833,"2017-11-08 08:30:00"
IOP,0.00029925,"2017-11-08 08:35:00"
IOP,0.00029832,"2017-11-08 08:40:00"
IOP,0.00030143,"2017-11-08 08:45:00"
IOP,0.0002984,"2017-11-08 08:50:00"
IOP,0.0002948,"2017-11-08 08:55:00"
IOP,0.00029241,"2017-11-08 09:00:00"
IOP,0.00029262,"2017-11-08 09:05:00"
IOP,0.0003,"2017-11-08 09:10:00"
IOP,0.0003,"2017-11-08 09:15:00"
IOP,0.00030097,"2017-11-08 09:20:00"
IOP,0.00030097,"2017-11-08 09:25:00"
IOP,0.0003,"2017-11-08 09:30:00"
IOP,0.00029999,"2017-11-08 09:35:00"
IOP,0.00029999,"2017-11-08 09:40:00"
IOP,0.0002999,"2017-11-08 09:45:00"
IOP,0.000296,"2017-11-08 09:50:00"
IOP,0.0003,"2017-11-08 09:55:00"
IOP,0.000299,"2017-11-08 10:00:00"
IOP,0.000299,"2017-11-08 10:05:00"
IOP,0.0003,"2017-11-08 10:10:00"
IOP,0.00029601,"2017-11-08 10:15:00"
IOP,0.000296,"2017-11-08 10:20:00"
IOP,0.000296,"2017-11-08 10:25:00"
IOP,0.00029601,"2017-11-08 10:30:00"
IOP,0.00029601,"2017-11-08 10:35:00"
IOP,0.0003,"2017-11-08 10:40:00"
IOP,0.00030058,"2017-11-08 10:45:00"
IOP,0.00030058,"2017-11-08 10:50:00"
IOP,0.00030058,"2017-11-08 10:55:00"
IOP,0.00030088,"2017-11-08 11:00:00"
IOP,0.00030058,"2017-11-08 11:05:00"
IOP,0.00030058,"2017-11-08 11:10:00"
IOP,0.0002985,"2017-11-08 11:15:00"
IOP,0.00030088,"2017-11-08 11:20:00"
IOP,0.00029723,"2017-11-08 11:25:00"
IOP,0.00029612,"2017-11-08 11:30:00"
IOP,0.00030067,"2017-11-08 11:35:00"
IOP,0.00029622,"2017-11-08 11:40:00"
IOP,0.0002905,"2017-11-08 11:45:00"
IOP,0.00029705,"2017-11-08 11:50:00"
IOP,0.00029138,"2017-11-08 11:55:00"
IOP,0.00029437,"2017-11-08 12:00:00"
IOP,0.00029438,"2017-11-08 12:05:00"
IOP,0.00029438,"2017-11-08 12:10:00"
IOP,0.0002945,"2017-11-08 12:15:00"
IOP,0.00029438,"2017-11-08 12:20:00"
IOP,0.00029438,"2017-11-08 12:25:00"
IOP,0.00029438,"2017-11-08 12:30:00"
IOP,0.00029699,"2017-11-08 12:35:00"
IOP,0.00029801,"2017-11-08 12:40:00"
IOP,0.00029817,"2017-11-08 12:45:00"
IOP,0.00029035,"2017-11-08 12:50:00"
IOP,0.00029,"2017-11-08 12:55:00"
IOP,0.0002895,"2017-11-08 13:00:00"
IOP,0.0002899,"2017-11-08 13:05:00"
IOP,0.0002899,"2017-11-08 13:10:00"
IOP,0.00028956,"2017-11-08 13:15:00"
IOP,0.00028358,"2017-11-08 13:20:00"
IOP,0.00028279,"2017-11-08 13:25:00"
IOP,0.00028629,"2017-11-08 13:30:00"
IOP,0.00028633,"2017-11-08 13:35:00"
IOP,0.00028633,"2017-11-08 13:40:00"
IOP,0.00028351,"2017-11-08 13:45:00"
IOP,0.0002865,"2017-11-08 13:50:00"
IOP,0.0002835,"2017-11-08 13:55:00"
IOP,0.0002835,"2017-11-08 14:00:00"
IOP,0.00028477,"2017-11-08 14:05:00"
IOP,0.000288,"2017-11-08 14:10:00"
IOP,0.00028792,"2017-11-08 14:15:00"
IOP,0.00028943,"2017-11-08 14:20:00"
IOP,0.0002889,"2017-11-08 14:25:00"
IOP,0.0002889,"2017-11-08 14:30:00"
IOP,0.00028943,"2017-11-08 14:35:00"
IOP,0.00028536,"2017-11-08 14:40:00"
IOP,0.00028536,"2017-11-08 14:45:00"
IOP,0.00028954,"2017-11-08 14:50:00"
IOP,0.000294,"2017-11-08 14:55:00"
IOP,0.0002945,"2017-11-08 15:00:00"
IOP,0.0002955,"2017-11-08 15:05:00"
IOP,0.00029548,"2017-11-08 15:10:00"
IOP,0.00029452,"2017-11-08 15:15:00"
IOP,0.00029756,"2017-11-08 15:20:00"
IOP,0.00029766,"2017-11-08 15:25:00"
IOP,0.000294,"2017-11-08 15:30:00"
IOP,0.000294,"2017-11-08 15:35:00"
IOP,0.000294,"2017-11-08 15:40:00"
IOP,0.000295,"2017-11-08 15:45:00"
IOP,0.000294,"2017-11-08 15:50:00"
IOP,0.00029292,"2017-11-08 15:55:00"
IOP,0.00028749,"2017-11-08 16:00:00"
IOP,0.000287,"2017-11-08 16:05:00"
IOP,0.00028824,"2017-11-08 16:10:00"
IOP,0.00028801,"2017-11-08 16:15:00"
IOP,0.000288,"2017-11-08 16:20:00"
IOP,0.00028771,"2017-11-08 16:25:00"
IOP,0.00028611,"2017-11-08 16:30:00"
IOP,0.0002865,"2017-11-08 16:35:00"
IOP,0.00028934,"2017-11-08 16:40:00"
IOP,0.0002902,"2017-11-08 16:45:00"
IOP,0.00029011,"2017-11-08 16:50:00"
IOP,0.00029011,"2017-11-08 16:55:00"
IOP,0.00029011,"2017-11-08 17:00:00"
IOP,0.0002923,"2017-11-08 17:05:00"
IOP,0.00029021,"2017-11-08 17:10:00"
IOP,0.00029021,"2017-11-08 17:15:00"
IOP,0.00029155,"2017-11-08 17:20:00"
IOP,0.00029155,"2017-11-08 17:25:00"
IOP,0.00029283,"2017-11-08 17:30:00"
IOP,0.00029599,"2017-11-08 17:35:00"
IOP,0.00029598,"2017-11-08 17:40:00"
IOP,0.000296,"2017-11-08 17:45:00"
IOP,0.00029634,"2017-11-08 17:50:00"
IOP,0.00029394,"2017-11-08 17:55:00"
IOP,0.00029288,"2017-11-08 18:00:00"
IOP,0.00029283,"2017-11-08 18:05:00"
IOP,0.00029176,"2017-11-08 18:10:00"
IOP,0.00029299,"2017-11-08 18:15:00"
IOP,0.00028714,"2017-11-08 18:20:00"
IOP,0.00028637,"2017-11-08 18:25:00"
IOP,0.0002839,"2017-11-08 18:30:00"
IOP,0.00028354,"2017-11-08 18:35:00"
IOP,0.00028842,"2017-11-08 18:40:00"
IOP,0.00028371,"2017-11-08 18:45:00"
IOP,0.00028274,"2017-11-08 18:50:00"
IOP,0.00028505,"2017-11-08 18:55:00"
IOP,0.000293,"2017-11-08 19:00:00"
IOP,0.00031,"2017-11-08 19:05:00"
IOP,0.00029848,"2017-11-08 19:10:00"
IOP,0.00030468,"2017-11-08 19:15:00"
IOP,0.00030699,"2017-11-08 19:20:00"
IOP,0.00030699,"2017-11-08 19:25:00"
IOP,0.00031327,"2017-11-08 19:30:00"
IOP,0.00031956,"2017-11-08 19:35:00"
IOP,0.00031568,"2017-11-08 19:40:00"
IOP,0.00031122,"2017-11-08 19:45:00"
IOP,0.00031122,"2017-11-08 19:50:00"
IOP,0.00030744,"2017-11-08 19:55:00"
IOP,0.00030003,"2017-11-08 20:00:00"
IOP,0.0003203,"2017-11-08 20:05:00"
IOP,0.00032018,"2017-11-08 20:10:00"
IOP,0.00032018,"2017-11-08 20:15:00"
IOP,0.00031242,"2017-11-08 20:20:00"
IOP,0.00031322,"2017-11-08 20:25:00"
IOP,0.0003071,"2017-11-08 20:30:00"
IOP,0.0003119,"2017-11-08 20:35:00"
IOP,0.00031724,"2017-11-08 20:40:00"
IOP,0.0003128,"2017-11-08 20:45:00"
IOP,0.00031724,"2017-11-08 20:50:00"
IOP,0.000319,"2017-11-08 20:55:00"
IOP,0.00031988,"2017-11-08 21:00:00"
IOP,0.00031989,"2017-11-08 21:05:00"
IOP,0.00032235,"2017-11-08 21:10:00"
IOP,0.00032288,"2017-11-08 21:15:00"
IOP,0.0003266,"2017-11-08 21:20:00"
IOP,0.00033,"2017-11-08 21:25:00"
IOP,0.000334,"2017-11-08 21:30:00"
IOP,0.00034565,"2017-11-08 21:35:00"
IOP,0.00034999,"2017-11-08 21:40:00"
IOP,0.00034565,"2017-11-08 21:45:00"
IOP,0.00035,"2017-11-08 21:50:00"
IOP,0.00036288,"2017-11-08 21:55:00"
IOP,0.0003686,"2017-11-08 22:00:00"
IOP,0.00034991,"2017-11-08 22:05:00"
IOP,0.000344,"2017-11-08 22:10:00"
IOP,0.00035042,"2017-11-08 22:15:00"
IOP,0.00035998,"2017-11-08 22:20:00"
IOP,0.00035799,"2017-11-08 22:25:00"
IOP,0.000342,"2017-11-08 22:30:00"
IOP,0.00034718,"2017-11-08 22:35:00"
IOP,0.00034479,"2017-11-08 22:40:00"
IOP,0.00034706,"2017-11-08 22:45:00"
IOP,0.00034512,"2017-11-08 22:50:00"
IOP,0.00034813,"2017-11-08 22:55:00"
IOP,0.0003594,"2017-11-08 23:00:00"
IOP,0.00036,"2017-11-08 23:05:00"
IOP,0.0003728,"2017-11-08 23:10:00"
IOP,0.0003595,"2017-11-08 23:15:00"
IOP,0.00036159,"2017-11-08 23:20:00"
IOP,0.00036036,"2017-11-08 23:25:00"
IOP,0.000359,"2017-11-08 23:30:00"
IOP,0.00035598,"2017-11-08 23:35:00"
IOP,0.00036199,"2017-11-08 23:40:00"
IOP,0.0003719,"2017-11-08 23:45:00"
IOP,0.00036,"2017-11-08 23:50:00"
IOP,0.00036,"2017-11-08 23:55:00"
IOP,0.00035495,"2017-11-09 00:00:00"
IOP,0.00034921,"2017-11-09 00:05:00"
IOP,0.00035444,"2017-11-09 00:10:00"
IOP,0.00034764,"2017-11-09 00:15:00"
IOP,0.00034426,"2017-11-09 00:20:00"
IOP,0.00034895,"2017-11-09 00:25:00"
IOP,0.000348,"2017-11-09 00:30:00"
IOP,0.00035,"2017-11-09 00:35:00"
IOP,0.000348,"2017-11-09 00:40:00"
IOP,0.000348,"2017-11-09 00:45:00"
IOP,0.00034494,"2017-11-09 00:50:00"
IOP,0.00034493,"2017-11-09 00:55:00"
IOP,0.00033614,"2017-11-09 01:00:00"
IOP,0.0003355,"2017-11-09 01:05:00"
IOP,0.00034293,"2017-11-09 01:10:00"
IOP,0.00033993,"2017-11-09 01:15:00"
IOP,0.00033551,"2017-11-09 01:20:00"
IOP,0.000335,"2017-11-09 01:25:00"
IOP,0.0003335,"2017-11-09 01:30:00"
IOP,0.000335,"2017-11-09 01:35:00"
IOP,0.00033501,"2017-11-09 01:40:00"
IOP,0.0003355,"2017-11-09 01:45:00"
IOP,0.0003355,"2017-11-09 01:50:00"
IOP,0.0003355,"2017-11-09 01:55:00"
IOP,0.0003315,"2017-11-09 02:00:00"
IOP,0.000333,"2017-11-09 02:05:00"
IOP,0.00033183,"2017-11-09 02:10:00"
IOP,0.00033719,"2017-11-09 02:15:00"
IOP,0.00033707,"2017-11-09 02:20:00"
IOP,0.00033484,"2017-11-09 02:25:00"
IOP,0.000333,"2017-11-09 02:30:00"
IOP,0.00033619,"2017-11-09 02:35:00"
IOP,0.00033301,"2017-11-09 02:40:00"
IOP,0.00033,"2017-11-09 02:45:00"
IOP,0.00032865,"2017-11-09 02:50:00"
IOP,0.00033,"2017-11-09 02:55:00"
IOP,0.00033066,"2017-11-09 03:00:00"
IOP,0.0003328,"2017-11-09 03:05:00"
IOP,0.00033192,"2017-11-09 03:10:00"
IOP,0.000332,"2017-11-09 03:15:00"
IOP,0.0003293,"2017-11-09 03:20:00"
IOP,0.0003293,"2017-11-09 03:25:00"
IOP,0.0003293,"2017-11-09 03:30:00"
IOP,0.00033595,"2017-11-09 03:35:00"
IOP,0.00033815,"2017-11-09 03:40:00"
IOP,0.00033814,"2017-11-09 03:45:00"
IOP,0.00033814,"2017-11-09 03:50:00"
IOP,0.0003375,"2017-11-09 03:55:00"
IOP,0.00033672,"2017-11-09 04:00:00"
IOP,0.0003342,"2017-11-09 04:05:00"
IOP,0.00033017,"2017-11-09 04:10:00"
IOP,0.00033722,"2017-11-09 04:15:00"
IOP,0.0003358,"2017-11-09 04:20:00"
IOP,0.0003358,"2017-11-09 04:25:00"
IOP,0.00033578,"2017-11-09 04:30:00"
IOP,0.00033217,"2017-11-09 04:35:00"
IOP,0.00033498,"2017-11-09 04:40:00"
IOP,0.0003379,"2017-11-09 04:45:00"
IOP,0.0003379,"2017-11-09 04:50:00"
IOP,0.00033797,"2017-11-09 04:55:00"
IOP,0.00033797,"2017-11-09 05:00:00"
IOP,0.00033796,"2017-11-09 05:05:00"
IOP,0.00034,"2017-11-09 05:10:00"
IOP,0.00034155,"2017-11-09 05:15:00"
IOP,0.00035722,"2017-11-09 05:20:00"
IOP,0.00035835,"2017-11-09 05:25:00"
IOP,0.000352,"2017-11-09 05:30:00"
IOP,0.00035116,"2017-11-09 05:35:00"
IOP,0.00035802,"2017-11-09 05:40:00"
IOP,0.00036098,"2017-11-09 05:45:00"
IOP,0.00036098,"2017-11-09 05:50:00"
IOP,0.00035732,"2017-11-09 05:55:00"
IOP,0.00035502,"2017-11-09 06:00:00"
IOP,0.000345,"2017-11-09 06:05:00"
IOP,0.000348,"2017-11-09 06:10:00"
IOP,0.000348,"2017-11-09 06:15:00"
IOP,0.00034999,"2017-11-09 06:20:00"
IOP,0.00034999,"2017-11-09 06:25:00"
IOP,0.00034983,"2017-11-09 06:30:00"
IOP,0.000345,"2017-11-09 06:35:00"
IOP,0.00034316,"2017-11-09 06:40:00"
IOP,0.00034811,"2017-11-09 06:45:00"
IOP,0.0003444,"2017-11-09 06:50:00"
IOP,0.00034273,"2017-11-09 06:55:00"
IOP,0.000342,"2017-11-09 07:00:00"
IOP,0.0003446,"2017-11-09 07:05:00"
IOP,0.0003481,"2017-11-09 07:10:00"
IOP,0.00034868,"2017-11-09 07:15:00"
IOP,0.00034294,"2017-11-09 07:20:00"
IOP,0.00033971,"2017-11-09 07:25:00"
IOP,0.00033284,"2017-11-09 07:30:00"
IOP,0.00034323,"2017-11-09 07:35:00"
IOP,0.00033874,"2017-11-09 07:40:00"
IOP,0.00033875,"2017-11-09 07:45:00"
IOP,0.00034614,"2017-11-09 07:50:00"
IOP,0.00034719,"2017-11-09 07:55:00"
IOP,0.00034674,"2017-11-09 08:00:00"
IOP,0.00034286,"2017-11-09 08:05:00"
IOP,0.00034286,"2017-11-09 08:10:00"
IOP,0.00034286,"2017-11-09 08:15:00"
IOP,0.00034251,"2017-11-09 08:20:00"
IOP,0.00034585,"2017-11-09 08:25:00"
IOP,0.0003457,"2017-11-09 08:30:00"
IOP,0.00034284,"2017-11-09 08:35:00"
IOP,0.00034551,"2017-11-09 08:40:00"
IOP,0.00034559,"2017-11-09 08:45:00"
IOP,0.0003425,"2017-11-09 08:50:00"
IOP,0.0003475,"2017-11-09 08:55:00"
IOP,0.0003475,"2017-11-09 09:00:00"
IOP,0.00034015,"2017-11-09 09:05:00"
IOP,0.0003458,"2017-11-09 09:10:00"
IOP,0.0003412,"2017-11-09 09:15:00"
IOP,0.00034121,"2017-11-09 09:20:00"
IOP,0.00034213,"2017-11-09 09:25:00"
IOP,0.00034879,"2017-11-09 09:30:00"
IOP,0.00034406,"2017-11-09 09:35:00"
IOP,0.00034406,"2017-11-09 09:40:00"
IOP,0.00034854,"2017-11-09 09:45:00"
IOP,0.00034852,"2017-11-09 09:50:00"
IOP,0.00034879,"2017-11-09 09:55:00"
IOP,0.000349,"2017-11-09 10:00:00"
IOP,0.00035497,"2017-11-09 10:05:00"
IOP,0.00035999,"2017-11-09 10:10:00"
IOP,0.00036089,"2017-11-09 10:15:00"
IOP,0.00036159,"2017-11-09 10:20:00"
IOP,0.00036362,"2017-11-09 10:25:00"
IOP,0.00036299,"2017-11-09 10:30:00"
IOP,0.0003569,"2017-11-09 10:35:00"
IOP,0.00035,"2017-11-09 10:40:00"
IOP,0.0003578,"2017-11-09 10:45:00"
IOP,0.00035415,"2017-11-09 10:50:00"
IOP,0.00035878,"2017-11-09 10:55:00"
IOP,0.00035878,"2017-11-09 11:00:00"
IOP,0.00036,"2017-11-09 11:05:00"
IOP,0.00036,"2017-11-09 11:10:00"
IOP,0.00035999,"2017-11-09 11:15:00"
IOP,0.00036103,"2017-11-09 11:20:00"
IOP,0.00036094,"2017-11-09 11:25:00"
IOP,0.00036094,"2017-11-09 11:30:00"
IOP,0.00036065,"2017-11-09 11:35:00"
IOP,0.000358,"2017-11-09 11:40:00"
IOP,0.000359,"2017-11-09 11:45:00"
IOP,0.00035775,"2017-11-09 11:50:00"
IOP,0.0003564,"2017-11-09 11:55:00"
IOP,0.000349,"2017-11-09 12:00:00"
IOP,0.00034898,"2017-11-09 12:05:00"
IOP,0.00035065,"2017-11-09 12:10:00"
IOP,0.00035877,"2017-11-09 12:15:00"
IOP,0.0003588,"2017-11-09 12:20:00"
IOP,0.00035943,"2017-11-09 12:25:00"
IOP,0.00036005,"2017-11-09 12:30:00"
IOP,0.00036014,"2017-11-09 12:35:00"
IOP,0.00035877,"2017-11-09 12:40:00"
IOP,0.00035303,"2017-11-09 12:45:00"
IOP,0.0003634,"2017-11-09 12:50:00"
IOP,0.00035736,"2017-11-09 12:55:00"
IOP,0.00036428,"2017-11-09 13:00:00"
IOP,0.00035153,"2017-11-09 13:05:00"
IOP,0.00035461,"2017-11-09 13:10:00"
IOP,0.000355,"2017-11-09 13:15:00"
IOP,0.00035452,"2017-11-09 13:20:00"
IOP,0.00035409,"2017-11-09 13:25:00"
IOP,0.000355,"2017-11-09 13:30:00"
IOP,0.00035499,"2017-11-09 13:35:00"
IOP,0.00035458,"2017-11-09 13:40:00"
IOP,0.00035583,"2017-11-09 13:45:00"
IOP,0.0003568,"2017-11-09 13:50:00"
IOP,0.000352,"2017-11-09 13:55:00"
IOP,0.00035114,"2017-11-09 14:00:00"
IOP,0.00035115,"2017-11-09 14:05:00"
IOP,0.00035,"2017-11-09 14:10:00"
IOP,0.00034899,"2017-11-09 14:15:00"
IOP,0.000349,"2017-11-09 14:20:00"
IOP,0.00034897,"2017-11-09 14:25:00"
IOP,0.00034575,"2017-11-09 14:30:00"
IOP,0.00035196,"2017-11-09 14:35:00"
IOP,0.00035423,"2017-11-09 14:40:00"
IOP,0.00035616,"2017-11-09 14:45:00"
IOP,0.0003565,"2017-11-09 14:50:00"
IOP,0.00035703,"2017-11-09 14:55:00"
IOP,0.00036007,"2017-11-09 15:00:00"
IOP,0.00035677,"2017-11-09 15:05:00"
IOP,0.0003547,"2017-11-09 15:10:00"
IOP,0.00035444,"2017-11-09 15:15:00"
IOP,0.00036228,"2017-11-09 15:20:00"
IOP,0.00036099,"2017-11-09 15:25:00"
IOP,0.0003606,"2017-11-09 15:30:00"
IOP,0.00036059,"2017-11-09 15:35:00"
IOP,0.00035899,"2017-11-09 15:40:00"
IOP,0.00035899,"2017-11-09 15:45:00"
IOP,0.00036,"2017-11-09 15:50:00"
IOP,0.00036097,"2017-11-09 15:55:00"
IOP,0.00036097,"2017-11-09 16:00:00"
IOP,0.00035901,"2017-11-09 16:05:00"
IOP,0.00036,"2017-11-09 16:10:00"
IOP,0.00036,"2017-11-09 16:15:00"
IOP,0.00036,"2017-11-09 16:20:00"
IOP,0.0003601,"2017-11-09 16:25:00"
IOP,0.0003601,"2017-11-09 16:30:00"
IOP,0.0003601,"2017-11-09 16:35:00"
IOP,0.0003602,"2017-11-09 16:40:00"
IOP,0.00036322,"2017-11-09 16:45:00"
IOP,0.00036423,"2017-11-09 16:50:00"
IOP,0.00037167,"2017-11-09 16:55:00"
IOP,0.00038478,"2017-11-09 17:00:00"
IOP,0.000385,"2017-11-09 17:05:00"
IOP,0.00038301,"2017-11-09 17:10:00"
IOP,0.00038193,"2017-11-09 17:15:00"
IOP,0.00038325,"2017-11-09 17:20:00"
IOP,0.000368,"2017-11-09 17:25:00"
IOP,0.00037001,"2017-11-09 17:30:00"
IOP,0.00036136,"2017-11-09 17:35:00"
IOP,0.000362,"2017-11-09 17:40:00"
IOP,0.00036461,"2017-11-09 17:45:00"
IOP,0.00037047,"2017-11-09 17:50:00"
IOP,0.00037048,"2017-11-09 17:55:00"
IOP,0.00037501,"2017-11-09 18:00:00"
IOP,0.00037049,"2017-11-09 18:05:00"
IOP,0.00037,"2017-11-09 18:10:00"
IOP,0.00037269,"2017-11-09 18:15:00"
IOP,0.00037061,"2017-11-09 18:20:00"
IOP,0.00037189,"2017-11-09 18:25:00"
IOP,0.00038,"2017-11-09 18:30:00"
IOP,0.00038605,"2017-11-09 18:35:00"
IOP,0.00038606,"2017-11-09 18:40:00"
IOP,0.00038164,"2017-11-09 18:45:00"
IOP,0.00038185,"2017-11-09 18:50:00"
IOP,0.00038145,"2017-11-09 18:55:00"
IOP,0.0003814,"2017-11-09 19:00:00"
IOP,0.00038128,"2017-11-09 19:05:00"
IOP,0.00038031,"2017-11-09 19:10:00"
IOP,0.00037641,"2017-11-09 19:15:00"
IOP,0.00037289,"2017-11-09 19:20:00"
IOP,0.00037643,"2017-11-09 19:25:00"
IOP,0.00037642,"2017-11-09 19:30:00"
IOP,0.00037802,"2017-11-09 19:35:00"
IOP,0.000375,"2017-11-09 19:40:00"
IOP,0.00037805,"2017-11-09 19:45:00"
IOP,0.00038,"2017-11-09 19:50:00"
IOP,0.00038,"2017-11-09 19:55:00"
IOP,0.00037153,"2017-11-09 20:00:00"
IOP,0.0003661,"2017-11-09 20:05:00"
IOP,0.00036717,"2017-11-09 20:10:00"
IOP,0.00037195,"2017-11-09 20:15:00"
IOP,0.0003718,"2017-11-09 20:20:00"
IOP,0.0003661,"2017-11-09 20:25:00"
IOP,0.00036642,"2017-11-09 20:30:00"
IOP,0.00037042,"2017-11-09 20:35:00"
IOP,0.00037056,"2017-11-09 20:40:00"
IOP,0.00037141,"2017-11-09 20:45:00"
IOP,0.00037591,"2017-11-09 20:50:00"
IOP,0.000371,"2017-11-09 20:55:00"
IOP,0.0003685,"2017-11-09 21:00:00"
IOP,0.0003685,"2017-11-09 21:05:00"
IOP,0.00036851,"2017-11-09 21:10:00"
IOP,0.00036688,"2017-11-09 21:15:00"
IOP,0.00037259,"2017-11-09 21:20:00"
IOP,0.00037236,"2017-11-09 21:25:00"
IOP,0.00037236,"2017-11-09 21:30:00"
IOP,0.0003625,"2017-11-09 21:35:00"
IOP,0.00036813,"2017-11-09 21:40:00"
IOP,0.00036568,"2017-11-09 21:45:00"
IOP,0.00036758,"2017-11-09 21:50:00"
IOP,0.00037103,"2017-11-09 21:55:00"
IOP,0.0003722,"2017-11-09 22:00:00"
IOP,0.00036442,"2017-11-09 22:05:00"
IOP,0.00036511,"2017-11-09 22:10:00"
IOP,0.00036211,"2017-11-09 22:15:00"
IOP,0.000361,"2017-11-09 22:20:00"
IOP,0.0003605,"2017-11-09 22:25:00"
IOP,0.0003605,"2017-11-09 22:30:00"
IOP,0.0003609,"2017-11-09 22:35:00"
IOP,0.0003609,"2017-11-09 22:40:00"
IOP,0.0003609,"2017-11-09 22:45:00"
IOP,0.00036,"2017-11-09 22:50:00"
IOP,0.0003618,"2017-11-09 22:55:00"
IOP,0.00036543,"2017-11-09 23:00:00"
IOP,0.00036679,"2017-11-09 23:05:00"
IOP,0.00036662,"2017-11-09 23:10:00"
IOP,0.0003659,"2017-11-09 23:15:00"
IOP,0.00036662,"2017-11-09 23:20:00"
IOP,0.00036249,"2017-11-09 23:25:00"
IOP,0.00036,"2017-11-09 23:30:00"
IOP,0.00036374,"2017-11-09 23:35:00"
IOP,0.00036374,"2017-11-09 23:40:00"
IOP,0.00036096,"2017-11-09 23:45:00"
IOP,0.00036376,"2017-11-09 23:50:00"
IOP,0.00036643,"2017-11-09 23:55:00"
IOP,0.00036642,"2017-11-10 00:00:00"
IOP,0.000364,"2017-11-10 00:05:00"
IOP,0.00036376,"2017-11-10 00:10:00"
IOP,0.00036576,"2017-11-10 00:15:00"
IOP,0.00036,"2017-11-10 00:20:00"
IOP,0.00036,"2017-11-10 00:25:00"
IOP,0.00035827,"2017-11-10 00:30:00"
IOP,0.00035804,"2017-11-10 00:35:00"
IOP,0.00036126,"2017-11-10 00:40:00"
IOP,0.00036164,"2017-11-10 00:45:00"
IOP,0.00036126,"2017-11-10 00:50:00"
IOP,0.00035989,"2017-11-10 00:55:00"
IOP,0.00036,"2017-11-10 01:00:00"
IOP,0.00035989,"2017-11-10 01:05:00"
IOP,0.00036344,"2017-11-10 01:10:00"
IOP,0.00036341,"2017-11-10 01:15:00"
IOP,0.00036342,"2017-11-10 01:20:00"
IOP,0.00036342,"2017-11-10 01:25:00"
IOP,0.00036,"2017-11-10 01:30:00"
IOP,0.00036344,"2017-11-10 01:35:00"
IOP,0.00036344,"2017-11-10 01:40:00"
IOP,0.000365,"2017-11-10 01:45:00"
IOP,0.00037077,"2017-11-10 01:50:00"
IOP,0.00036673,"2017-11-10 01:55:00"
IOP,0.00036015,"2017-11-10 02:00:00"
IOP,0.00036183,"2017-11-10 02:05:00"
IOP,0.00036184,"2017-11-10 02:10:00"
IOP,0.00036312,"2017-11-10 02:15:00"
IOP,0.00036031,"2017-11-10 02:20:00"
IOP,0.00036101,"2017-11-10 02:25:00"
IOP,0.00036003,"2017-11-10 02:30:00"
IOP,0.00036061,"2017-11-10 02:35:00"
IOP,0.00036384,"2017-11-10 02:40:00"
IOP,0.00036029,"2017-11-10 02:45:00"
IOP,0.00036406,"2017-11-10 02:50:00"
IOP,0.00036406,"2017-11-10 02:55:00"
IOP,0.00036406,"2017-11-10 03:00:00"
IOP,0.0003638,"2017-11-10 03:05:00"
IOP,0.00036031,"2017-11-10 03:10:00"
IOP,0.00036032,"2017-11-10 03:15:00"
IOP,0.00036,"2017-11-10 03:20:00"
IOP,0.00035984,"2017-11-10 03:25:00"
IOP,0.00035955,"2017-11-10 03:30:00"
IOP,0.00035954,"2017-11-10 03:35:00"
IOP,0.0003555,"2017-11-10 03:40:00"
IOP,0.000355,"2017-11-10 03:45:00"
IOP,0.0003538,"2017-11-10 03:50:00"
IOP,0.00035495,"2017-11-10 03:55:00"
IOP,0.0003514,"2017-11-10 04:00:00"
IOP,0.00035,"2017-11-10 04:05:00"
IOP,0.0003488,"2017-11-10 04:10:00"
IOP,0.0003488,"2017-11-10 04:15:00"
IOP,0.0003488,"2017-11-10 04:20:00"
IOP,0.0003549,"2017-11-10 04:25:00"
IOP,0.0003523,"2017-11-10 04:30:00"
IOP,0.00035579,"2017-11-10 04:35:00"
IOP,0.00035331,"2017-11-10 04:40:00"
IOP,0.00035332,"2017-11-10 04:45:00"
IOP,0.0003523,"2017-11-10 04:50:00"
IOP,0.00035698,"2017-11-10 04:55:00"
IOP,0.00035572,"2017-11-10 05:00:00"
IOP,0.00035003,"2017-11-10 05:05:00"
IOP,0.00035003,"2017-11-10 05:10:00"
IOP,0.00035004,"2017-11-10 05:15:00"
IOP,0.00035039,"2017-11-10 05:20:00"
IOP,0.00035284,"2017-11-10 05:25:00"
IOP,0.00035005,"2017-11-10 05:30:00"
IOP,0.000348,"2017-11-10 05:35:00"
IOP,0.00034973,"2017-11-10 05:40:00"
IOP,0.00034731,"2017-11-10 05:45:00"
IOP,0.000347,"2017-11-10 05:50:00"
IOP,0.00035099,"2017-11-10 05:55:00"
IOP,0.00035099,"2017-11-10 06:00:00"
IOP,0.000346,"2017-11-10 06:05:00"
IOP,0.00034587,"2017-11-10 06:10:00"
IOP,0.00033972,"2017-11-10 06:15:00"
IOP,0.00033647,"2017-11-10 06:20:00"
IOP,0.000333,"2017-11-10 06:25:00"
IOP,0.00033279,"2017-11-10 06:30:00"
IOP,0.0003354,"2017-11-10 06:35:00"
IOP,0.00033478,"2017-11-10 06:40:00"
IOP,0.000338,"2017-11-10 06:45:00"
IOP,0.00034,"2017-11-10 06:50:00"
IOP,0.00033921,"2017-11-10 06:55:00"
IOP,0.00034151,"2017-11-10 07:00:00"
IOP,0.00034152,"2017-11-10 07:05:00"
IOP,0.00034152,"2017-11-10 07:10:00"
IOP,0.00034265,"2017-11-10 07:15:00"
IOP,0.00034142,"2017-11-10 07:20:00"
IOP,0.00033816,"2017-11-10 07:25:00"
IOP,0.00034142,"2017-11-10 07:30:00"
IOP,0.00034,"2017-11-10 07:35:00"
IOP,0.00034,"2017-11-10 07:40:00"
IOP,0.00033541,"2017-11-10 07:45:00"
IOP,0.00033541,"2017-11-10 07:50:00"
IOP,0.00033612,"2017-11-10 07:55:00"
IOP,0.00033612,"2017-11-10 08:00:00"
IOP,0.00033999,"2017-11-10 08:05:00"
IOP,0.00033999,"2017-11-10 08:10:00"
IOP,0.00033655,"2017-11-10 08:15:00"
IOP,0.00033702,"2017-11-10 08:20:00"
IOP,0.0003377,"2017-11-10 08:25:00"
IOP,0.00033998,"2017-11-10 08:30:00"
IOP,0.00034499,"2017-11-10 08:35:00"
IOP,0.00034274,"2017-11-10 08:40:00"
IOP,0.00034274,"2017-11-10 08:45:00"
IOP,0.00034188,"2017-11-10 08:50:00"
IOP,0.0003381,"2017-11-10 08:55:00"
IOP,0.00033817,"2017-11-10 09:00:00"
IOP,0.00033817,"2017-11-10 09:05:00"
IOP,0.00033817,"2017-11-10 09:10:00"
IOP,0.00033839,"2017-11-10 09:15:00"
IOP,0.00033839,"2017-11-10 09:20:00"
IOP,0.000338,"2017-11-10 09:25:00"
IOP,0.00034384,"2017-11-10 09:30:00"
IOP,0.00034239,"2017-11-10 09:35:00"
IOP,0.000341,"2017-11-10 09:40:00"
IOP,0.00034051,"2017-11-10 09:45:00"
IOP,0.000341,"2017-11-10 09:50:00"
IOP,0.00033803,"2017-11-10 09:55:00"
IOP,0.00034499,"2017-11-10 10:00:00"
IOP,0.00034498,"2017-11-10 10:05:00"
IOP,0.00034003,"2017-11-10 10:10:00"
IOP,0.0003455,"2017-11-10 10:15:00"
IOP,0.00034081,"2017-11-10 10:20:00"
IOP,0.00034081,"2017-11-10 10:25:00"
IOP,0.00034085,"2017-11-10 10:30:00"
IOP,0.00034084,"2017-11-10 10:35:00"
IOP,0.00034084,"2017-11-10 10:40:00"
IOP,0.00034084,"2017-11-10 10:45:00"
IOP,0.00034436,"2017-11-10 10:50:00"
IOP,0.00034436,"2017-11-10 10:55:00"
IOP,0.00034436,"2017-11-10 11:00:00"
IOP,0.00034665,"2017-11-10 11:05:00"
IOP,0.00034664,"2017-11-10 11:10:00"
IOP,0.00034646,"2017-11-10 11:15:00"
IOP,0.00034698,"2017-11-10 11:20:00"
IOP,0.00034895,"2017-11-10 11:25:00"
IOP,0.000348,"2017-11-10 11:30:00"
IOP,0.00036468,"2017-11-10 11:35:00"
IOP,0.00036886,"2017-11-10 11:40:00"
IOP,0.00037244,"2017-11-10 11:45:00"
IOP,0.00037495,"2017-11-10 11:50:00"
IOP,0.000378,"2017-11-10 11:55:00"
IOP,0.00037161,"2017-11-10 12:00:00"
IOP,0.00037013,"2017-11-10 12:05:00"
IOP,0.00036992,"2017-11-10 12:10:00"
IOP,0.00036899,"2017-11-10 12:15:00"
IOP,0.0003691,"2017-11-10 12:20:00"
IOP,0.00036931,"2017-11-10 12:25:00"
IOP,0.00036992,"2017-11-10 12:30:00"
IOP,0.00037002,"2017-11-10 12:35:00"
IOP,0.00037044,"2017-11-10 12:40:00"
IOP,0.00037595,"2017-11-10 12:45:00"
IOP,0.00037675,"2017-11-10 12:50:00"
IOP,0.0003785,"2017-11-10 12:55:00"
IOP,0.0003785,"2017-11-10 13:00:00"
IOP,0.000375,"2017-11-10 13:05:00"
IOP,0.00036931,"2017-11-10 13:10:00"
IOP,0.00036315,"2017-11-10 13:15:00"
IOP,0.00037036,"2017-11-10 13:20:00"
IOP,0.0003656,"2017-11-10 13:25:00"
IOP,0.00036207,"2017-11-10 13:30:00"
IOP,0.0003626,"2017-11-10 13:35:00"
IOP,0.000362,"2017-11-10 13:40:00"
IOP,0.0003672,"2017-11-10 13:45:00"
IOP,0.0003672,"2017-11-10 13:50:00"
IOP,0.00035113,"2017-11-10 13:55:00"
IOP,0.000362,"2017-11-10 14:00:00"
IOP,0.00036055,"2017-11-10 14:05:00"
IOP,0.00036057,"2017-11-10 14:10:00"
IOP,0.00036055,"2017-11-10 14:15:00"
IOP,0.00036055,"2017-11-10 14:20:00"
IOP,0.00036057,"2017-11-10 14:25:00"
IOP,0.00036057,"2017-11-10 14:30:00"
IOP,0.00035612,"2017-11-10 14:35:00"
IOP,0.00035084,"2017-11-10 14:40:00"
IOP,0.00035566,"2017-11-10 14:45:00"
IOP,0.00035491,"2017-11-10 14:50:00"
IOP,0.00035475,"2017-11-10 14:55:00"
IOP,0.00035116,"2017-11-10 15:00:00"
IOP,0.00035116,"2017-11-10 15:05:00"
IOP,0.00035455,"2017-11-10 15:10:00"
IOP,0.00035454,"2017-11-10 15:15:00"
IOP,0.0003512,"2017-11-10 15:20:00"
IOP,0.00035454,"2017-11-10 15:25:00"
IOP,0.00035453,"2017-11-10 15:30:00"
IOP,0.0003504,"2017-11-10 15:35:00"
IOP,0.00035117,"2017-11-10 15:40:00"
IOP,0.00035012,"2017-11-10 15:45:00"
IOP,0.00034957,"2017-11-10 15:50:00"
IOP,0.0003475,"2017-11-10 15:55:00"
IOP,0.0003475,"2017-11-10 16:00:00"
IOP,0.00035454,"2017-11-10 16:05:00"
IOP,0.000355,"2017-11-10 16:10:00"
IOP,0.00035252,"2017-11-10 16:15:00"
IOP,0.00035252,"2017-11-10 16:20:00"
IOP,0.00034952,"2017-11-10 16:25:00"
IOP,0.00035251,"2017-11-10 16:30:00"
IOP,0.00035251,"2017-11-10 16:35:00"
IOP,0.00035251,"2017-11-10 16:40:00"
IOP,0.00035233,"2017-11-10 16:45:00"
IOP,0.00035233,"2017-11-10 16:50:00"
IOP,0.00035603,"2017-11-10 16:55:00"
IOP,0.0003549,"2017-11-10 17:00:00"
IOP,0.000355,"2017-11-10 17:05:00"
IOP,0.0003549,"2017-11-10 17:10:00"
IOP,0.0003545,"2017-11-10 17:15:00"
IOP,0.0003545,"2017-11-10 17:20:00"
IOP,0.00035039,"2017-11-10 17:25:00"
IOP,0.00035037,"2017-11-10 17:30:00"
IOP,0.00035498,"2017-11-10 17:35:00"
IOP,0.0003541,"2017-11-10 17:40:00"
IOP,0.00035484,"2017-11-10 17:45:00"
IOP,0.00035483,"2017-11-10 17:50:00"
IOP,0.00035033,"2017-11-10 17:55:00"
IOP,0.00035,"2017-11-10 18:00:00"
IOP,0.00034882,"2017-11-10 18:05:00"
IOP,0.000348,"2017-11-10 18:10:00"
IOP,0.00035,"2017-11-10 18:15:00"
IOP,0.00035,"2017-11-10 18:20:00"
IOP,0.00035009,"2017-11-10 18:25:00"
IOP,0.00035009,"2017-11-10 18:30:00"
IOP,0.00034943,"2017-11-10 18:35:00"
IOP,0.00035033,"2017-11-10 18:40:00"
IOP,0.00035033,"2017-11-10 18:45:00"
IOP,0.00034885,"2017-11-10 18:50:00"
IOP,0.00034886,"2017-11-10 18:55:00"
IOP,0.00034907,"2017-11-10 19:00:00"
IOP,0.00034907,"2017-11-10 19:05:00"
IOP,0.00035552,"2017-11-10 19:10:00"
IOP,0.00035303,"2017-11-10 19:15:00"
IOP,0.00035303,"2017-11-10 19:20:00"
IOP,0.00035165,"2017-11-10 19:25:00"
IOP,0.00035303,"2017-11-10 19:30:00"
IOP,0.00034978,"2017-11-10 19:35:00"
IOP,0.000346,"2017-11-10 19:40:00"
IOP,0.00034,"2017-11-10 19:45:00"
IOP,0.00033711,"2017-11-10 19:50:00"
IOP,0.00033917,"2017-11-10 19:55:00"
IOP,0.00033701,"2017-11-10 20:00:00"
IOP,0.00033916,"2017-11-10 20:05:00"
IOP,0.00033917,"2017-11-10 20:10:00"
IOP,0.00034348,"2017-11-10 20:15:00"
IOP,0.00034287,"2017-11-10 20:20:00"
IOP,0.000337,"2017-11-10 20:25:00"
IOP,0.00033223,"2017-11-10 20:30:00"
IOP,0.00033225,"2017-11-10 20:35:00"
IOP,0.00032865,"2017-11-10 20:40:00"
IOP,0.00031667,"2017-11-10 20:45:00"
IOP,0.00032496,"2017-11-10 20:50:00"
IOP,0.00032458,"2017-11-10 20:55:00"
IOP,0.00034565,"2017-11-10 21:00:00"
IOP,0.00034646,"2017-11-10 21:05:00"
IOP,0.00035,"2017-11-10 21:10:00"
IOP,0.00034577,"2017-11-10 21:15:00"
IOP,0.00034426,"2017-11-10 21:20:00"
IOP,0.00033981,"2017-11-10 21:25:00"
IOP,0.00034184,"2017-11-10 21:30:00"
IOP,0.00034184,"2017-11-10 21:35:00"
IOP,0.00034184,"2017-11-10 21:40:00"
IOP,0.000342,"2017-11-10 21:45:00"
IOP,0.00034287,"2017-11-10 21:50:00"
IOP,0.00034,"2017-11-10 21:55:00"
IOP,0.00033992,"2017-11-10 22:00:00"
IOP,0.00034,"2017-11-10 22:05:00"
IOP,0.000337,"2017-11-10 22:10:00"
IOP,0.00033701,"2017-11-10 22:15:00"
IOP,0.00033701,"2017-11-10 22:20:00"
IOP,0.000337,"2017-11-10 22:25:00"
IOP,0.00033201,"2017-11-10 22:30:00"
IOP,0.00033136,"2017-11-10 22:35:00"
IOP,0.00033201,"2017-11-10 22:40:00"
IOP,0.00033448,"2017-11-10 22:45:00"
IOP,0.00033448,"2017-11-10 22:50:00"
IOP,0.0003354,"2017-11-10 22:55:00"
IOP,0.00033284,"2017-11-10 23:00:00"
IOP,0.0003354,"2017-11-10 23:05:00"
IOP,0.0003354,"2017-11-10 23:10:00"
IOP,0.00033825,"2017-11-10 23:15:00"
IOP,0.00034194,"2017-11-10 23:20:00"
IOP,0.00034251,"2017-11-10 23:25:00"
IOP,0.00034854,"2017-11-10 23:30:00"
IOP,0.00034854,"2017-11-10 23:35:00"
IOP,0.00035,"2017-11-10 23:40:00"
IOP,0.00035,"2017-11-10 23:45:00"
IOP,0.00034301,"2017-11-10 23:50:00"
IOP,0.00034301,"2017-11-10 23:55:00"
IOP,0.000345,"2017-11-11 00:00:00"
IOP,0.000343,"2017-11-11 00:05:00"
IOP,0.000343,"2017-11-11 00:10:00"
IOP,0.00034477,"2017-11-11 00:15:00"
IOP,0.00034477,"2017-11-11 00:20:00"
IOP,0.00034472,"2017-11-11 00:25:00"
IOP,0.00034472,"2017-11-11 00:30:00"
IOP,0.00034436,"2017-11-11 00:35:00"
IOP,0.00034436,"2017-11-11 00:40:00"
IOP,0.0003399,"2017-11-11 00:45:00"
IOP,0.00033991,"2017-11-11 00:50:00"
IOP,0.00034468,"2017-11-11 00:55:00"
IOP,0.00034468,"2017-11-11 01:00:00"
IOP,0.00034474,"2017-11-11 01:05:00"
IOP,0.00034474,"2017-11-11 01:10:00"
IOP,0.00034474,"2017-11-11 01:15:00"
IOP,0.00034474,"2017-11-11 01:20:00"
IOP,0.00034474,"2017-11-11 01:25:00"
IOP,0.00034474,"2017-11-11 01:30:00"
IOP,0.00034474,"2017-11-11 01:35:00"
IOP,0.000345,"2017-11-11 01:40:00"
IOP,0.000345,"2017-11-11 01:45:00"
IOP,0.00034571,"2017-11-11 01:50:00"
IOP,0.00034571,"2017-11-11 01:55:00"
IOP,0.00034555,"2017-11-11 02:00:00"
IOP,0.00034555,"2017-11-11 02:05:00"
IOP,0.0003421,"2017-11-11 02:10:00"
IOP,0.00034167,"2017-11-11 02:15:00"
IOP,0.00034571,"2017-11-11 02:20:00"
IOP,0.0003459,"2017-11-11 02:25:00"
IOP,0.00034551,"2017-11-11 02:30:00"
IOP,0.00034551,"2017-11-11 02:35:00"
IOP,0.00034551,"2017-11-11 02:40:00"
IOP,0.00034551,"2017-11-11 02:45:00"
IOP,0.00034551,"2017-11-11 02:50:00"
IOP,0.00034551,"2017-11-11 02:55:00"
IOP,0.00034551,"2017-11-11 03:00:00"
IOP,0.00034551,"2017-11-11 03:05:00"
IOP,0.00034551,"2017-11-11 03:10:00"
IOP,0.00034551,"2017-11-11 03:15:00"
IOP,0.00034551,"2017-11-11 03:20:00"
IOP,0.00034551,"2017-11-11 03:25:00"
IOP,0.00034551,"2017-11-11 03:30:00"
IOP,0.00034815,"2017-11-11 03:35:00"
IOP,0.00034938,"2017-11-11 03:40:00"
IOP,0.00034936,"2017-11-11 03:45:00"
IOP,0.00034486,"2017-11-11 03:50:00"
IOP,0.00034486,"2017-11-11 03:55:00"
IOP,0.00034486,"2017-11-11 04:00:00"
IOP,0.00034486,"2017-11-11 04:05:00"
IOP,0.00035161,"2017-11-11 04:10:00"
IOP,0.00035139,"2017-11-11 04:15:00"
IOP,0.00034606,"2017-11-11 04:20:00"
IOP,0.00034606,"2017-11-11 04:25:00"
IOP,0.00034606,"2017-11-11 04:30:00"
IOP,0.00034606,"2017-11-11 04:35:00"
IOP,0.00034606,"2017-11-11 04:40:00"
IOP,0.00034606,"2017-11-11 04:45:00"
IOP,0.0003473,"2017-11-11 04:50:00"
IOP,0.0003473,"2017-11-11 04:55:00"
IOP,0.00034897,"2017-11-11 05:00:00"
IOP,0.00034897,"2017-11-11 05:05:00"
IOP,0.00036017,"2017-11-11 05:10:00"
IOP,0.00035462,"2017-11-11 05:15:00"
IOP,0.00035035,"2017-11-11 05:20:00"
IOP,0.00035697,"2017-11-11 05:25:00"
IOP,0.00035697,"2017-11-11 05:30:00"
IOP,0.000351,"2017-11-11 05:35:00"
IOP,0.00035476,"2017-11-11 05:40:00"
IOP,0.00035485,"2017-11-11 05:45:00"
IOP,0.000357,"2017-11-11 05:50:00"
IOP,0.00035476,"2017-11-11 05:55:00"
IOP,0.00035108,"2017-11-11 06:00:00"
IOP,0.00035108,"2017-11-11 06:05:00"
IOP,0.00035108,"2017-11-11 06:10:00"
IOP,0.00035108,"2017-11-11 06:15:00"
IOP,0.00034966,"2017-11-11 06:20:00"
IOP,0.0003497,"2017-11-11 06:25:00"
IOP,0.0003497,"2017-11-11 06:30:00"
IOP,0.0003497,"2017-11-11 06:35:00"
IOP,0.00035987,"2017-11-11 06:40:00"
IOP,0.00035589,"2017-11-11 06:45:00"
IOP,0.00035589,"2017-11-11 06:50:00"
IOP,0.00035748,"2017-11-11 06:55:00"
IOP,0.00035705,"2017-11-11 07:00:00"
IOP,0.000365,"2017-11-11 07:05:00"
IOP,0.00036465,"2017-11-11 07:10:00"
IOP,0.00036121,"2017-11-11 07:15:00"
IOP,0.0003612,"2017-11-11 07:20:00"
IOP,0.0003612,"2017-11-11 07:25:00"
IOP,0.00036386,"2017-11-11 07:30:00"
IOP,0.00036893,"2017-11-11 07:35:00"
IOP,0.00036634,"2017-11-11 07:40:00"
IOP,0.0003668,"2017-11-11 07:45:00"
IOP,0.00036666,"2017-11-11 07:50:00"
IOP,0.00036666,"2017-11-11 07:55:00"
IOP,0.00036,"2017-11-11 08:00:00"
IOP,0.00035996,"2017-11-11 08:05:00"
IOP,0.00035907,"2017-11-11 08:10:00"
IOP,0.000359,"2017-11-11 08:15:00"
IOP,0.00035712,"2017-11-11 08:20:00"
IOP,0.00036,"2017-11-11 08:25:00"
IOP,0.00036,"2017-11-11 08:30:00"
IOP,0.00036011,"2017-11-11 08:35:00"
IOP,0.00036498,"2017-11-11 08:40:00"
IOP,0.00036498,"2017-11-11 08:45:00"
IOP,0.00036447,"2017-11-11 08:55:00"
IOP,0.00036447,"2017-11-11 09:00:00"
IOP,0.0003571,"2017-11-11 09:05:00"
IOP,0.0003571,"2017-11-11 09:10:00"
IOP,0.000358,"2017-11-11 09:15:00"
IOP,0.000357,"2017-11-11 09:20:00"
IOP,0.00035577,"2017-11-11 09:25:00"
IOP,0.00035504,"2017-11-11 09:30:00"
IOP,0.00035082,"2017-11-11 09:35:00"
IOP,0.00035543,"2017-11-11 09:40:00"
IOP,0.00035543,"2017-11-11 09:45:00"
IOP,0.00035445,"2017-11-11 09:50:00"
IOP,0.00035445,"2017-11-11 09:55:00"
IOP,0.00035445,"2017-11-11 10:00:00"
IOP,0.00035445,"2017-11-11 10:05:00"
IOP,0.00035288,"2017-11-11 10:10:00"
IOP,0.00035378,"2017-11-11 10:15:00"
IOP,0.00035378,"2017-11-11 10:20:00"
IOP,0.000354,"2017-11-11 10:25:00"
IOP,0.0003509,"2017-11-11 10:30:00"
IOP,0.000354,"2017-11-11 10:35:00"
IOP,0.00035543,"2017-11-11 10:40:00"
IOP,0.00035543,"2017-11-11 10:45:00"
IOP,0.00035543,"2017-11-11 10:50:00"
IOP,0.00035543,"2017-11-11 10:55:00"
IOP,0.00035542,"2017-11-11 11:00:00"
IOP,0.000353,"2017-11-11 11:05:00"
IOP,0.000353,"2017-11-11 11:10:00"
IOP,0.00035284,"2017-11-11 11:15:00"
IOP,0.00035292,"2017-11-11 11:20:00"
IOP,0.00035292,"2017-11-11 11:25:00"
IOP,0.000353,"2017-11-11 11:30:00"
IOP,0.000353,"2017-11-11 11:35:00"
IOP,0.0003526,"2017-11-11 11:40:00"
IOP,0.0003526,"2017-11-11 11:45:00"
IOP,0.000353,"2017-11-11 11:50:00"
IOP,0.00035631,"2017-11-11 11:55:00"
IOP,0.0003526,"2017-11-11 12:00:00"
IOP,0.00035089,"2017-11-11 12:05:00"
IOP,0.00035089,"2017-11-11 12:10:00"
IOP,0.00035089,"2017-11-11 12:15:00"
IOP,0.00035124,"2017-11-11 12:20:00"
IOP,0.0003509,"2017-11-11 12:25:00"
IOP,0.0003509,"2017-11-11 12:30:00"
IOP,0.0003509,"2017-11-11 12:35:00"
IOP,0.0003509,"2017-11-11 12:40:00"
IOP,0.0003509,"2017-11-11 12:45:00"
IOP,0.00035,"2017-11-11 12:50:00"
IOP,0.00035005,"2017-11-11 12:55:00"
IOP,0.00035036,"2017-11-11 13:00:00"
IOP,0.000346,"2017-11-11 13:05:00"
IOP,0.00034607,"2017-11-11 13:10:00"
IOP,0.00034602,"2017-11-11 13:15:00"
IOP,0.00034601,"2017-11-11 13:20:00"
IOP,0.000347,"2017-11-11 13:25:00"
IOP,0.000347,"2017-11-11 13:30:00"
IOP,0.00035365,"2017-11-11 13:35:00"
IOP,0.00035367,"2017-11-11 13:40:00"
IOP,0.00035367,"2017-11-11 13:45:00"
IOP,0.00035367,"2017-11-11 13:50:00"
IOP,0.00035299,"2017-11-11 13:55:00"
IOP,0.00035299,"2017-11-11 14:00:00"
IOP,0.0003536,"2017-11-11 14:05:00"
IOP,0.0003536,"2017-11-11 14:10:00"
IOP,0.0003536,"2017-11-11 14:15:00"
IOP,0.00034783,"2017-11-11 14:20:00"
IOP,0.00034584,"2017-11-11 14:25:00"
IOP,0.00034588,"2017-11-11 14:30:00"
IOP,0.00034584,"2017-11-11 14:35:00"
IOP,0.00034375,"2017-11-11 14:40:00"
IOP,0.00034373,"2017-11-11 14:45:00"
IOP,0.00034374,"2017-11-11 14:50:00"
IOP,0.00034374,"2017-11-11 14:55:00"
IOP,0.00034374,"2017-11-11 15:00:00"
IOP,0.00034366,"2017-11-11 15:05:00"
IOP,0.00034516,"2017-11-11 15:10:00"
IOP,0.00034203,"2017-11-11 15:15:00"
IOP,0.00033768,"2017-11-11 15:20:00"
IOP,0.00033768,"2017-11-11 15:25:00"
IOP,0.00034135,"2017-11-11 15:30:00"
IOP,0.00033801,"2017-11-11 15:35:00"
IOP,0.00033423,"2017-11-11 15:40:00"
IOP,0.00033425,"2017-11-11 15:45:00"
IOP,0.00034072,"2017-11-11 15:50:00"
IOP,0.000335,"2017-11-11 15:55:00"
IOP,0.00034031,"2017-11-11 16:00:00"
IOP,0.00033966,"2017-11-11 16:05:00"
IOP,0.00033933,"2017-11-11 16:10:00"
IOP,0.00033899,"2017-11-11 16:15:00"
IOP,0.00033313,"2017-11-11 16:20:00"
IOP,0.00033456,"2017-11-11 16:25:00"
IOP,0.000336,"2017-11-11 16:30:00"
IOP,0.00033339,"2017-11-11 16:35:00"
IOP,0.0003334,"2017-11-11 16:40:00"
IOP,0.00033847,"2017-11-11 16:45:00"
IOP,0.00033315,"2017-11-11 16:50:00"
IOP,0.00033655,"2017-11-11 16:55:00"
IOP,0.00033302,"2017-11-11 17:00:00"
IOP,0.0003335,"2017-11-11 17:05:00"
IOP,0.00033721,"2017-11-11 17:10:00"
IOP,0.00033616,"2017-11-11 17:15:00"
IOP,0.00033917,"2017-11-11 17:20:00"
IOP,0.00033917,"2017-11-11 17:25:00"
IOP,0.00033917,"2017-11-11 17:30:00"
IOP,0.00033917,"2017-11-11 17:35:00"
IOP,0.00033917,"2017-11-11 17:40:00"
IOP,0.00033918,"2017-11-11 17:45:00"
IOP,0.00034412,"2017-11-11 17:50:00"
IOP,0.00034324,"2017-11-11 17:55:00"
IOP,0.00034323,"2017-11-11 18:00:00"
IOP,0.0003444,"2017-11-11 18:05:00"
IOP,0.00034252,"2017-11-11 18:10:00"
IOP,0.00034252,"2017-11-11 18:15:00"
IOP,0.00034443,"2017-11-11 18:20:00"
IOP,0.00034443,"2017-11-11 18:25:00"
IOP,0.00034002,"2017-11-11 18:30:00"
IOP,0.00034005,"2017-11-11 18:35:00"
IOP,0.00034005,"2017-11-11 18:40:00"
IOP,0.00034011,"2017-11-11 18:45:00"
IOP,0.00034024,"2017-11-11 18:50:00"
IOP,0.000343,"2017-11-11 18:55:00"
IOP,0.0003402,"2017-11-11 19:00:00"
IOP,0.00034299,"2017-11-11 19:05:00"
IOP,0.00034015,"2017-11-11 19:10:00"
IOP,0.00034003,"2017-11-11 19:15:00"
IOP,0.00034003,"2017-11-11 19:20:00"
IOP,0.00033437,"2017-11-11 19:25:00"
IOP,0.0003358,"2017-11-11 19:30:00"
IOP,0.00033521,"2017-11-11 19:35:00"
IOP,0.00033521,"2017-11-11 19:40:00"
IOP,0.00033435,"2017-11-11 19:45:00"
IOP,0.0003309,"2017-11-11 19:50:00"
IOP,0.00032909,"2017-11-11 19:55:00"
IOP,0.00032587,"2017-11-11 20:00:00"
IOP,0.00033006,"2017-11-11 20:05:00"
IOP,0.00033051,"2017-11-11 20:10:00"
IOP,0.00033203,"2017-11-11 20:15:00"
IOP,0.00034503,"2017-11-11 20:20:00"
IOP,0.000342,"2017-11-11 20:25:00"
IOP,0.00033589,"2017-11-11 20:30:00"
IOP,0.00034169,"2017-11-11 20:35:00"
IOP,0.00034169,"2017-11-11 20:40:00"
IOP,0.0003419,"2017-11-11 20:45:00"
IOP,0.0003419,"2017-11-11 20:50:00"
IOP,0.0003419,"2017-11-11 20:55:00"
IOP,0.00034,"2017-11-11 21:00:00"
IOP,0.00034,"2017-11-11 21:05:00"
IOP,0.00034199,"2017-11-11 21:10:00"
IOP,0.00034199,"2017-11-11 21:15:00"
IOP,0.00034199,"2017-11-11 21:20:00"
IOP,0.00034199,"2017-11-11 21:25:00"
IOP,0.00033747,"2017-11-11 21:30:00"
IOP,0.0003359,"2017-11-11 21:35:00"
IOP,0.00033589,"2017-11-11 21:40:00"
IOP,0.00033505,"2017-11-11 21:45:00"
IOP,0.00033499,"2017-11-11 21:50:00"
IOP,0.00033499,"2017-11-11 21:55:00"
IOP,0.00033422,"2017-11-11 22:00:00"
IOP,0.00033423,"2017-11-11 22:05:00"
IOP,0.00033423,"2017-11-11 22:10:00"
IOP,0.00033499,"2017-11-11 22:15:00"
IOP,0.00033505,"2017-11-11 22:20:00"
IOP,0.00033747,"2017-11-11 22:25:00"
IOP,0.00033747,"2017-11-11 22:30:00"
IOP,0.00033747,"2017-11-11 22:35:00"
IOP,0.00033777,"2017-11-11 22:40:00"
IOP,0.00034022,"2017-11-11 22:45:00"
IOP,0.00033421,"2017-11-11 22:50:00"
IOP,0.00034023,"2017-11-11 22:55:00"
IOP,0.00034023,"2017-11-11 23:00:00"
IOP,0.000342,"2017-11-11 23:05:00"
IOP,0.00034023,"2017-11-11 23:10:00"
IOP,0.00034023,"2017-11-11 23:15:00"
IOP,0.00033569,"2017-11-11 23:20:00"
IOP,0.00033569,"2017-11-11 23:25:00"
IOP,0.00033569,"2017-11-11 23:30:00"
IOP,0.00033526,"2017-11-11 23:35:00"
IOP,0.00033422,"2017-11-11 23:40:00"
IOP,0.00033422,"2017-11-11 23:45:00"
IOP,0.00033424,"2017-11-11 23:50:00"
IOP,0.00033424,"2017-11-11 23:55:00"
IOP,0.00033866,"2017-11-12 00:00:00"
IOP,0.00033866,"2017-11-12 00:05:00"
IOP,0.00033866,"2017-11-12 00:10:00"
IOP,0.00033866,"2017-11-12 00:15:00"
IOP,0.00033866,"2017-11-12 00:20:00"
IOP,0.00033866,"2017-11-12 00:25:00"
IOP,0.00033866,"2017-11-12 00:30:00"
IOP,0.0003411,"2017-11-12 00:35:00"
IOP,0.00033866,"2017-11-12 00:40:00"
IOP,0.00033421,"2017-11-12 00:45:00"
IOP,0.00033421,"2017-11-12 00:50:00"
IOP,0.00033421,"2017-11-12 00:55:00"
IOP,0.00033789,"2017-11-12 01:00:00"
IOP,0.00033787,"2017-11-12 01:05:00"
IOP,0.00033325,"2017-11-12 01:10:00"
IOP,0.00033629,"2017-11-12 01:15:00"
IOP,0.00033619,"2017-11-12 01:20:00"
IOP,0.00033786,"2017-11-12 01:25:00"
IOP,0.00033785,"2017-11-12 01:30:00"
IOP,0.00033149,"2017-11-12 01:35:00"
IOP,0.00033149,"2017-11-12 01:40:00"
IOP,0.0003348,"2017-11-12 01:45:00"
IOP,0.0003315,"2017-11-12 01:50:00"
IOP,0.0003315,"2017-11-12 01:55:00"
IOP,0.00033485,"2017-11-12 02:00:00"
IOP,0.00033485,"2017-11-12 02:05:00"
IOP,0.00033784,"2017-11-12 02:10:00"
IOP,0.000339,"2017-11-12 02:15:00"
IOP,0.00034522,"2017-11-12 02:20:00"
IOP,0.000345,"2017-11-12 02:25:00"
IOP,0.00033934,"2017-11-12 02:30:00"
IOP,0.00034366,"2017-11-12 02:35:00"
IOP,0.00033934,"2017-11-12 02:40:00"
IOP,0.00033028,"2017-11-12 02:45:00"
IOP,0.00033096,"2017-11-12 02:50:00"
IOP,0.00032383,"2017-11-12 02:55:00"
IOP,0.00032219,"2017-11-12 03:00:00"
IOP,0.00032701,"2017-11-12 03:05:00"
IOP,0.00032698,"2017-11-12 03:10:00"
IOP,0.00032434,"2017-11-12 03:15:00"
IOP,0.00032432,"2017-11-12 03:20:00"
IOP,0.00031999,"2017-11-12 03:25:00"
IOP,0.00031999,"2017-11-12 03:30:00"
IOP,0.00031975,"2017-11-12 03:35:00"
IOP,0.00032,"2017-11-12 03:40:00"
IOP,0.00032,"2017-11-12 03:45:00"
IOP,0.0003215,"2017-11-12 03:50:00"
IOP,0.00031975,"2017-11-12 03:55:00"
IOP,0.00031401,"2017-11-12 04:00:00"
IOP,0.00031713,"2017-11-12 04:05:00"
IOP,0.00031652,"2017-11-12 04:10:00"
IOP,0.000315,"2017-11-12 04:15:00"
IOP,0.00031713,"2017-11-12 04:20:00"
IOP,0.00031136,"2017-11-12 04:25:00"
IOP,0.00031104,"2017-11-12 04:30:00"
IOP,0.00031501,"2017-11-12 04:35:00"
IOP,0.00031414,"2017-11-12 04:40:00"
IOP,0.00031482,"2017-11-12 04:45:00"
IOP,0.00031106,"2017-11-12 04:50:00"
IOP,0.00031106,"2017-11-12 04:55:00"
IOP,0.00031106,"2017-11-12 05:00:00"
IOP,0.000311,"2017-11-12 05:05:00"
IOP,0.00031288,"2017-11-12 05:10:00"
IOP,0.00031294,"2017-11-12 05:15:00"
IOP,0.00031032,"2017-11-12 05:20:00"
IOP,0.00032181,"2017-11-12 05:25:00"
IOP,0.00031493,"2017-11-12 05:30:00"
IOP,0.00031865,"2017-11-12 05:35:00"
IOP,0.00031495,"2017-11-12 05:40:00"
IOP,0.00031497,"2017-11-12 05:45:00"
IOP,0.00031866,"2017-11-12 05:50:00"
IOP,0.00031866,"2017-11-12 05:55:00"
IOP,0.00032285,"2017-11-12 06:00:00"
IOP,0.00032285,"2017-11-12 06:05:00"
IOP,0.00032571,"2017-11-12 06:10:00"
IOP,0.00032444,"2017-11-12 06:15:00"
IOP,0.00031896,"2017-11-12 06:20:00"
IOP,0.00032486,"2017-11-12 06:25:00"
IOP,0.0003236,"2017-11-12 06:30:00"
IOP,0.00032769,"2017-11-12 06:35:00"
IOP,0.0003303,"2017-11-12 06:40:00"
IOP,0.00032847,"2017-11-12 06:45:00"
IOP,0.00032613,"2017-11-12 06:50:00"
IOP,0.00033,"2017-11-12 06:55:00"
IOP,0.00032345,"2017-11-12 07:00:00"
IOP,0.00031972,"2017-11-12 07:05:00"
IOP,0.00032945,"2017-11-12 07:10:00"
IOP,0.00032323,"2017-11-12 07:15:00"
IOP,0.00033308,"2017-11-12 07:20:00"
IOP,0.00032,"2017-11-12 07:25:00"
IOP,0.000315,"2017-11-12 07:30:00"
IOP,0.000308,"2017-11-12 07:35:00"
IOP,0.0003067,"2017-11-12 07:40:00"
IOP,0.0003067,"2017-11-12 07:45:00"
IOP,0.00030749,"2017-11-12 07:50:00"
IOP,0.00030669,"2017-11-12 07:55:00"
IOP,0.00030751,"2017-11-12 08:00:00"
IOP,0.00030669,"2017-11-12 08:05:00"
IOP,0.00030665,"2017-11-12 08:10:00"
IOP,0.00031081,"2017-11-12 08:15:00"
IOP,0.00030662,"2017-11-12 08:20:00"
IOP,0.00030602,"2017-11-12 08:25:00"
IOP,0.00031078,"2017-11-12 08:30:00"
IOP,0.00030619,"2017-11-12 08:35:00"
IOP,0.000306,"2017-11-12 08:40:00"
IOP,0.00031056,"2017-11-12 08:45:00"
IOP,0.00030599,"2017-11-12 08:50:00"
IOP,0.00030601,"2017-11-12 08:55:00"
IOP,0.00030601,"2017-11-12 09:00:00"
IOP,0.00030601,"2017-11-12 09:05:00"
IOP,0.00030602,"2017-11-12 09:10:00"
IOP,0.00031,"2017-11-12 09:15:00"
IOP,0.000312,"2017-11-12 09:20:00"
IOP,0.00030501,"2017-11-12 09:25:00"
IOP,0.00031071,"2017-11-12 09:30:00"
IOP,0.00031,"2017-11-12 09:35:00"
IOP,0.000312,"2017-11-12 09:40:00"
IOP,0.00031022,"2017-11-12 09:45:00"
IOP,0.00030413,"2017-11-12 09:50:00"
IOP,0.000304,"2017-11-12 09:55:00"
IOP,0.0003034,"2017-11-12 10:00:00"
IOP,0.000307,"2017-11-12 10:05:00"
IOP,0.000307,"2017-11-12 10:10:00"
IOP,0.00032,"2017-11-12 10:15:00"
IOP,0.00031962,"2017-11-12 10:20:00"
IOP,0.0003235,"2017-11-12 10:25:00"
IOP,0.000303,"2017-11-12 10:30:00"
IOP,0.000305,"2017-11-12 10:35:00"
IOP,0.00031321,"2017-11-12 10:40:00"
IOP,0.00031152,"2017-11-12 10:45:00"
IOP,0.000305,"2017-11-12 10:50:00"
IOP,0.00031332,"2017-11-12 10:55:00"
IOP,0.00031436,"2017-11-12 11:00:00"
IOP,0.0003255,"2017-11-12 11:05:00"
IOP,0.00032283,"2017-11-12 11:10:00"
IOP,0.00032606,"2017-11-12 11:15:00"
IOP,0.00031814,"2017-11-12 11:20:00"
IOP,0.000318,"2017-11-12 11:25:00"
IOP,0.00032605,"2017-11-12 11:30:00"
IOP,0.0003202,"2017-11-12 11:35:00"
IOP,0.0003202,"2017-11-12 11:40:00"
IOP,0.00032891,"2017-11-12 11:45:00"
IOP,0.00031571,"2017-11-12 11:50:00"
IOP,0.00032899,"2017-11-12 11:55:00"
IOP,0.00032464,"2017-11-12 12:00:00"
IOP,0.00031925,"2017-11-12 12:05:00"
IOP,0.00032186,"2017-11-12 12:10:00"
IOP,0.00031582,"2017-11-12 12:15:00"
IOP,0.00033,"2017-11-12 12:20:00"
IOP,0.00033,"2017-11-12 12:25:00"
IOP,0.0003303,"2017-11-12 12:30:00"
IOP,0.00032004,"2017-11-12 12:35:00"
IOP,0.00032004,"2017-11-12 12:40:00"
IOP,0.00031774,"2017-11-12 12:45:00"
IOP,0.00031774,"2017-11-12 12:50:00"
IOP,0.00031,"2017-11-12 12:55:00"
IOP,0.00030908,"2017-11-12 13:00:00"
IOP,0.00030908,"2017-11-12 13:05:00"
IOP,0.00031205,"2017-11-12 13:10:00"
IOP,0.00031582,"2017-11-12 13:15:00"
IOP,0.00030147,"2017-11-12 13:20:00"
IOP,0.0003097,"2017-11-12 13:25:00"
IOP,0.000309,"2017-11-12 13:30:00"
IOP,0.00030899,"2017-11-12 13:35:00"
IOP,0.00030899,"2017-11-12 13:40:00"
IOP,0.00030899,"2017-11-12 13:45:00"
IOP,0.00030517,"2017-11-12 13:50:00"
IOP,0.00030541,"2017-11-12 13:55:00"
IOP,0.00030541,"2017-11-12 14:00:00"
IOP,0.00031117,"2017-11-12 14:05:00"
IOP,0.00031204,"2017-11-12 14:10:00"
IOP,0.0003116,"2017-11-12 14:15:00"
IOP,0.0003116,"2017-11-12 14:20:00"
IOP,0.00031165,"2017-11-12 14:25:00"
IOP,0.00031161,"2017-11-12 14:30:00"
IOP,0.00031161,"2017-11-12 14:35:00"
IOP,0.00031308,"2017-11-12 14:40:00"
IOP,0.0003177,"2017-11-12 14:45:00"
IOP,0.00031505,"2017-11-12 14:50:00"
IOP,0.00031505,"2017-11-12 14:55:00"
IOP,0.000315,"2017-11-12 15:00:00"
IOP,0.0003177,"2017-11-12 15:05:00"
IOP,0.0003116,"2017-11-12 15:10:00"
IOP,0.00031061,"2017-11-12 15:15:00"
IOP,0.00031024,"2017-11-12 15:20:00"
IOP,0.00031024,"2017-11-12 15:25:00"
IOP,0.00031024,"2017-11-12 15:30:00"
IOP,0.00031024,"2017-11-12 15:35:00"
IOP,0.00031024,"2017-11-12 15:40:00"
IOP,0.00031025,"2017-11-12 15:45:00"
IOP,0.00031,"2017-11-12 15:50:00"
IOP,0.00031089,"2017-11-12 15:55:00"
IOP,0.00031089,"2017-11-12 16:00:00"
IOP,0.00031089,"2017-11-12 16:05:00"
IOP,0.00031005,"2017-11-12 16:10:00"
IOP,0.00031,"2017-11-12 16:15:00"
IOP,0.00031669,"2017-11-12 16:20:00"
IOP,0.00031669,"2017-11-12 16:25:00"
IOP,0.00031215,"2017-11-12 16:30:00"
IOP,0.00031,"2017-11-12 16:35:00"
IOP,0.00031624,"2017-11-12 16:40:00"
IOP,0.00031201,"2017-11-12 16:45:00"
IOP,0.00031201,"2017-11-12 16:50:00"
IOP,0.00031201,"2017-11-12 16:55:00"
IOP,0.0003129,"2017-11-12 17:00:00"
IOP,0.0003129,"2017-11-12 17:05:00"
IOP,0.00031962,"2017-11-12 17:10:00"
IOP,0.00030868,"2017-11-12 17:15:00"
IOP,0.00030976,"2017-11-12 17:20:00"
IOP,0.00030976,"2017-11-12 17:25:00"
IOP,0.00031551,"2017-11-12 17:30:00"
IOP,0.00031571,"2017-11-12 17:35:00"
IOP,0.00031599,"2017-11-12 17:40:00"
IOP,0.00031639,"2017-11-12 17:45:00"
IOP,0.00031571,"2017-11-12 17:50:00"
IOP,0.00031571,"2017-11-12 17:55:00"
IOP,0.0003101,"2017-11-12 18:00:00"
IOP,0.00031645,"2017-11-12 18:05:00"
IOP,0.00031028,"2017-11-12 18:10:00"
IOP,0.00030882,"2017-11-12 18:15:00"
IOP,0.00031028,"2017-11-12 18:20:00"
IOP,0.00031028,"2017-11-12 18:25:00"
IOP,0.000309,"2017-11-12 18:30:00"
IOP,0.00030961,"2017-11-12 18:35:00"
IOP,0.00031041,"2017-11-12 18:40:00"
IOP,0.000305,"2017-11-12 18:45:00"
IOP,0.000308,"2017-11-12 18:50:00"
IOP,0.0003085,"2017-11-12 18:55:00"
IOP,0.00030851,"2017-11-12 19:00:00"
IOP,0.0003085,"2017-11-12 19:05:00"
IOP,0.00031,"2017-11-12 19:10:00"
IOP,0.00030852,"2017-11-12 19:15:00"
IOP,0.00030851,"2017-11-12 19:20:00"
IOP,0.00030851,"2017-11-12 19:25:00"
IOP,0.00031058,"2017-11-12 19:30:00"
IOP,0.0003116,"2017-11-12 19:35:00"
IOP,0.00031439,"2017-11-12 19:40:00"
IOP,0.00031408,"2017-11-12 19:45:00"
IOP,0.00031605,"2017-11-12 19:50:00"
IOP,0.00031634,"2017-11-12 19:55:00"
IOP,0.00031634,"2017-11-12 20:00:00"
IOP,0.00031635,"2017-11-12 20:05:00"
IOP,0.00031635,"2017-11-12 20:10:00"
IOP,0.00031635,"2017-11-12 20:15:00"
IOP,0.00031573,"2017-11-12 20:20:00"
IOP,0.00031067,"2017-11-12 20:25:00"
IOP,0.0003085,"2017-11-12 20:30:00"
IOP,0.0003085,"2017-11-12 20:35:00"
IOP,0.0003085,"2017-11-12 20:40:00"
IOP,0.00031067,"2017-11-12 20:45:00"
IOP,0.00031067,"2017-11-12 20:50:00"
IOP,0.0003089,"2017-11-12 20:55:00"
IOP,0.00031067,"2017-11-12 21:00:00"
IOP,0.0003089,"2017-11-12 21:05:00"
IOP,0.0003089,"2017-11-12 21:10:00"
IOP,0.0003089,"2017-11-12 21:15:00"
IOP,0.0003089,"2017-11-12 21:20:00"
IOP,0.0003089,"2017-11-12 21:25:00"
IOP,0.00031067,"2017-11-12 21:30:00"
IOP,0.00031067,"2017-11-12 21:35:00"
IOP,0.00031439,"2017-11-12 21:40:00"
IOP,0.00031219,"2017-11-12 21:45:00"
IOP,0.00031217,"2017-11-12 21:50:00"
IOP,0.00031217,"2017-11-12 21:55:00"
IOP,0.00031217,"2017-11-12 22:00:00"
IOP,0.00031218,"2017-11-12 22:05:00"
IOP,0.000308,"2017-11-12 22:10:00"
IOP,0.00031217,"2017-11-12 22:15:00"
IOP,0.00031216,"2017-11-12 22:20:00"
IOP,0.00031216,"2017-11-12 22:25:00"
IOP,0.00031216,"2017-11-12 22:30:00"
IOP,0.00031216,"2017-11-12 22:35:00"
IOP,0.00031,"2017-11-12 22:40:00"
IOP,0.00031,"2017-11-12 22:45:00"
IOP,0.00031,"2017-11-12 22:50:00"
IOP,0.00031,"2017-11-12 22:55:00"
IOP,0.00030717,"2017-11-12 23:00:00"
IOP,0.000308,"2017-11-12 23:05:00"
IOP,0.0003075,"2017-11-12 23:10:00"
IOP,0.00030747,"2017-11-12 23:15:00"
IOP,0.00030799,"2017-11-12 23:20:00"
IOP,0.00030799,"2017-11-12 23:25:00"
IOP,0.00030749,"2017-11-12 23:30:00"
IOP,0.00030749,"2017-11-12 23:35:00"
IOP,0.00030749,"2017-11-12 23:40:00"
IOP,0.00030749,"2017-11-12 23:45:00"
IOP,0.00030751,"2017-11-12 23:50:00"
IOP,0.00030749,"2017-11-12 23:55:00"
IOP,0.00031201,"2017-11-13 00:00:00"
IOP,0.0003033,"2017-11-13 00:05:00"
IOP,0.00031091,"2017-11-13 00:10:00"
IOP,0.00031095,"2017-11-13 00:15:00"
IOP,0.00031191,"2017-11-13 00:20:00"
IOP,0.00031093,"2017-11-13 00:25:00"
IOP,0.00031046,"2017-11-13 00:30:00"
IOP,0.00030829,"2017-11-13 00:35:00"
IOP,0.00030829,"2017-11-13 00:40:00"
IOP,0.00031091,"2017-11-13 00:45:00"
IOP,0.00031091,"2017-11-13 00:50:00"
IOP,0.00031092,"2017-11-13 00:55:00"
IOP,0.00031013,"2017-11-13 01:00:00"
IOP,0.00031001,"2017-11-13 01:05:00"
IOP,0.00031013,"2017-11-13 01:10:00"
IOP,0.000306,"2017-11-13 01:15:00"
IOP,0.000306,"2017-11-13 01:20:00"
IOP,0.000306,"2017-11-13 01:25:00"
IOP,0.00031095,"2017-11-13 01:30:00"
IOP,0.00031095,"2017-11-13 01:35:00"
IOP,0.00031017,"2017-11-13 01:40:00"
IOP,0.000308,"2017-11-13 01:45:00"
IOP,0.000308,"2017-11-13 01:50:00"
IOP,0.000308,"2017-11-13 01:55:00"
IOP,0.000308,"2017-11-13 02:00:00"
IOP,0.00031095,"2017-11-13 02:05:00"
IOP,0.00031095,"2017-11-13 02:10:00"
IOP,0.00031095,"2017-11-13 02:15:00"
IOP,0.00031095,"2017-11-13 02:20:00"
IOP,0.00031095,"2017-11-13 02:25:00"
IOP,0.00031095,"2017-11-13 02:30:00"
IOP,0.00031218,"2017-11-13 02:35:00"
IOP,0.00031218,"2017-11-13 02:40:00"
IOP,0.00031001,"2017-11-13 02:45:00"
IOP,0.00031188,"2017-11-13 02:50:00"
IOP,0.00031191,"2017-11-13 02:55:00"
IOP,0.000312,"2017-11-13 03:00:00"
IOP,0.000308,"2017-11-13 03:05:00"
IOP,0.00031199,"2017-11-13 03:10:00"
IOP,0.00031198,"2017-11-13 03:15:00"
IOP,0.000308,"2017-11-13 03:20:00"
IOP,0.00031198,"2017-11-13 03:25:00"
IOP,0.00031198,"2017-11-13 03:30:00"
IOP,0.00031197,"2017-11-13 03:35:00"
IOP,0.00031197,"2017-11-13 03:40:00"
IOP,0.00031195,"2017-11-13 03:45:00"
IOP,0.00031198,"2017-11-13 03:50:00"
IOP,0.00030805,"2017-11-13 03:55:00"
IOP,0.00031198,"2017-11-13 04:00:00"
IOP,0.000312,"2017-11-13 04:05:00"
IOP,0.0003126,"2017-11-13 04:10:00"
IOP,0.00031635,"2017-11-13 04:15:00"
IOP,0.00031645,"2017-11-13 04:20:00"
IOP,0.0003126,"2017-11-13 04:25:00"
IOP,0.00031002,"2017-11-13 04:30:00"
IOP,0.0003101,"2017-11-13 04:35:00"
IOP,0.00031566,"2017-11-13 04:45:00"
IOP,0.00031672,"2017-11-13 04:55:00"
IOP,0.00031672,"2017-11-13 05:00:00"
IOP,0.00031673,"2017-11-13 05:05:00"
IOP,0.00031764,"2017-11-13 05:15:00"
IOP,0.00031798,"2017-11-13 05:25:00"
IOP,0.00031784,"2017-11-13 05:30:00"
IOP,0.00031784,"2017-11-13 05:35:00"
IOP,0.00031619,"2017-11-13 05:40:00"
IOP,0.00031732,"2017-11-13 05:50:00"
IOP,0.00031732,"2017-11-13 05:55:00"
IOP,0.00031732,"2017-11-13 06:00:00"
IOP,0.00031732,"2017-11-13 06:05:00"
IOP,0.00031732,"2017-11-13 06:10:00"
IOP,0.000323,"2017-11-13 06:20:00"
IOP,0.000323,"2017-11-13 06:25:00"
IOP,0.00032291,"2017-11-13 06:30:00"
IOP,0.00032291,"2017-11-13 06:35:00"
IOP,0.00032499,"2017-11-13 06:40:00"
IOP,0.00033412,"2017-11-13 06:45:00"
IOP,0.00033997,"2017-11-13 06:50:00"
IOP,0.00035,"2017-11-13 06:55:00"
IOP,0.00035404,"2017-11-13 07:00:00"
IOP,0.00033582,"2017-11-13 07:05:00"
IOP,0.00032665,"2017-11-13 07:10:00"
IOP,0.00033001,"2017-11-13 07:15:00"
IOP,0.00032999,"2017-11-13 07:20:00"
IOP,0.00033,"2017-11-13 07:25:00"
IOP,0.00032976,"2017-11-13 07:30:00"
IOP,0.00033,"2017-11-13 07:35:00"
IOP,0.00032999,"2017-11-13 07:40:00"
IOP,0.00033,"2017-11-13 07:45:00"
IOP,0.00033305,"2017-11-13 07:50:00"
IOP,0.00033585,"2017-11-13 07:55:00"
IOP,0.00034259,"2017-11-13 08:00:00"
IOP,0.00033755,"2017-11-13 08:05:00"
IOP,0.00034088,"2017-11-13 08:10:00"
IOP,0.000336,"2017-11-13 08:15:00"
IOP,0.00033761,"2017-11-13 08:20:00"
IOP,0.00033604,"2017-11-13 08:25:00"
IOP,0.00033,"2017-11-13 08:30:00"
IOP,0.00032982,"2017-11-13 08:35:00"
IOP,0.00032982,"2017-11-13 08:40:00"
IOP,0.00033,"2017-11-13 08:45:00"
IOP,0.00033396,"2017-11-13 08:50:00"
IOP,0.00033467,"2017-11-13 08:55:00"
IOP,0.00033747,"2017-11-13 09:00:00"
IOP,0.00033796,"2017-11-13 09:05:00"
IOP,0.000345,"2017-11-13 09:10:00"
IOP,0.00034443,"2017-11-13 09:15:00"
IOP,0.00033911,"2017-11-13 09:20:00"
IOP,0.00034,"2017-11-13 09:25:00"
IOP,0.00034,"2017-11-13 09:30:00"
IOP,0.00034437,"2017-11-13 09:35:00"
IOP,0.00034,"2017-11-13 09:40:00"
IOP,0.00033831,"2017-11-13 09:45:00"
IOP,0.00033264,"2017-11-13 09:50:00"
IOP,0.00033747,"2017-11-13 09:55:00"
IOP,0.000339,"2017-11-13 10:00:00"
IOP,0.00033611,"2017-11-13 10:05:00"
IOP,0.00033918,"2017-11-13 10:10:00"
IOP,0.00033918,"2017-11-13 10:15:00"
IOP,0.00033918,"2017-11-13 10:20:00"
IOP,0.00033507,"2017-11-13 10:25:00"
IOP,0.00033507,"2017-11-13 10:30:00"
IOP,0.00033507,"2017-11-13 10:35:00"
IOP,0.00033906,"2017-11-13 10:40:00"
IOP,0.00033042,"2017-11-13 10:45:00"
IOP,0.00033042,"2017-11-13 10:50:00"
IOP,0.00032934,"2017-11-13 10:55:00"
IOP,0.00032916,"2017-11-13 11:00:00"
IOP,0.00033195,"2017-11-13 11:05:00"
IOP,0.00033,"2017-11-13 11:10:00"
IOP,0.00032989,"2017-11-13 11:15:00"
IOP,0.0003205,"2017-11-13 11:20:00"
IOP,0.000325,"2017-11-13 11:25:00"
IOP,0.00033,"2017-11-13 11:30:00"
IOP,0.00032592,"2017-11-13 11:35:00"
IOP,0.00033138,"2017-11-13 11:40:00"
IOP,0.00032395,"2017-11-13 11:45:00"
IOP,0.0003239,"2017-11-13 11:50:00"
IOP,0.00032414,"2017-11-13 11:55:00"
IOP,0.00032904,"2017-11-13 12:00:00"
IOP,0.00032415,"2017-11-13 12:05:00"
IOP,0.00032425,"2017-11-13 12:10:00"
IOP,0.00032532,"2017-11-13 12:15:00"
IOP,0.00032536,"2017-11-13 12:20:00"
IOP,0.00032537,"2017-11-13 12:25:00"
IOP,0.00032558,"2017-11-13 12:30:00"
IOP,0.00032909,"2017-11-13 12:35:00"
IOP,0.00032909,"2017-11-13 12:40:00"
IOP,0.00032826,"2017-11-13 12:45:00"
IOP,0.00032631,"2017-11-13 12:50:00"
IOP,0.00032877,"2017-11-13 12:55:00"
IOP,0.00032954,"2017-11-13 13:00:00"
IOP,0.00032954,"2017-11-13 13:05:00"
IOP,0.00032854,"2017-11-13 13:10:00"
IOP,0.00032899,"2017-11-13 13:15:00"
IOP,0.00032899,"2017-11-13 13:20:00"
IOP,0.00032887,"2017-11-13 13:25:00"
IOP,0.00032899,"2017-11-13 13:30:00"
IOP,0.00032899,"2017-11-13 13:35:00"
IOP,0.00032901,"2017-11-13 13:40:00"
IOP,0.00032901,"2017-11-13 13:45:00"
IOP,0.00032901,"2017-11-13 13:50:00"
IOP,0.000328,"2017-11-13 13:55:00"
IOP,0.00032288,"2017-11-13 14:00:00"
IOP,0.0003277,"2017-11-13 14:05:00"
IOP,0.00032729,"2017-11-13 14:10:00"
IOP,0.00032402,"2017-11-13 14:15:00"
IOP,0.00032403,"2017-11-13 14:20:00"
IOP,0.00032403,"2017-11-13 14:25:00"
IOP,0.00032403,"2017-11-13 14:30:00"
IOP,0.00031964,"2017-11-13 14:35:00"
IOP,0.00031752,"2017-11-13 14:40:00"
IOP,0.00031737,"2017-11-13 14:45:00"
IOP,0.00031997,"2017-11-13 14:50:00"
IOP,0.00031737,"2017-11-13 14:55:00"
IOP,0.00031647,"2017-11-13 15:00:00"
IOP,0.00031637,"2017-11-13 15:05:00"
IOP,0.00031668,"2017-11-13 15:10:00"
IOP,0.00031292,"2017-11-13 15:15:00"
IOP,0.00030918,"2017-11-13 15:20:00"
IOP,0.0003092,"2017-11-13 15:25:00"
IOP,0.000315,"2017-11-13 15:30:00"
IOP,0.00031919,"2017-11-13 15:35:00"
IOP,0.000315,"2017-11-13 15:40:00"
IOP,0.00031333,"2017-11-13 15:45:00"
IOP,0.00031957,"2017-11-13 15:50:00"
IOP,0.00031502,"2017-11-13 15:55:00"
IOP,0.00031899,"2017-11-13 16:00:00"
IOP,0.00031504,"2017-11-13 16:05:00"
IOP,0.00031504,"2017-11-13 16:10:00"
IOP,0.00031535,"2017-11-13 16:15:00"
IOP,0.00031538,"2017-11-13 16:20:00"
IOP,0.00031546,"2017-11-13 16:25:00"
IOP,0.000317,"2017-11-13 16:30:00"
IOP,0.0003196,"2017-11-13 16:35:00"
IOP,0.000319,"2017-11-13 16:40:00"
IOP,0.000317,"2017-11-13 16:45:00"
IOP,0.0003131,"2017-11-13 16:50:00"
IOP,0.0003131,"2017-11-13 16:55:00"
IOP,0.00031032,"2017-11-13 17:00:00"
IOP,0.00031417,"2017-11-13 17:05:00"
IOP,0.00031102,"2017-11-13 17:10:00"
IOP,0.00031102,"2017-11-13 17:15:00"
IOP,0.00031501,"2017-11-13 17:20:00"
IOP,0.00031109,"2017-11-13 17:25:00"
IOP,0.00031208,"2017-11-13 17:30:00"
IOP,0.00032,"2017-11-13 17:35:00"
IOP,0.00032598,"2017-11-13 17:40:00"
IOP,0.00032603,"2017-11-13 17:45:00"
IOP,0.00032164,"2017-11-13 17:50:00"
IOP,0.00031867,"2017-11-13 17:55:00"
IOP,0.00032564,"2017-11-13 18:00:00"
IOP,0.00032565,"2017-11-13 18:05:00"
IOP,0.00031935,"2017-11-13 18:10:00"
IOP,0.0003197,"2017-11-13 18:15:00"
IOP,0.0003197,"2017-11-13 18:20:00"
IOP,0.00032,"2017-11-13 18:25:00"
IOP,0.00032002,"2017-11-13 18:30:00"
IOP,0.00032002,"2017-11-13 18:35:00"
IOP,0.00032002,"2017-11-13 18:40:00"
IOP,0.00032002,"2017-11-13 18:45:00"
IOP,0.00032212,"2017-11-13 18:50:00"
IOP,0.00032005,"2017-11-13 18:55:00"
IOP,0.00032002,"2017-11-13 19:00:00"
IOP,0.00032001,"2017-11-13 19:05:00"
IOP,0.00032,"2017-11-13 19:10:00"
IOP,0.00031932,"2017-11-13 19:15:00"
IOP,0.00031932,"2017-11-13 19:20:00"
IOP,0.00032,"2017-11-13 19:25:00"
IOP,0.00031779,"2017-11-13 19:30:00"
IOP,0.00031779,"2017-11-13 19:35:00"
IOP,0.00031779,"2017-11-13 19:40:00"
IOP,0.00032,"2017-11-13 19:45:00"
IOP,0.00032,"2017-11-13 19:50:00"
IOP,0.00032,"2017-11-13 19:55:00"
IOP,0.00032,"2017-11-13 20:00:00"
IOP,0.0003209,"2017-11-13 20:05:00"
IOP,0.0003209,"2017-11-13 20:10:00"
IOP,0.0003209,"2017-11-13 20:15:00"
IOP,0.0003209,"2017-11-13 20:20:00"
IOP,0.0003209,"2017-11-13 20:25:00"
IOP,0.0003209,"2017-11-13 20:30:00"
IOP,0.00032008,"2017-11-13 20:35:00"
IOP,0.00032008,"2017-11-13 20:40:00"
IOP,0.00032008,"2017-11-13 20:45:00"
IOP,0.00032008,"2017-11-13 20:50:00"
IOP,0.00032009,"2017-11-13 20:55:00"
IOP,0.00032009,"2017-11-13 21:00:00"
IOP,0.00032009,"2017-11-13 21:05:00"
IOP,0.00032444,"2017-11-13 21:10:00"
IOP,0.00032296,"2017-11-13 21:15:00"
IOP,0.0003201,"2017-11-13 21:20:00"
IOP,0.00032,"2017-11-13 21:25:00"
IOP,0.000321,"2017-11-13 21:30:00"
IOP,0.000321,"2017-11-13 21:35:00"
IOP,0.00032,"2017-11-13 21:40:00"
IOP,0.00032,"2017-11-13 21:45:00"
IOP,0.00032,"2017-11-13 21:50:00"
IOP,0.00032,"2017-11-13 21:55:00"
IOP,0.00032,"2017-11-13 22:00:00"
IOP,0.000314,"2017-11-13 22:05:00"
IOP,0.00032128,"2017-11-13 22:10:00"
IOP,0.00032004,"2017-11-13 22:15:00"
IOP,0.000315,"2017-11-13 22:20:00"
IOP,0.00031695,"2017-11-13 22:25:00"
IOP,0.00031827,"2017-11-13 22:30:00"
IOP,0.00031499,"2017-11-13 22:35:00"
IOP,0.00031499,"2017-11-13 22:40:00"
IOP,0.00031499,"2017-11-13 22:45:00"
IOP,0.00031853,"2017-11-13 22:50:00"
IOP,0.00032201,"2017-11-13 22:55:00"
IOP,0.00031853,"2017-11-13 23:00:00"
IOP,0.00032184,"2017-11-13 23:05:00"
IOP,0.00032093,"2017-11-13 23:10:00"
IOP,0.0003215,"2017-11-13 23:15:00"
IOP,0.00032116,"2017-11-13 23:20:00"
IOP,0.00032294,"2017-11-13 23:25:00"
IOP,0.00031644,"2017-11-13 23:30:00"
IOP,0.00031972,"2017-11-13 23:35:00"
IOP,0.00031981,"2017-11-13 23:40:00"
IOP,0.00031621,"2017-11-13 23:45:00"
IOP,0.00031621,"2017-11-13 23:50:00"
IOP,0.00031999,"2017-11-13 23:55:00"
IOP,0.00031999,"2017-11-14 00:00:00"
IOP,0.000318,"2017-11-14 00:05:00"
IOP,0.00031601,"2017-11-14 00:10:00"
IOP,0.00031601,"2017-11-14 00:15:00"
IOP,0.0003143,"2017-11-14 00:20:00"
IOP,0.00031688,"2017-11-14 00:25:00"
IOP,0.00031688,"2017-11-14 00:30:00"
IOP,0.00031688,"2017-11-14 00:35:00"
IOP,0.00031,"2017-11-14 00:40:00"
IOP,0.00031246,"2017-11-14 00:45:00"
IOP,0.00031246,"2017-11-14 00:50:00"
IOP,0.00031029,"2017-11-14 00:55:00"
IOP,0.00031037,"2017-11-14 01:00:00"
IOP,0.00031043,"2017-11-14 01:05:00"
IOP,0.00031342,"2017-11-14 01:10:00"
IOP,0.00031341,"2017-11-14 01:15:00"
IOP,0.00031342,"2017-11-14 01:20:00"
IOP,0.00031342,"2017-11-14 01:25:00"
IOP,0.00031465,"2017-11-14 01:30:00"
IOP,0.00031714,"2017-11-14 01:35:00"
IOP,0.00031714,"2017-11-14 01:40:00"
IOP,0.00031915,"2017-11-14 01:45:00"
IOP,0.00031915,"2017-11-14 01:50:00"
IOP,0.00031915,"2017-11-14 01:55:00"
IOP,0.00033,"2017-11-14 02:00:00"
IOP,0.00031786,"2017-11-14 02:05:00"
IOP,0.00032712,"2017-11-14 02:10:00"
IOP,0.00032712,"2017-11-14 02:15:00"
IOP,0.00032712,"2017-11-14 02:20:00"
IOP,0.00031846,"2017-11-14 02:25:00"
IOP,0.00032,"2017-11-14 02:30:00"
IOP,0.00032,"2017-11-14 02:35:00"
IOP,0.00031714,"2017-11-14 02:40:00"
IOP,0.00031714,"2017-11-14 02:45:00"
IOP,0.000317,"2017-11-14 02:50:00"
IOP,0.000317,"2017-11-14 02:55:00"
IOP,0.000317,"2017-11-14 03:00:00"
IOP,0.000317,"2017-11-14 03:05:00"
IOP,0.000317,"2017-11-14 03:10:00"
IOP,0.000317,"2017-11-14 03:15:00"
IOP,0.000317,"2017-11-14 03:20:00"
IOP,0.000317,"2017-11-14 03:25:00"
IOP,0.000317,"2017-11-14 03:30:00"
IOP,0.00031708,"2017-11-14 03:35:00"
IOP,0.00031709,"2017-11-14 03:40:00"
IOP,0.00031716,"2017-11-14 03:45:00"
IOP,0.00031701,"2017-11-14 03:50:00"
IOP,0.00031686,"2017-11-14 03:55:00"
IOP,0.000317,"2017-11-14 04:00:00"
IOP,0.000317,"2017-11-14 04:05:00"
IOP,0.00031646,"2017-11-14 04:10:00"
IOP,0.00031646,"2017-11-14 04:15:00"
IOP,0.00031646,"2017-11-14 04:20:00"
IOP,0.000317,"2017-11-14 04:25:00"
IOP,0.00031557,"2017-11-14 04:30:00"
IOP,0.00031547,"2017-11-14 04:35:00"
IOP,0.00031547,"2017-11-14 04:40:00"
IOP,0.000317,"2017-11-14 04:45:00"
IOP,0.00031908,"2017-11-14 04:50:00"
IOP,0.00031857,"2017-11-14 04:55:00"
IOP,0.00031828,"2017-11-14 05:00:00"
IOP,0.00031828,"2017-11-14 05:05:00"
IOP,0.000317,"2017-11-14 05:10:00"
IOP,0.00031465,"2017-11-14 05:15:00"
IOP,0.00031246,"2017-11-14 05:20:00"
IOP,0.00030989,"2017-11-14 05:25:00"
IOP,0.00031245,"2017-11-14 05:30:00"
IOP,0.000308,"2017-11-14 05:35:00"
IOP,0.00030691,"2017-11-14 05:40:00"
IOP,0.00030971,"2017-11-14 05:45:00"
IOP,0.00030994,"2017-11-14 05:50:00"
IOP,0.00030994,"2017-11-14 05:55:00"
IOP,0.00030391,"2017-11-14 06:00:00"
IOP,0.00031421,"2017-11-14 06:05:00"
IOP,0.00031115,"2017-11-14 06:10:00"
IOP,0.00031117,"2017-11-14 06:15:00"
IOP,0.00031117,"2017-11-14 06:20:00"
IOP,0.00031117,"2017-11-14 06:25:00"
IOP,0.00031117,"2017-11-14 06:30:00"
IOP,0.00031313,"2017-11-14 06:35:00"
IOP,0.00031313,"2017-11-14 06:40:00"
IOP,0.00031313,"2017-11-14 06:45:00"
IOP,0.00031313,"2017-11-14 06:50:00"
IOP,0.00031419,"2017-11-14 06:55:00"
IOP,0.0003132,"2017-11-14 07:00:00"
IOP,0.00031316,"2017-11-14 07:05:00"
IOP,0.00031413,"2017-11-14 07:10:00"
IOP,0.00031001,"2017-11-14 07:15:00"
IOP,0.00031118,"2017-11-14 07:20:00"
IOP,0.00031118,"2017-11-14 07:25:00"
IOP,0.00031118,"2017-11-14 07:30:00"
IOP,0.000311,"2017-11-14 07:35:00"
IOP,0.00031421,"2017-11-14 07:40:00"
IOP,0.00031101,"2017-11-14 07:45:00"
IOP,0.00031507,"2017-11-14 07:50:00"
IOP,0.00030863,"2017-11-14 07:55:00"
IOP,0.00031245,"2017-11-14 08:00:00"
IOP,0.00031233,"2017-11-14 08:05:00"
IOP,0.00031052,"2017-11-14 08:10:00"
IOP,0.00031052,"2017-11-14 08:15:00"
IOP,0.00031052,"2017-11-14 08:20:00"
IOP,0.00031052,"2017-11-14 08:25:00"
IOP,0.00030982,"2017-11-14 08:30:00"
IOP,0.00030719,"2017-11-14 08:35:00"
IOP,0.00030701,"2017-11-14 08:40:00"
IOP,0.00031066,"2017-11-14 08:45:00"
IOP,0.00031066,"2017-11-14 08:50:00"
IOP,0.00031066,"2017-11-14 08:55:00"
IOP,0.00031067,"2017-11-14 09:00:00"
IOP,0.00031067,"2017-11-14 09:05:00"
IOP,0.00031067,"2017-11-14 09:10:00"
IOP,0.00031067,"2017-11-14 09:15:00"
IOP,0.00031067,"2017-11-14 09:20:00"
IOP,0.00030817,"2017-11-14 09:25:00"
IOP,0.00031,"2017-11-14 09:30:00"
IOP,0.00031237,"2017-11-14 09:35:00"
IOP,0.00031237,"2017-11-14 09:40:00"
IOP,0.00031237,"2017-11-14 09:45:00"
IOP,0.00031328,"2017-11-14 09:50:00"
IOP,0.00031642,"2017-11-14 09:55:00"
IOP,0.0003105,"2017-11-14 10:00:00"
IOP,0.00031051,"2017-11-14 10:05:00"
IOP,0.00031309,"2017-11-14 10:10:00"
IOP,0.00031098,"2017-11-14 10:15:00"
IOP,0.00031342,"2017-11-14 10:20:00"
IOP,0.00031623,"2017-11-14 10:25:00"
IOP,0.00032007,"2017-11-14 10:30:00"
IOP,0.00031999,"2017-11-14 10:35:00"
IOP,0.00031684,"2017-11-14 10:40:00"
IOP,0.00031676,"2017-11-14 10:45:00"
IOP,0.00031668,"2017-11-14 10:50:00"
IOP,0.00031668,"2017-11-14 10:55:00"
IOP,0.00031666,"2017-11-14 11:00:00"
IOP,0.00031666,"2017-11-14 11:05:00"
IOP,0.00031505,"2017-11-14 11:10:00"
IOP,0.00031092,"2017-11-14 11:15:00"
IOP,0.00031091,"2017-11-14 11:20:00"
IOP,0.00031211,"2017-11-14 11:25:00"
IOP,0.00031211,"2017-11-14 11:30:00"
IOP,0.00031574,"2017-11-14 11:35:00"
IOP,0.00031243,"2017-11-14 11:40:00"
IOP,0.00031243,"2017-11-14 11:45:00"
IOP,0.00031245,"2017-11-14 11:50:00"
IOP,0.00031245,"2017-11-14 11:55:00"
IOP,0.00031248,"2017-11-14 12:00:00"
IOP,0.0003125,"2017-11-14 12:05:00"
IOP,0.0003125,"2017-11-14 12:10:00"
IOP,0.0003125,"2017-11-14 12:15:00"
IOP,0.00031663,"2017-11-14 12:20:00"
IOP,0.00031251,"2017-11-14 12:25:00"
IOP,0.00031251,"2017-11-14 12:30:00"
IOP,0.00031258,"2017-11-14 12:35:00"
IOP,0.00031258,"2017-11-14 12:40:00"
IOP,0.00031258,"2017-11-14 12:45:00"
IOP,0.00031667,"2017-11-14 12:50:00"
IOP,0.00031667,"2017-11-14 12:55:00"
IOP,0.00031667,"2017-11-14 13:00:00"
IOP,0.00031667,"2017-11-14 13:05:00"
IOP,0.00031702,"2017-11-14 13:10:00"
IOP,0.00031738,"2017-11-14 13:15:00"
IOP,0.00031737,"2017-11-14 13:20:00"
IOP,0.00031258,"2017-11-14 13:25:00"
IOP,0.000313,"2017-11-14 13:30:00"
IOP,0.00031263,"2017-11-14 13:35:00"
IOP,0.00031669,"2017-11-14 13:40:00"
IOP,0.00031247,"2017-11-14 13:45:00"
IOP,0.00031247,"2017-11-14 13:50:00"
IOP,0.00031247,"2017-11-14 13:55:00"
IOP,0.00031271,"2017-11-14 14:00:00"
IOP,0.00031573,"2017-11-14 14:05:00"
IOP,0.00031604,"2017-11-14 14:10:00"
IOP,0.000329,"2017-11-14 14:15:00"
IOP,0.00031585,"2017-11-14 14:20:00"
IOP,0.00031583,"2017-11-14 14:25:00"
IOP,0.00031598,"2017-11-14 14:30:00"
IOP,0.00031598,"2017-11-14 14:35:00"
IOP,0.00031638,"2017-11-14 14:40:00"
IOP,0.00032484,"2017-11-14 14:45:00"
IOP,0.00032322,"2017-11-14 14:50:00"
IOP,0.00032323,"2017-11-14 14:55:00"
IOP,0.00032339,"2017-11-14 15:00:00"
IOP,0.00032299,"2017-11-14 15:05:00"
IOP,0.000319,"2017-11-14 15:10:00"
IOP,0.0003181,"2017-11-14 15:15:00"
IOP,0.000315,"2017-11-14 15:20:00"
IOP,0.00032,"2017-11-14 15:25:00"
IOP,0.00031999,"2017-11-14 15:30:00"
IOP,0.00031999,"2017-11-14 15:35:00"
IOP,0.00031998,"2017-11-14 15:40:00"
IOP,0.00032,"2017-11-14 15:45:00"
IOP,0.00032,"2017-11-14 15:50:00"
IOP,0.00032,"2017-11-14 15:55:00"
IOP,0.00031736,"2017-11-14 16:00:00"
IOP,0.00031736,"2017-11-14 16:05:00"
IOP,0.0003173,"2017-11-14 16:10:00"
IOP,0.0003173,"2017-11-14 16:15:00"
IOP,0.0003199,"2017-11-14 16:20:00"
IOP,0.00032,"2017-11-14 16:25:00"
IOP,0.00032171,"2017-11-14 16:30:00"
IOP,0.00032228,"2017-11-14 16:35:00"
IOP,0.00032228,"2017-11-14 16:40:00"
IOP,0.00032228,"2017-11-14 16:45:00"
IOP,0.00031809,"2017-11-14 16:50:00"
IOP,0.00031809,"2017-11-14 16:55:00"
IOP,0.00031999,"2017-11-14 17:00:00"
IOP,0.000323,"2017-11-14 17:05:00"
IOP,0.00032339,"2017-11-14 17:10:00"
IOP,0.00032389,"2017-11-14 17:15:00"
IOP,0.00032389,"2017-11-14 17:20:00"
IOP,0.00032352,"2017-11-14 17:25:00"
IOP,0.00032352,"2017-11-14 17:30:00"
IOP,0.00032239,"2017-11-14 17:35:00"
IOP,0.00032355,"2017-11-14 17:40:00"
IOP,0.00032435,"2017-11-14 17:45:00"
IOP,0.00032351,"2017-11-14 17:50:00"
IOP,0.00032261,"2017-11-14 17:55:00"
IOP,0.0003225,"2017-11-14 18:00:00"
IOP,0.00032244,"2017-11-14 18:05:00"
IOP,0.00032244,"2017-11-14 18:10:00"
IOP,0.00032244,"2017-11-14 18:15:00"
IOP,0.00032239,"2017-11-14 18:20:00"
IOP,0.00032352,"2017-11-14 18:25:00"
IOP,0.00032441,"2017-11-14 18:30:00"
IOP,0.00032441,"2017-11-14 18:35:00"
IOP,0.00032499,"2017-11-14 18:40:00"
IOP,0.00032441,"2017-11-14 18:45:00"
IOP,0.0003207,"2017-11-14 18:50:00"
IOP,0.0003244,"2017-11-14 18:55:00"
IOP,0.00032399,"2017-11-14 19:00:00"
IOP,0.00032533,"2017-11-14 19:05:00"
IOP,0.00032718,"2017-11-14 19:10:00"
IOP,0.00032533,"2017-11-14 19:15:00"
IOP,0.00032544,"2017-11-14 19:20:00"
IOP,0.00032544,"2017-11-14 19:25:00"
IOP,0.00032544,"2017-11-14 19:30:00"
IOP,0.000327,"2017-11-14 19:35:00"
IOP,0.00032,"2017-11-14 19:40:00"
IOP,0.0003299,"2017-11-14 19:45:00"
IOP,0.0003273,"2017-11-14 19:50:00"
IOP,0.00032731,"2017-11-14 19:55:00"
IOP,0.00032731,"2017-11-14 20:00:00"
IOP,0.00032557,"2017-11-14 20:05:00"
IOP,0.00032557,"2017-11-14 20:10:00"
IOP,0.00032127,"2017-11-14 20:15:00"
IOP,0.00032146,"2017-11-14 20:20:00"
IOP,0.00032146,"2017-11-14 20:25:00"
IOP,0.00032146,"2017-11-14 20:30:00"
IOP,0.00032524,"2017-11-14 20:35:00"
IOP,0.00032525,"2017-11-14 20:40:00"
IOP,0.00032146,"2017-11-14 20:45:00"
IOP,0.00032004,"2017-11-14 20:50:00"
IOP,0.00032287,"2017-11-14 20:55:00"
IOP,0.00032499,"2017-11-14 21:00:00"
IOP,0.000325,"2017-11-14 21:05:00"
IOP,0.00032646,"2017-11-14 21:10:00"
IOP,0.000327,"2017-11-14 21:15:00"
IOP,0.00032731,"2017-11-14 21:20:00"
IOP,0.00032731,"2017-11-14 21:25:00"
IOP,0.00032982,"2017-11-14 21:30:00"
IOP,0.0003295,"2017-11-14 21:35:00"
IOP,0.0003274,"2017-11-14 21:40:00"
IOP,0.0003294,"2017-11-14 21:45:00"
IOP,0.0003294,"2017-11-14 21:50:00"
IOP,0.000329,"2017-11-14 21:55:00"
IOP,0.0003294,"2017-11-14 22:00:00"
IOP,0.00032705,"2017-11-14 22:05:00"
IOP,0.0003294,"2017-11-14 22:10:00"
IOP,0.000327,"2017-11-14 22:15:00"
IOP,0.000327,"2017-11-14 22:20:00"
IOP,0.000327,"2017-11-14 22:25:00"
IOP,0.00032504,"2017-11-14 22:30:00"
IOP,0.000325,"2017-11-14 22:35:00"
IOP,0.000327,"2017-11-14 22:40:00"
IOP,0.0003281,"2017-11-14 22:45:00"
IOP,0.0003281,"2017-11-14 22:50:00"
IOP,0.0003281,"2017-11-14 22:55:00"
IOP,0.0003281,"2017-11-14 23:00:00"
IOP,0.00032805,"2017-11-14 23:05:00"
IOP,0.00032803,"2017-11-14 23:10:00"
IOP,0.00032802,"2017-11-14 23:15:00"
IOP,0.00032805,"2017-11-14 23:20:00"
IOP,0.00032802,"2017-11-14 23:25:00"
IOP,0.00032804,"2017-11-14 23:30:00"
IOP,0.00032501,"2017-11-14 23:35:00"
IOP,0.00032401,"2017-11-14 23:40:00"
IOP,0.00032934,"2017-11-14 23:45:00"
IOP,0.00032934,"2017-11-14 23:50:00"
IOP,0.00032935,"2017-11-14 23:55:00"
IOP,0.0003294,"2017-11-15 00:00:00"
IOP,0.0003294,"2017-11-15 00:05:00"
IOP,0.00032936,"2017-11-15 00:10:00"
IOP,0.0003271,"2017-11-15 00:15:00"
IOP,0.00032483,"2017-11-15 00:20:00"
IOP,0.00032442,"2017-11-15 00:25:00"
IOP,0.00032442,"2017-11-15 00:30:00"
IOP,0.0003244,"2017-11-15 00:35:00"
IOP,0.000325,"2017-11-15 00:40:00"
IOP,0.000325,"2017-11-15 00:45:00"
IOP,0.000325,"2017-11-15 00:50:00"
IOP,0.000328,"2017-11-15 00:55:00"
IOP,0.00032879,"2017-11-15 01:00:00"
IOP,0.0003288,"2017-11-15 01:05:00"
IOP,0.0003288,"2017-11-15 01:10:00"
IOP,0.0003288,"2017-11-15 01:15:00"
IOP,0.000328,"2017-11-15 01:20:00"
IOP,0.000329,"2017-11-15 01:25:00"
IOP,0.000328,"2017-11-15 01:30:00"
IOP,0.000328,"2017-11-15 01:35:00"
IOP,0.00032718,"2017-11-15 01:40:00"
IOP,0.0003253,"2017-11-15 01:45:00"
IOP,0.00032541,"2017-11-15 01:50:00"
IOP,0.00032501,"2017-11-15 01:55:00"
IOP,0.00032501,"2017-11-15 02:00:00"
IOP,0.00032718,"2017-11-15 02:05:00"
IOP,0.00032718,"2017-11-15 02:10:00"
IOP,0.0003267,"2017-11-15 02:15:00"
IOP,0.0003267,"2017-11-15 02:20:00"
IOP,0.0003267,"2017-11-15 02:25:00"
IOP,0.0003267,"2017-11-15 02:30:00"
IOP,0.00032501,"2017-11-15 02:35:00"
IOP,0.00032501,"2017-11-15 02:40:00"
IOP,0.00032501,"2017-11-15 02:45:00"
IOP,0.00032501,"2017-11-15 02:50:00"
IOP,0.00032501,"2017-11-15 02:55:00"
IOP,0.00032439,"2017-11-15 03:00:00"
IOP,0.00032018,"2017-11-15 03:05:00"
IOP,0.00032104,"2017-11-15 03:10:00"
IOP,0.00032025,"2017-11-15 03:15:00"
IOP,0.00032025,"2017-11-15 03:20:00"
IOP,0.00032,"2017-11-15 03:25:00"
IOP,0.00032,"2017-11-15 03:30:00"
IOP,0.00032004,"2017-11-15 03:35:00"
IOP,0.000318,"2017-11-15 03:40:00"
IOP,0.00031691,"2017-11-15 03:45:00"
IOP,0.00031518,"2017-11-15 03:50:00"
IOP,0.0003152,"2017-11-15 03:55:00"
IOP,0.00031518,"2017-11-15 04:00:00"
IOP,0.00031518,"2017-11-15 04:05:00"
IOP,0.00031848,"2017-11-15 04:10:00"
IOP,0.00031959,"2017-11-15 04:15:00"
IOP,0.00031848,"2017-11-15 04:20:00"
IOP,0.00031848,"2017-11-15 04:25:00"
IOP,0.00031848,"2017-11-15 04:30:00"
IOP,0.00031959,"2017-11-15 04:35:00"
IOP,0.00031848,"2017-11-15 04:40:00"
IOP,0.00031848,"2017-11-15 04:45:00"
IOP,0.00032026,"2017-11-15 04:50:00"
IOP,0.00032026,"2017-11-15 04:55:00"
IOP,0.0003226,"2017-11-15 05:00:00"
IOP,0.000319,"2017-11-15 05:05:00"
IOP,0.000319,"2017-11-15 05:10:00"
IOP,0.00032057,"2017-11-15 05:15:00"
IOP,0.00031848,"2017-11-15 05:20:00"
IOP,0.0003226,"2017-11-15 05:25:00"
IOP,0.00032349,"2017-11-15 05:30:00"
IOP,0.00032422,"2017-11-15 05:35:00"
IOP,0.00032422,"2017-11-15 05:40:00"
IOP,0.00032497,"2017-11-15 05:45:00"
IOP,0.000325,"2017-11-15 05:50:00"
IOP,0.000325,"2017-11-15 05:55:00"
IOP,0.00032566,"2017-11-15 06:00:00"
IOP,0.00032464,"2017-11-15 06:05:00"
IOP,0.00032566,"2017-11-15 06:10:00"
IOP,0.00032574,"2017-11-15 06:15:00"
IOP,0.000326,"2017-11-15 06:20:00"
IOP,0.00032574,"2017-11-15 06:25:00"
IOP,0.00032566,"2017-11-15 06:30:00"
IOP,0.00032566,"2017-11-15 06:35:00"
IOP,0.00032403,"2017-11-15 06:40:00"
IOP,0.00031933,"2017-11-15 06:45:00"
IOP,0.00031933,"2017-11-15 06:50:00"
IOP,0.00031933,"2017-11-15 06:55:00"
IOP,0.00031933,"2017-11-15 07:00:00"
IOP,0.00031933,"2017-11-15 07:05:00"
IOP,0.00031933,"2017-11-15 07:10:00"
IOP,0.000321,"2017-11-15 07:15:00"
IOP,0.00032546,"2017-11-15 07:20:00"
IOP,0.00031735,"2017-11-15 07:25:00"
IOP,0.00031735,"2017-11-15 07:30:00"
IOP,0.00031802,"2017-11-15 07:35:00"
IOP,0.00031802,"2017-11-15 07:40:00"
IOP,0.00032246,"2017-11-15 07:45:00"
IOP,0.000318,"2017-11-15 07:50:00"
IOP,0.000318,"2017-11-15 07:55:00"
IOP,0.000318,"2017-11-15 08:00:00"
IOP,0.000318,"2017-11-15 08:05:00"
IOP,0.00031806,"2017-11-15 08:10:00"
IOP,0.000318,"2017-11-15 08:15:00"
IOP,0.00032247,"2017-11-15 08:20:00"
IOP,0.00032247,"2017-11-15 08:25:00"
IOP,0.00031802,"2017-11-15 08:30:00"
IOP,0.00032055,"2017-11-15 08:35:00"
IOP,0.00032055,"2017-11-15 08:40:00"
IOP,0.00032055,"2017-11-15 08:45:00"
IOP,0.00032055,"2017-11-15 08:50:00"
IOP,0.00031999,"2017-11-15 08:55:00"
IOP,0.00032055,"2017-11-15 09:00:00"
IOP,0.0003205,"2017-11-15 09:05:00"
IOP,0.0003205,"2017-11-15 09:10:00"
IOP,0.0003205,"2017-11-15 09:15:00"
IOP,0.0003205,"2017-11-15 09:20:00"
IOP,0.00031859,"2017-11-15 09:25:00"
IOP,0.00031802,"2017-11-15 09:30:00"
IOP,0.000319,"2017-11-15 09:35:00"
IOP,0.000319,"2017-11-15 09:40:00"
IOP,0.00032319,"2017-11-15 09:45:00"
IOP,0.00032319,"2017-11-15 09:50:00"
IOP,0.00032325,"2017-11-15 09:55:00"
IOP,0.00032326,"2017-11-15 10:00:00"
IOP,0.00032378,"2017-11-15 10:05:00"
IOP,0.00032521,"2017-11-15 10:10:00"
IOP,0.000326,"2017-11-15 10:15:00"
IOP,0.000326,"2017-11-15 10:20:00"
IOP,0.000326,"2017-11-15 10:25:00"
IOP,0.000326,"2017-11-15 10:30:00"
IOP,0.00032756,"2017-11-15 10:35:00"
IOP,0.00032656,"2017-11-15 10:40:00"
IOP,0.00032777,"2017-11-15 10:45:00"
IOP,0.000326,"2017-11-15 10:50:00"
IOP,0.000326,"2017-11-15 10:55:00"
IOP,0.00032293,"2017-11-15 11:00:00"
IOP,0.00032985,"2017-11-15 11:05:00"
IOP,0.00032984,"2017-11-15 11:10:00"
IOP,0.00032999,"2017-11-15 11:15:00"
IOP,0.00032999,"2017-11-15 11:20:00"
IOP,0.00032994,"2017-11-15 11:25:00"
IOP,0.00032994,"2017-11-15 11:30:00"
IOP,0.00032777,"2017-11-15 11:35:00"
IOP,0.00032992,"2017-11-15 11:40:00"
IOP,0.00032992,"2017-11-15 11:45:00"
IOP,0.00032458,"2017-11-15 11:50:00"
IOP,0.00032511,"2017-11-15 11:55:00"
IOP,0.00032394,"2017-11-15 12:00:00"
IOP,0.00032394,"2017-11-15 12:05:00"
IOP,0.00032183,"2017-11-15 12:10:00"
IOP,0.00032183,"2017-11-15 12:15:00"
IOP,0.00032183,"2017-11-15 12:20:00"
IOP,0.00032022,"2017-11-15 12:25:00"
IOP,0.00032,"2017-11-15 12:30:00"
IOP,0.00032183,"2017-11-15 12:35:00"
IOP,0.00032353,"2017-11-15 12:40:00"
IOP,0.00032394,"2017-11-15 12:45:00"
IOP,0.00032205,"2017-11-15 12:50:00"
IOP,0.00032267,"2017-11-15 12:55:00"
IOP,0.00032906,"2017-11-15 13:00:00"
IOP,0.0003242,"2017-11-15 13:05:00"
IOP,0.00032187,"2017-11-15 13:10:00"
IOP,0.00031975,"2017-11-15 13:15:00"
IOP,0.00031527,"2017-11-15 13:20:00"
IOP,0.00031561,"2017-11-15 13:25:00"
IOP,0.0003158,"2017-11-15 13:30:00"
IOP,0.00031915,"2017-11-15 13:35:00"
IOP,0.00031561,"2017-11-15 13:40:00"
IOP,0.00031315,"2017-11-15 13:45:00"
IOP,0.00031317,"2017-11-15 13:50:00"
IOP,0.0003105,"2017-11-15 13:55:00"
IOP,0.000314,"2017-11-15 14:00:00"
IOP,0.00031677,"2017-11-15 14:05:00"
IOP,0.00031108,"2017-11-15 14:10:00"
IOP,0.00031408,"2017-11-15 14:15:00"
IOP,0.00031112,"2017-11-15 14:20:00"
IOP,0.000311,"2017-11-15 14:25:00"
IOP,0.0003106,"2017-11-15 14:30:00"
IOP,0.0003138,"2017-11-15 14:35:00"
IOP,0.00031588,"2017-11-15 14:40:00"
IOP,0.00031611,"2017-11-15 14:45:00"
IOP,0.00032,"2017-11-15 14:50:00"
IOP,0.00031994,"2017-11-15 14:55:00"
IOP,0.00031949,"2017-11-15 15:00:00"
IOP,0.00031845,"2017-11-15 15:05:00"
IOP,0.00031334,"2017-11-15 15:10:00"
IOP,0.00031335,"2017-11-15 15:15:00"
IOP,0.00031797,"2017-11-15 15:20:00"
IOP,0.00031348,"2017-11-15 15:25:00"
IOP,0.00031348,"2017-11-15 15:30:00"
IOP,0.00031786,"2017-11-15 15:35:00"
IOP,0.0003135,"2017-11-15 15:40:00"
IOP,0.00031107,"2017-11-15 15:45:00"
IOP,0.0003135,"2017-11-15 15:50:00"
IOP,0.00031197,"2017-11-15 15:55:00"
IOP,0.00031082,"2017-11-15 16:00:00"
IOP,0.00031082,"2017-11-15 16:05:00"
IOP,0.00031082,"2017-11-15 16:10:00"
IOP,0.00031081,"2017-11-15 16:15:00"
IOP,0.00031082,"2017-11-15 16:20:00"
IOP,0.00031079,"2017-11-15 16:25:00"
IOP,0.00031079,"2017-11-15 16:30:00"
IOP,0.00031193,"2017-11-15 16:35:00"
IOP,0.00031548,"2017-11-15 16:40:00"
IOP,0.00031089,"2017-11-15 16:45:00"
IOP,0.00031084,"2017-11-15 16:50:00"
IOP,0.00031083,"2017-11-15 16:55:00"
IOP,0.00031084,"2017-11-15 17:00:00"
IOP,0.00031079,"2017-11-15 17:05:00"
IOP,0.00031079,"2017-11-15 17:10:00"
IOP,0.00031079,"2017-11-15 17:15:00"
IOP,0.0003101,"2017-11-15 17:20:00"
IOP,0.00031084,"2017-11-15 17:25:00"
IOP,0.00031084,"2017-11-15 17:30:00"
IOP,0.00031242,"2017-11-15 17:35:00"
IOP,0.00031084,"2017-11-15 17:40:00"
IOP,0.00031017,"2017-11-15 17:45:00"
IOP,0.00031017,"2017-11-15 17:50:00"
IOP,0.0003132,"2017-11-15 17:55:00"
IOP,0.00031012,"2017-11-15 18:00:00"
IOP,0.00031326,"2017-11-15 18:05:00"
IOP,0.00031013,"2017-11-15 18:10:00"
IOP,0.00031012,"2017-11-15 18:15:00"
IOP,0.00031,"2017-11-15 18:20:00"
IOP,0.00031,"2017-11-15 18:25:00"
IOP,0.00031012,"2017-11-15 18:30:00"
IOP,0.00031002,"2017-11-15 18:35:00"
IOP,0.00031002,"2017-11-15 18:40:00"
IOP,0.00031012,"2017-11-15 18:45:00"
IOP,0.00031012,"2017-11-15 18:50:00"
IOP,0.00031357,"2017-11-15 18:55:00"
IOP,0.00031357,"2017-11-15 19:00:00"
IOP,0.00031339,"2017-11-15 19:05:00"
IOP,0.000306,"2017-11-15 19:10:00"
IOP,0.0003056,"2017-11-15 19:15:00"
IOP,0.00030507,"2017-11-15 19:20:00"
IOP,0.00030802,"2017-11-15 19:25:00"
IOP,0.00030802,"2017-11-15 19:30:00"
IOP,0.00031031,"2017-11-15 19:35:00"
IOP,0.00030803,"2017-11-15 19:40:00"
IOP,0.00031202,"2017-11-15 19:45:00"
IOP,0.00031202,"2017-11-15 19:50:00"
IOP,0.000313,"2017-11-15 19:55:00"
IOP,0.00031276,"2017-11-15 20:00:00"
IOP,0.00031277,"2017-11-15 20:05:00"
IOP,0.0003125,"2017-11-15 20:10:00"
IOP,0.00031328,"2017-11-15 20:15:00"
IOP,0.0003125,"2017-11-15 20:20:00"
IOP,0.00031327,"2017-11-15 20:25:00"
IOP,0.0003125,"2017-11-15 20:30:00"
IOP,0.0003125,"2017-11-15 20:35:00"
IOP,0.0003135,"2017-11-15 20:40:00"
IOP,0.0003135,"2017-11-15 20:45:00"
IOP,0.0003125,"2017-11-15 20:50:00"
IOP,0.0003125,"2017-11-15 20:55:00"
IOP,0.0003125,"2017-11-15 21:00:00"
IOP,0.000309,"2017-11-15 21:05:00"
IOP,0.000309,"2017-11-15 21:10:00"
IOP,0.000309,"2017-11-15 21:15:00"
IOP,0.000309,"2017-11-15 21:20:00"
IOP,0.000309,"2017-11-15 21:25:00"
IOP,0.00031183,"2017-11-15 21:30:00"
IOP,0.00031183,"2017-11-15 21:35:00"
IOP,0.00031183,"2017-11-15 21:40:00"
IOP,0.0003094,"2017-11-15 21:45:00"
IOP,0.00030961,"2017-11-15 21:50:00"
IOP,0.0003135,"2017-11-15 21:55:00"
IOP,0.00030954,"2017-11-15 22:00:00"
IOP,0.00030954,"2017-11-15 22:05:00"
IOP,0.00030954,"2017-11-15 22:10:00"
IOP,0.00031959,"2017-11-15 22:15:00"
IOP,0.00031605,"2017-11-15 22:20:00"
IOP,0.00031604,"2017-11-15 22:25:00"
IOP,0.00031401,"2017-11-15 22:30:00"
IOP,0.00031401,"2017-11-15 22:35:00"
IOP,0.00031926,"2017-11-15 22:40:00"
IOP,0.00031925,"2017-11-15 22:45:00"
IOP,0.00031403,"2017-11-15 22:50:00"
IOP,0.00031403,"2017-11-15 22:55:00"
IOP,0.00031403,"2017-11-15 23:00:00"
IOP,0.00031924,"2017-11-15 23:05:00"
IOP,0.00031924,"2017-11-15 23:10:00"
IOP,0.00031924,"2017-11-15 23:15:00"
IOP,0.00031505,"2017-11-15 23:20:00"
IOP,0.00031505,"2017-11-15 23:25:00"
IOP,0.00031332,"2017-11-15 23:30:00"
IOP,0.00031245,"2017-11-15 23:35:00"
IOP,0.00031319,"2017-11-15 23:40:00"
IOP,0.00031319,"2017-11-15 23:45:00"
IOP,0.00031319,"2017-11-15 23:50:00"
IOP,0.00031319,"2017-11-15 23:55:00"
IOP,0.00031319,"2017-11-16 00:00:00"
IOP,0.00031319,"2017-11-16 00:05:00"
IOP,0.00031505,"2017-11-16 00:10:00"
IOP,0.00031505,"2017-11-16 00:15:00"
IOP,0.00030991,"2017-11-16 00:20:00"
IOP,0.00031101,"2017-11-16 00:25:00"
IOP,0.00031057,"2017-11-16 00:30:00"
IOP,0.00031057,"2017-11-16 00:35:00"
IOP,0.00031057,"2017-11-16 00:40:00"
IOP,0.00030971,"2017-11-16 00:45:00"
IOP,0.00031038,"2017-11-16 00:50:00"
IOP,0.00031287,"2017-11-16 00:55:00"
IOP,0.00031287,"2017-11-16 01:00:00"
IOP,0.00031497,"2017-11-16 01:05:00"
IOP,0.00031497,"2017-11-16 01:10:00"
IOP,0.00031095,"2017-11-16 01:15:00"
IOP,0.00031095,"2017-11-16 01:20:00"
IOP,0.00031095,"2017-11-16 01:25:00"
IOP,0.0003099,"2017-11-16 01:30:00"
IOP,0.0003099,"2017-11-16 01:35:00"
IOP,0.0003099,"2017-11-16 01:40:00"
IOP,0.00031415,"2017-11-16 01:45:00"
IOP,0.00031415,"2017-11-16 01:50:00"
IOP,0.00031415,"2017-11-16 01:55:00"
IOP,0.00031415,"2017-11-16 02:00:00"
IOP,0.00031415,"2017-11-16 02:05:00"
IOP,0.00031415,"2017-11-16 02:10:00"
IOP,0.00031401,"2017-11-16 02:15:00"
IOP,0.00031016,"2017-11-16 02:20:00"
IOP,0.00031016,"2017-11-16 02:25:00"
IOP,0.00031101,"2017-11-16 02:30:00"
IOP,0.00031101,"2017-11-16 02:35:00"
IOP,0.00031083,"2017-11-16 02:40:00"
IOP,0.00031083,"2017-11-16 02:45:00"
IOP,0.000325,"2017-11-16 02:50:00"
IOP,0.00031739,"2017-11-16 02:55:00"
IOP,0.00031877,"2017-11-16 03:00:00"
IOP,0.00031771,"2017-11-16 03:05:00"
IOP,0.00031771,"2017-11-16 03:10:00"
IOP,0.00031697,"2017-11-16 03:15:00"
IOP,0.00031647,"2017-11-16 03:20:00"
IOP,0.00031647,"2017-11-16 03:25:00"
IOP,0.00031647,"2017-11-16 03:30:00"
IOP,0.00031704,"2017-11-16 03:35:00"
IOP,0.00031847,"2017-11-16 03:40:00"
IOP,0.00031969,"2017-11-16 03:45:00"
IOP,0.00031988,"2017-11-16 03:50:00"
IOP,0.00031988,"2017-11-16 03:55:00"
IOP,0.00031745,"2017-11-16 04:00:00"
IOP,0.00031745,"2017-11-16 04:05:00"
IOP,0.00032062,"2017-11-16 04:10:00"
IOP,0.00032063,"2017-11-16 04:15:00"
IOP,0.00032,"2017-11-16 04:20:00"
IOP,0.00032,"2017-11-16 04:25:00"
IOP,0.00031734,"2017-11-16 04:30:00"
IOP,0.0003175,"2017-11-16 04:35:00"
IOP,0.0003175,"2017-11-16 04:40:00"
IOP,0.00032071,"2017-11-16 04:45:00"
IOP,0.00032151,"2017-11-16 04:50:00"
IOP,0.00032236,"2017-11-16 04:55:00"
IOP,0.000318,"2017-11-16 05:00:00"
IOP,0.000318,"2017-11-16 05:05:00"
IOP,0.000318,"2017-11-16 05:10:00"
IOP,0.00031752,"2017-11-16 05:15:00"
IOP,0.0003175,"2017-11-16 05:20:00"
IOP,0.0003175,"2017-11-16 05:25:00"
IOP,0.00032007,"2017-11-16 05:30:00"
IOP,0.00032005,"2017-11-16 05:35:00"
IOP,0.00032007,"2017-11-16 05:40:00"
IOP,0.00032007,"2017-11-16 05:45:00"
IOP,0.00032006,"2017-11-16 05:50:00"
IOP,0.00032006,"2017-11-16 05:55:00"
IOP,0.00032006,"2017-11-16 06:00:00"
IOP,0.0003175,"2017-11-16 06:05:00"
IOP,0.00031721,"2017-11-16 06:10:00"
IOP,0.00032004,"2017-11-16 06:15:00"
IOP,0.00031646,"2017-11-16 06:20:00"
IOP,0.00031087,"2017-11-16 06:25:00"
IOP,0.00031087,"2017-11-16 06:30:00"
IOP,0.00031103,"2017-11-16 06:35:00"
IOP,0.00031087,"2017-11-16 06:40:00"
IOP,0.00031095,"2017-11-16 06:45:00"
IOP,0.00031087,"2017-11-16 06:50:00"
IOP,0.00031008,"2017-11-16 06:55:00"
IOP,0.00031587,"2017-11-16 07:00:00"
IOP,0.00031587,"2017-11-16 07:05:00"
IOP,0.00031008,"2017-11-16 07:10:00"
IOP,0.00031008,"2017-11-16 07:15:00"
IOP,0.00031008,"2017-11-16 07:20:00"
IOP,0.00031008,"2017-11-16 07:25:00"
IOP,0.00031008,"2017-11-16 07:30:00"
IOP,0.00031008,"2017-11-16 07:35:00"
IOP,0.00031007,"2017-11-16 07:40:00"
IOP,0.00031327,"2017-11-16 07:45:00"
IOP,0.00031327,"2017-11-16 07:50:00"
IOP,0.00031009,"2017-11-16 07:55:00"
IOP,0.00031008,"2017-11-16 08:00:00"
IOP,0.00031008,"2017-11-16 08:05:00"
IOP,0.00031008,"2017-11-16 08:10:00"
IOP,0.00031008,"2017-11-16 08:15:00"
IOP,0.00031008,"2017-11-16 08:20:00"
IOP,0.00031008,"2017-11-16 08:25:00"
IOP,0.000315,"2017-11-16 08:30:00"
IOP,0.00031696,"2017-11-16 08:35:00"
IOP,0.00031035,"2017-11-16 08:40:00"
IOP,0.00031035,"2017-11-16 08:45:00"
IOP,0.00031568,"2017-11-16 08:50:00"
IOP,0.00031044,"2017-11-16 08:55:00"
IOP,0.00031418,"2017-11-16 09:00:00"
IOP,0.00031398,"2017-11-16 09:05:00"
IOP,0.00031035,"2017-11-16 09:10:00"
IOP,0.00031056,"2017-11-16 09:15:00"
IOP,0.0003099,"2017-11-16 09:20:00"
IOP,0.0003099,"2017-11-16 09:25:00"
IOP,0.0003099,"2017-11-16 09:30:00"
IOP,0.00031423,"2017-11-16 09:35:00"
IOP,0.00031008,"2017-11-16 09:40:00"
IOP,0.00031039,"2017-11-16 09:45:00"
IOP,0.00030997,"2017-11-16 09:50:00"
IOP,0.00030997,"2017-11-16 09:55:00"
IOP,0.00031177,"2017-11-16 10:00:00"
IOP,0.00031002,"2017-11-16 10:05:00"
IOP,0.00031002,"2017-11-16 10:10:00"
IOP,0.00031002,"2017-11-16 10:15:00"
IOP,0.00031002,"2017-11-16 10:20:00"
IOP,0.00030944,"2017-11-16 10:25:00"
IOP,0.00030942,"2017-11-16 10:30:00"
IOP,0.00030941,"2017-11-16 10:35:00"
IOP,0.00031599,"2017-11-16 10:40:00"
IOP,0.0003161,"2017-11-16 10:45:00"
IOP,0.00031612,"2017-11-16 10:50:00"
IOP,0.00031662,"2017-11-16 10:55:00"
IOP,0.00031825,"2017-11-16 11:00:00"
IOP,0.00031812,"2017-11-16 11:05:00"
IOP,0.00031812,"2017-11-16 11:10:00"
IOP,0.00031482,"2017-11-16 11:15:00"
IOP,0.00031483,"2017-11-16 11:20:00"
IOP,0.00031482,"2017-11-16 11:25:00"
IOP,0.00031483,"2017-11-16 11:30:00"
IOP,0.000316,"2017-11-16 11:35:00"
IOP,0.00031735,"2017-11-16 11:40:00"
IOP,0.000316,"2017-11-16 11:45:00"
IOP,0.000316,"2017-11-16 11:50:00"
IOP,0.000314,"2017-11-16 11:55:00"
IOP,0.00031815,"2017-11-16 12:00:00"
IOP,0.00031229,"2017-11-16 12:05:00"
IOP,0.00031229,"2017-11-16 12:10:00"
IOP,0.00031229,"2017-11-16 12:15:00"
IOP,0.00031999,"2017-11-16 12:20:00"
IOP,0.00031775,"2017-11-16 12:25:00"
IOP,0.000313,"2017-11-16 12:30:00"
IOP,0.000313,"2017-11-16 12:35:00"
IOP,0.00031773,"2017-11-16 12:40:00"
IOP,0.00031773,"2017-11-16 12:45:00"
IOP,0.000313,"2017-11-16 12:50:00"
IOP,0.000313,"2017-11-16 12:55:00"
IOP,0.000314,"2017-11-16 13:00:00"
IOP,0.00031483,"2017-11-16 13:05:00"
IOP,0.00031483,"2017-11-16 13:10:00"
IOP,0.00031483,"2017-11-16 13:15:00"
IOP,0.00031498,"2017-11-16 13:20:00"
IOP,0.00031498,"2017-11-16 13:25:00"
IOP,0.000312,"2017-11-16 13:30:00"
IOP,0.000312,"2017-11-16 13:35:00"
IOP,0.00031298,"2017-11-16 13:40:00"
IOP,0.000314,"2017-11-16 13:45:00"
IOP,0.00031202,"2017-11-16 13:50:00"
IOP,0.00031202,"2017-11-16 13:55:00"
IOP,0.00031202,"2017-11-16 14:00:00"
IOP,0.00031202,"2017-11-16 14:05:00"
IOP,0.0003125,"2017-11-16 14:10:00"
IOP,0.0003125,"2017-11-16 14:15:00"
IOP,0.0003125,"2017-11-16 14:20:00"
IOP,0.00031499,"2017-11-16 14:25:00"
IOP,0.00031499,"2017-11-16 14:30:00"
IOP,0.00031499,"2017-11-16 14:35:00"
IOP,0.00031796,"2017-11-16 14:40:00"
IOP,0.00031796,"2017-11-16 14:45:00"
IOP,0.00031578,"2017-11-16 14:50:00"
IOP,0.0003157,"2017-11-16 14:55:00"
IOP,0.00031499,"2017-11-16 15:00:00"
IOP,0.00031499,"2017-11-16 15:05:00"
IOP,0.00031499,"2017-11-16 15:10:00"
IOP,0.00031506,"2017-11-16 15:15:00"
IOP,0.00031499,"2017-11-16 15:20:00"
IOP,0.00031499,"2017-11-16 15:25:00"
IOP,0.00031506,"2017-11-16 15:30:00"
IOP,0.000319,"2017-11-16 15:35:00"
IOP,0.000319,"2017-11-16 15:40:00"
IOP,0.000319,"2017-11-16 15:45:00"
IOP,0.00031499,"2017-11-16 15:50:00"
IOP,0.00031392,"2017-11-16 15:55:00"
IOP,0.00031392,"2017-11-16 16:00:00"
IOP,0.00031392,"2017-11-16 16:05:00"
IOP,0.00031365,"2017-11-16 16:10:00"
IOP,0.00031365,"2017-11-16 16:15:00"
IOP,0.00031365,"2017-11-16 16:20:00"
IOP,0.0003175,"2017-11-16 16:25:00"
IOP,0.00031749,"2017-11-16 16:30:00"
IOP,0.00031982,"2017-11-16 16:35:00"
IOP,0.00031501,"2017-11-16 16:40:00"
IOP,0.00031501,"2017-11-16 16:45:00"
IOP,0.00031503,"2017-11-16 16:50:00"
IOP,0.00031703,"2017-11-16 16:55:00"
IOP,0.00031501,"2017-11-16 17:00:00"
IOP,0.00031555,"2017-11-16 17:05:00"
IOP,0.0003188,"2017-11-16 17:10:00"
IOP,0.00031982,"2017-11-16 17:15:00"
IOP,0.00031792,"2017-11-16 17:20:00"
IOP,0.00031792,"2017-11-16 17:25:00"
IOP,0.00031792,"2017-11-16 17:30:00"
IOP,0.00031792,"2017-11-16 17:35:00"
IOP,0.00031941,"2017-11-16 17:40:00"
IOP,0.00031755,"2017-11-16 17:45:00"
IOP,0.00031755,"2017-11-16 17:50:00"
IOP,0.000315,"2017-11-16 17:55:00"
IOP,0.000315,"2017-11-16 18:00:00"
IOP,0.00031544,"2017-11-16 18:05:00"
IOP,0.00031754,"2017-11-16 18:10:00"
IOP,0.00031259,"2017-11-16 18:15:00"
IOP,0.00031267,"2017-11-16 18:20:00"
IOP,0.00031267,"2017-11-16 18:25:00"
IOP,0.00031489,"2017-11-16 18:30:00"
IOP,0.000313,"2017-11-16 18:35:00"
IOP,0.000312,"2017-11-16 18:40:00"
IOP,0.00031188,"2017-11-16 18:45:00"
IOP,0.00031188,"2017-11-16 18:50:00"
IOP,0.00031101,"2017-11-16 18:55:00"
IOP,0.00031101,"2017-11-16 19:00:00"
IOP,0.00031101,"2017-11-16 19:05:00"
IOP,0.00031101,"2017-11-16 19:10:00"
IOP,0.000311,"2017-11-16 19:15:00"
IOP,0.000311,"2017-11-16 19:20:00"
IOP,0.0003105,"2017-11-16 19:25:00"
IOP,0.0003094,"2017-11-16 19:30:00"
IOP,0.00030949,"2017-11-16 19:35:00"
IOP,0.00030941,"2017-11-16 19:40:00"
IOP,0.00030941,"2017-11-16 19:45:00"
IOP,0.0003094,"2017-11-16 19:50:00"
IOP,0.0003094,"2017-11-16 19:55:00"
IOP,0.0003094,"2017-11-16 20:00:00"
IOP,0.0003094,"2017-11-16 20:05:00"
IOP,0.0003094,"2017-11-16 20:10:00"
IOP,0.00029121,"2017-11-16 20:15:00"
IOP,0.00029287,"2017-11-16 20:20:00"
IOP,0.00029249,"2017-11-16 20:25:00"
IOP,0.00029478,"2017-11-16 20:30:00"
IOP,0.00028794,"2017-11-16 20:35:00"
IOP,0.00029069,"2017-11-16 20:40:00"
IOP,0.00029311,"2017-11-16 20:45:00"
IOP,0.0002931,"2017-11-16 20:50:00"
IOP,0.00029523,"2017-11-16 20:55:00"
IOP,0.00029521,"2017-11-16 21:00:00"
IOP,0.00029814,"2017-11-16 21:05:00"
IOP,0.0002931,"2017-11-16 21:10:00"
IOP,0.00029326,"2017-11-16 21:15:00"
IOP,0.00029325,"2017-11-16 21:20:00"
IOP,0.0002917,"2017-11-16 21:25:00"
IOP,0.00029215,"2017-11-16 21:30:00"
IOP,0.0002915,"2017-11-16 21:35:00"
IOP,0.00029148,"2017-11-16 21:40:00"
IOP,0.00028919,"2017-11-16 21:45:00"
IOP,0.00028888,"2017-11-16 21:50:00"
IOP,0.00028972,"2017-11-16 21:55:00"
IOP,0.00029,"2017-11-16 22:00:00"
IOP,0.000292,"2017-11-16 22:05:00"
IOP,0.00029292,"2017-11-16 22:10:00"
IOP,0.000292,"2017-11-16 22:15:00"
IOP,0.00029335,"2017-11-16 22:20:00"
IOP,0.000292,"2017-11-16 22:25:00"
IOP,0.00029339,"2017-11-16 22:30:00"
IOP,0.0002988,"2017-11-16 22:35:00"
IOP,0.00029259,"2017-11-16 22:40:00"
IOP,0.00029329,"2017-11-16 22:45:00"
IOP,0.00029329,"2017-11-16 22:50:00"
IOP,0.00029329,"2017-11-16 22:55:00"
IOP,0.00029329,"2017-11-16 23:00:00"
IOP,0.00029149,"2017-11-16 23:05:00"
IOP,0.00029149,"2017-11-16 23:10:00"
IOP,0.00029149,"2017-11-16 23:15:00"
IOP,0.0002915,"2017-11-16 23:20:00"
IOP,0.0002963,"2017-11-16 23:25:00"
IOP,0.0002963,"2017-11-16 23:30:00"
IOP,0.00029931,"2017-11-16 23:35:00"
IOP,0.0002993,"2017-11-16 23:40:00"
IOP,0.0002993,"2017-11-16 23:45:00"
IOP,0.0002993,"2017-11-16 23:50:00"
IOP,0.0002993,"2017-11-16 23:55:00"
IOP,0.00029651,"2017-11-17 00:00:00"
IOP,0.0002963,"2017-11-17 00:05:00"
IOP,0.0002915,"2017-11-17 00:10:00"
IOP,0.00029,"2017-11-17 00:15:00"
IOP,0.00028849,"2017-11-17 00:20:00"
IOP,0.00028849,"2017-11-17 00:25:00"
IOP,0.00028498,"2017-11-17 00:30:00"
IOP,0.00028378,"2017-11-17 00:35:00"
IOP,0.00028498,"2017-11-17 00:40:00"
IOP,0.00028325,"2017-11-17 00:45:00"
IOP,0.0002822,"2017-11-17 00:50:00"
IOP,0.00028221,"2017-11-17 00:55:00"
IOP,0.00028228,"2017-11-17 01:00:00"
IOP,0.00028235,"2017-11-17 01:05:00"
IOP,0.00028228,"2017-11-17 01:10:00"
IOP,0.0002822,"2017-11-17 01:15:00"
IOP,0.00028232,"2017-11-17 01:20:00"
IOP,0.00028192,"2017-11-17 01:25:00"
IOP,0.00028192,"2017-11-17 01:30:00"
IOP,0.00028002,"2017-11-17 01:35:00"
IOP,0.00028001,"2017-11-17 01:40:00"
IOP,0.00028191,"2017-11-17 01:45:00"
IOP,0.00028208,"2017-11-17 01:50:00"
IOP,0.00028284,"2017-11-17 01:55:00"
IOP,0.00028002,"2017-11-17 02:00:00"
IOP,0.00028284,"2017-11-17 02:05:00"
IOP,0.00028284,"2017-11-17 02:10:00"
IOP,0.00028284,"2017-11-17 02:15:00"
IOP,0.00028,"2017-11-17 02:20:00"
IOP,0.00028,"2017-11-17 02:25:00"
IOP,0.00028,"2017-11-17 02:30:00"
IOP,0.00028001,"2017-11-17 02:35:00"
IOP,0.00028278,"2017-11-17 02:40:00"
IOP,0.00028278,"2017-11-17 02:45:00"
IOP,0.00028284,"2017-11-17 02:50:00"
IOP,0.00028284,"2017-11-17 02:55:00"
IOP,0.00028284,"2017-11-17 03:00:00"
IOP,0.0002828,"2017-11-17 03:05:00"
IOP,0.0002828,"2017-11-17 03:10:00"
IOP,0.0002828,"2017-11-17 03:15:00"
IOP,0.00028558,"2017-11-17 03:20:00"
IOP,0.00028206,"2017-11-17 03:25:00"
IOP,0.00027856,"2017-11-17 03:30:00"
IOP,0.00027856,"2017-11-17 03:35:00"
IOP,0.00027856,"2017-11-17 03:40:00"
IOP,0.00027919,"2017-11-17 03:45:00"
IOP,0.00027919,"2017-11-17 03:50:00"
IOP,0.00028199,"2017-11-17 03:55:00"
IOP,0.00028199,"2017-11-17 04:00:00"
IOP,0.00027633,"2017-11-17 04:05:00"
IOP,0.00027633,"2017-11-17 04:10:00"
IOP,0.00027862,"2017-11-17 04:15:00"
IOP,0.00027632,"2017-11-17 04:20:00"
IOP,0.00027632,"2017-11-17 04:25:00"
IOP,0.00028273,"2017-11-17 04:30:00"
IOP,0.00028273,"2017-11-17 04:35:00"
IOP,0.00028273,"2017-11-17 04:40:00"
IOP,0.00028488,"2017-11-17 04:45:00"
IOP,0.00028354,"2017-11-17 04:50:00"
IOP,0.00028354,"2017-11-17 04:55:00"
IOP,0.00028708,"2017-11-17 05:00:00"
IOP,0.00028295,"2017-11-17 05:05:00"
IOP,0.00028286,"2017-11-17 05:10:00"
IOP,0.00028576,"2017-11-17 05:15:00"
IOP,0.00028006,"2017-11-17 05:20:00"
IOP,0.00028006,"2017-11-17 05:25:00"
IOP,0.00028006,"2017-11-17 05:30:00"
IOP,0.00027639,"2017-11-17 05:35:00"
IOP,0.00028002,"2017-11-17 05:40:00"
IOP,0.00027986,"2017-11-17 05:45:00"
IOP,0.00027986,"2017-11-17 05:50:00"
IOP,0.00027949,"2017-11-17 05:55:00"
IOP,0.00028201,"2017-11-17 06:00:00"
IOP,0.00028208,"2017-11-17 06:05:00"
IOP,0.00028459,"2017-11-17 06:10:00"
IOP,0.00028459,"2017-11-17 06:15:00"
IOP,0.00028459,"2017-11-17 06:20:00"
IOP,0.00028458,"2017-11-17 06:25:00"
IOP,0.00028201,"2017-11-17 06:30:00"
IOP,0.00028201,"2017-11-17 06:35:00"
IOP,0.00028201,"2017-11-17 06:40:00"
IOP,0.00028201,"2017-11-17 06:45:00"
IOP,0.00028202,"2017-11-17 06:50:00"
IOP,0.00028201,"2017-11-17 06:55:00"
IOP,0.00028201,"2017-11-17 07:00:00"
IOP,0.00028201,"2017-11-17 07:05:00"
IOP,0.00028049,"2017-11-17 07:10:00"
IOP,0.00028202,"2017-11-17 07:15:00"
IOP,0.00028202,"2017-11-17 07:20:00"
IOP,0.00028202,"2017-11-17 07:25:00"
IOP,0.00028202,"2017-11-17 07:30:00"
IOP,0.00028049,"2017-11-17 07:35:00"
IOP,0.00028049,"2017-11-17 07:40:00"
IOP,0.00028049,"2017-11-17 07:45:00"
IOP,0.000282,"2017-11-17 07:50:00"
IOP,0.000282,"2017-11-17 07:55:00"
IOP,0.00028049,"2017-11-17 08:00:00"
IOP,0.00028049,"2017-11-17 08:05:00"
IOP,0.00028049,"2017-11-17 08:10:00"
IOP,0.000282,"2017-11-17 08:15:00"
IOP,0.000282,"2017-11-17 08:20:00"
IOP,0.000282,"2017-11-17 08:25:00"
IOP,0.000281,"2017-11-17 08:30:00"
IOP,0.00028049,"2017-11-17 08:35:00"
IOP,0.00028092,"2017-11-17 08:40:00"
IOP,0.000282,"2017-11-17 08:45:00"
IOP,0.000282,"2017-11-17 08:50:00"
IOP,0.00028049,"2017-11-17 08:55:00"
IOP,0.000282,"2017-11-17 09:00:00"
IOP,0.000282,"2017-11-17 09:05:00"
IOP,0.000282,"2017-11-17 09:10:00"
IOP,0.000282,"2017-11-17 09:15:00"
IOP,0.00028387,"2017-11-17 09:20:00"
IOP,0.000285,"2017-11-17 09:25:00"
IOP,0.00028492,"2017-11-17 09:30:00"
IOP,0.00028492,"2017-11-17 09:35:00"
IOP,0.00028492,"2017-11-17 09:40:00"
IOP,0.00028492,"2017-11-17 09:45:00"
IOP,0.00028253,"2017-11-17 09:50:00"
IOP,0.00028253,"2017-11-17 09:55:00"
IOP,0.00028253,"2017-11-17 10:00:00"
IOP,0.000282,"2017-11-17 10:05:00"
IOP,0.000282,"2017-11-17 10:10:00"
IOP,0.00028049,"2017-11-17 10:15:00"
IOP,0.00028049,"2017-11-17 10:20:00"
IOP,0.00028049,"2017-11-17 10:25:00"
IOP,0.00028049,"2017-11-17 10:30:00"
IOP,0.00028049,"2017-11-17 10:35:00"
IOP,0.00028049,"2017-11-17 10:40:00"
IOP,0.00028,"2017-11-17 10:45:00"
IOP,0.00028028,"2017-11-17 10:50:00"
IOP,0.00027841,"2017-11-17 10:55:00"
IOP,0.00027998,"2017-11-17 11:00:00"
IOP,0.00028192,"2017-11-17 11:05:00"
IOP,0.00027841,"2017-11-17 11:10:00"
IOP,0.00027632,"2017-11-17 11:15:00"
IOP,0.00027632,"2017-11-17 11:20:00"
IOP,0.00027841,"2017-11-17 11:25:00"
IOP,0.00027841,"2017-11-17 11:30:00"
IOP,0.000279,"2017-11-17 11:35:00"
IOP,0.000279,"2017-11-17 11:40:00"
IOP,0.00028,"2017-11-17 11:45:00"
IOP,0.00027645,"2017-11-17 11:50:00"
IOP,0.00027635,"2017-11-17 11:55:00"
IOP,0.00027643,"2017-11-17 12:00:00"
IOP,0.00027632,"2017-11-17 12:05:00"
IOP,0.00027635,"2017-11-17 12:10:00"
IOP,0.00027633,"2017-11-17 12:15:00"
IOP,0.00027633,"2017-11-17 12:20:00"
IOP,0.00027633,"2017-11-17 12:25:00"
IOP,0.00027633,"2017-11-17 12:30:00"
IOP,0.00027631,"2017-11-17 12:35:00"
IOP,0.00027631,"2017-11-17 12:40:00"
IOP,0.00027631,"2017-11-17 12:45:00"
IOP,0.00027632,"2017-11-17 12:50:00"
IOP,0.00027632,"2017-11-17 12:55:00"
IOP,0.00027632,"2017-11-17 13:00:00"
IOP,0.0002792,"2017-11-17 13:05:00"
IOP,0.0002772,"2017-11-17 13:10:00"
IOP,0.000277,"2017-11-17 13:15:00"
IOP,0.0002772,"2017-11-17 13:20:00"
IOP,0.00027632,"2017-11-17 13:25:00"
IOP,0.00027632,"2017-11-17 13:30:00"
IOP,0.00027631,"2017-11-17 13:35:00"
IOP,0.00027631,"2017-11-17 13:40:00"
IOP,0.00027633,"2017-11-17 13:45:00"
IOP,0.00027633,"2017-11-17 13:50:00"
IOP,0.00026779,"2017-11-17 13:55:00"
IOP,0.00027439,"2017-11-17 14:00:00"
IOP,0.00027466,"2017-11-17 14:05:00"
IOP,0.00027466,"2017-11-17 14:10:00"
IOP,0.000275,"2017-11-17 14:15:00"
IOP,0.000275,"2017-11-17 14:20:00"
IOP,0.000276,"2017-11-17 14:25:00"
IOP,0.00027245,"2017-11-17 14:30:00"
IOP,0.00027245,"2017-11-17 14:35:00"
IOP,0.00027645,"2017-11-17 14:40:00"
IOP,0.00027944,"2017-11-17 14:45:00"
IOP,0.00027235,"2017-11-17 14:50:00"
IOP,0.00027235,"2017-11-17 14:55:00"
IOP,0.00028041,"2017-11-17 15:00:00"
IOP,0.00028041,"2017-11-17 15:05:00"
IOP,0.00027235,"2017-11-17 15:10:00"
IOP,0.00028199,"2017-11-17 15:15:00"
IOP,0.00027553,"2017-11-17 15:20:00"
IOP,0.00027521,"2017-11-17 15:25:00"
IOP,0.00028005,"2017-11-17 15:30:00"
IOP,0.00027623,"2017-11-17 15:35:00"
IOP,0.00027623,"2017-11-17 15:40:00"
IOP,0.00027629,"2017-11-17 15:45:00"
IOP,0.00027656,"2017-11-17 15:50:00"
IOP,0.00027656,"2017-11-17 15:55:00"
IOP,0.00027656,"2017-11-17 16:00:00"
IOP,0.00027644,"2017-11-17 16:05:00"
IOP,0.00027189,"2017-11-17 16:10:00"
IOP,0.00027185,"2017-11-17 16:15:00"
IOP,0.0002764,"2017-11-17 16:20:00"
IOP,0.0002764,"2017-11-17 16:25:00"
IOP,0.0002759,"2017-11-17 16:30:00"
IOP,0.00027241,"2017-11-17 16:35:00"
IOP,0.0002763,"2017-11-17 16:40:00"
IOP,0.00027619,"2017-11-17 16:45:00"
IOP,0.00027191,"2017-11-17 16:50:00"
IOP,0.00027137,"2017-11-17 16:55:00"
IOP,0.00027516,"2017-11-17 17:00:00"
IOP,0.00027204,"2017-11-17 17:05:00"
IOP,0.00027204,"2017-11-17 17:10:00"
IOP,0.00027228,"2017-11-17 17:15:00"
IOP,0.00027204,"2017-11-17 17:20:00"
IOP,0.00027001,"2017-11-17 17:25:00"
IOP,0.00026849,"2017-11-17 17:30:00"
IOP,0.00027024,"2017-11-17 17:35:00"
IOP,0.00026636,"2017-11-17 17:40:00"
IOP,0.00026,"2017-11-17 17:45:00"
IOP,0.00026803,"2017-11-17 17:50:00"
IOP,0.00027007,"2017-11-17 17:55:00"
IOP,0.00025882,"2017-11-17 18:00:00"
IOP,0.00026786,"2017-11-17 18:05:00"
IOP,0.00026777,"2017-11-17 18:10:00"
IOP,0.00026811,"2017-11-17 18:15:00"
IOP,0.00026502,"2017-11-17 18:20:00"
IOP,0.00026794,"2017-11-17 18:25:00"
IOP,0.00026507,"2017-11-17 18:30:00"
IOP,0.00026852,"2017-11-17 18:35:00"
IOP,0.00027,"2017-11-17 18:40:00"
IOP,0.00027123,"2017-11-17 18:45:00"
IOP,0.00027015,"2017-11-17 18:50:00"
IOP,0.00027194,"2017-11-17 18:55:00"
IOP,0.00027194,"2017-11-17 19:00:00"
IOP,0.00027191,"2017-11-17 19:05:00"
IOP,0.00027191,"2017-11-17 19:10:00"
IOP,0.00027194,"2017-11-17 19:15:00"
IOP,0.00027222,"2017-11-17 19:20:00"
IOP,0.00027222,"2017-11-17 19:25:00"
IOP,0.00027222,"2017-11-17 19:30:00"
IOP,0.0002716,"2017-11-17 19:35:00"
IOP,0.00027001,"2017-11-17 19:40:00"
IOP,0.00027,"2017-11-17 19:45:00"
IOP,0.00027,"2017-11-17 19:50:00"
IOP,0.0002715,"2017-11-17 19:55:00"
IOP,0.00027,"2017-11-17 20:00:00"
IOP,0.00026999,"2017-11-17 20:05:00"
IOP,0.00027455,"2017-11-17 20:10:00"
IOP,0.000275,"2017-11-17 20:15:00"
IOP,0.00027177,"2017-11-17 20:20:00"
IOP,0.00026929,"2017-11-17 20:25:00"
IOP,0.00026618,"2017-11-17 20:30:00"
IOP,0.00026618,"2017-11-17 20:35:00"
IOP,0.00027236,"2017-11-17 20:40:00"
IOP,0.00027055,"2017-11-17 20:45:00"
IOP,0.00027055,"2017-11-17 20:50:00"
IOP,0.0002717,"2017-11-17 20:55:00"
IOP,0.00027082,"2017-11-17 21:00:00"
IOP,0.00027322,"2017-11-17 21:05:00"
IOP,0.00027081,"2017-11-17 21:10:00"
IOP,0.00027262,"2017-11-17 21:15:00"
IOP,0.00027108,"2017-11-17 21:20:00"
IOP,0.00027108,"2017-11-17 21:25:00"
IOP,0.00027108,"2017-11-17 21:30:00"
IOP,0.00027108,"2017-11-17 21:35:00"
IOP,0.00027108,"2017-11-17 21:40:00"
IOP,0.00027254,"2017-11-17 21:45:00"
IOP,0.00027374,"2017-11-17 21:50:00"
IOP,0.00027644,"2017-11-17 21:55:00"
IOP,0.00027644,"2017-11-17 22:00:00"
IOP,0.00027644,"2017-11-17 22:05:00"
IOP,0.00027301,"2017-11-17 22:10:00"
IOP,0.00027725,"2017-11-17 22:15:00"
IOP,0.00027725,"2017-11-17 22:20:00"
IOP,0.00027725,"2017-11-17 22:25:00"
IOP,0.00027725,"2017-11-17 22:30:00"
IOP,0.00027725,"2017-11-17 22:35:00"
IOP,0.0002737,"2017-11-17 22:40:00"
IOP,0.000273,"2017-11-17 22:45:00"
IOP,0.00027301,"2017-11-17 22:50:00"
IOP,0.000273,"2017-11-17 22:55:00"
IOP,0.00027603,"2017-11-17 23:00:00"
IOP,0.00027588,"2017-11-17 23:05:00"
IOP,0.0002759,"2017-11-17 23:10:00"
IOP,0.0002759,"2017-11-17 23:15:00"
IOP,0.00027306,"2017-11-17 23:20:00"
IOP,0.000273,"2017-11-17 23:25:00"
IOP,0.000273,"2017-11-17 23:30:00"
IOP,0.000273,"2017-11-17 23:35:00"
IOP,0.000273,"2017-11-17 23:40:00"
IOP,0.000273,"2017-11-17 23:45:00"
IOP,0.00027109,"2017-11-17 23:50:00"
IOP,0.00027109,"2017-11-17 23:55:00"
IOP,0.00027109,"2017-11-18 00:00:00"
IOP,0.00027109,"2017-11-18 00:05:00"
IOP,0.0002668,"2017-11-18 00:10:00"
IOP,0.00026683,"2017-11-18 00:15:00"
IOP,0.00026683,"2017-11-18 00:20:00"
IOP,0.00026683,"2017-11-18 00:25:00"
IOP,0.00026605,"2017-11-18 00:30:00"
IOP,0.00026683,"2017-11-18 00:35:00"
IOP,0.00026683,"2017-11-18 00:40:00"
IOP,0.0002709,"2017-11-18 00:45:00"
IOP,0.0002711,"2017-11-18 00:50:00"
IOP,0.00027193,"2017-11-18 00:55:00"
IOP,0.00027193,"2017-11-18 01:00:00"
IOP,0.00027193,"2017-11-18 01:05:00"
IOP,0.00027454,"2017-11-18 01:10:00"
IOP,0.00027507,"2017-11-18 01:15:00"
IOP,0.00027507,"2017-11-18 01:20:00"
IOP,0.0002677,"2017-11-18 01:25:00"
IOP,0.00027223,"2017-11-18 01:30:00"
IOP,0.00027223,"2017-11-18 01:35:00"
IOP,0.00027225,"2017-11-18 01:40:00"
IOP,0.00027225,"2017-11-18 01:45:00"
IOP,0.00027223,"2017-11-18 01:50:00"
IOP,0.00026806,"2017-11-18 01:55:00"
IOP,0.00026585,"2017-11-18 02:00:00"
IOP,0.00026514,"2017-11-18 02:05:00"
IOP,0.00026997,"2017-11-18 02:10:00"
IOP,0.00027182,"2017-11-18 02:15:00"
IOP,0.00027182,"2017-11-18 02:20:00"
IOP,0.00027182,"2017-11-18 02:25:00"
IOP,0.00026992,"2017-11-18 02:30:00"
IOP,0.00027223,"2017-11-18 02:35:00"
IOP,0.00027223,"2017-11-18 02:40:00"
IOP,0.00027231,"2017-11-18 02:45:00"
IOP,0.00027231,"2017-11-18 02:50:00"
IOP,0.00027231,"2017-11-18 02:55:00"
IOP,0.00027507,"2017-11-18 03:00:00"
IOP,0.0002723,"2017-11-18 03:05:00"
IOP,0.0002723,"2017-11-18 03:10:00"
IOP,0.00026865,"2017-11-18 03:15:00"
IOP,0.00027434,"2017-11-18 03:20:00"
IOP,0.0002742,"2017-11-18 03:25:00"
IOP,0.0002742,"2017-11-18 03:30:00"
IOP,0.0002747,"2017-11-18 03:35:00"
IOP,0.00027471,"2017-11-18 03:40:00"
IOP,0.0002747,"2017-11-18 03:45:00"
IOP,0.0002747,"2017-11-18 03:50:00"
IOP,0.0002747,"2017-11-18 03:55:00"
IOP,0.000273,"2017-11-18 04:00:00"
IOP,0.000273,"2017-11-18 04:05:00"
IOP,0.00027213,"2017-11-18 04:10:00"
IOP,0.00027213,"2017-11-18 04:15:00"
IOP,0.00027213,"2017-11-18 04:20:00"
IOP,0.00026568,"2017-11-18 04:25:00"
IOP,0.00026568,"2017-11-18 04:30:00"
IOP,0.00026568,"2017-11-18 04:35:00"
IOP,0.00027383,"2017-11-18 04:40:00"
IOP,0.00027383,"2017-11-18 04:45:00"
IOP,0.00027383,"2017-11-18 04:50:00"
IOP,0.00027383,"2017-11-18 04:55:00"
IOP,0.00027,"2017-11-18 05:00:00"
IOP,0.00026506,"2017-11-18 05:05:00"
IOP,0.00026771,"2017-11-18 05:10:00"
IOP,0.00026963,"2017-11-18 05:15:00"
IOP,0.00026963,"2017-11-18 05:20:00"
IOP,0.00026963,"2017-11-18 05:25:00"
IOP,0.00026963,"2017-11-18 05:30:00"
IOP,0.00026963,"2017-11-18 05:35:00"
IOP,0.00027,"2017-11-18 05:40:00"
IOP,0.00027,"2017-11-18 05:45:00"
IOP,0.000268,"2017-11-18 05:50:00"
IOP,0.00026902,"2017-11-18 05:55:00"
IOP,0.00026902,"2017-11-18 06:00:00"
IOP,0.00026902,"2017-11-18 06:05:00"
IOP,0.00027142,"2017-11-18 06:10:00"
IOP,0.00027184,"2017-11-18 06:15:00"
IOP,0.00027183,"2017-11-18 06:20:00"
IOP,0.00027183,"2017-11-18 06:25:00"
IOP,0.00027183,"2017-11-18 06:30:00"
IOP,0.00027183,"2017-11-18 06:35:00"
IOP,0.00027183,"2017-11-18 06:40:00"
IOP,0.00027183,"2017-11-18 06:45:00"
IOP,0.00026677,"2017-11-18 06:50:00"
IOP,0.00026263,"2017-11-18 06:55:00"
IOP,0.00026966,"2017-11-18 07:00:00"
IOP,0.00026509,"2017-11-18 07:05:00"
IOP,0.00026854,"2017-11-18 07:10:00"
IOP,0.00026854,"2017-11-18 07:15:00"
IOP,0.00026515,"2017-11-18 07:20:00"
IOP,0.00026514,"2017-11-18 07:25:00"
IOP,0.00026514,"2017-11-18 07:30:00"
IOP,0.00026514,"2017-11-18 07:35:00"
IOP,0.00026514,"2017-11-18 07:40:00"
IOP,0.00026461,"2017-11-18 07:45:00"
IOP,0.00026444,"2017-11-18 07:50:00"
IOP,0.00026216,"2017-11-18 07:55:00"
IOP,0.00026216,"2017-11-18 08:00:00"
IOP,0.00026218,"2017-11-18 08:05:00"
IOP,0.000262,"2017-11-18 08:10:00"
IOP,0.00026218,"2017-11-18 08:15:00"
IOP,0.00026434,"2017-11-18 08:20:00"
IOP,0.00026434,"2017-11-18 08:25:00"
IOP,0.00026448,"2017-11-18 08:30:00"
IOP,0.00026844,"2017-11-18 08:35:00"
IOP,0.00026853,"2017-11-18 08:40:00"
IOP,0.0002698,"2017-11-18 08:45:00"
IOP,0.00026995,"2017-11-18 08:50:00"
IOP,0.00027136,"2017-11-18 08:55:00"
IOP,0.00026854,"2017-11-18 09:00:00"
IOP,0.00026863,"2017-11-18 09:05:00"
IOP,0.00026854,"2017-11-18 09:10:00"
IOP,0.00026992,"2017-11-18 09:15:00"
IOP,0.00026997,"2017-11-18 09:20:00"
IOP,0.00026904,"2017-11-18 09:25:00"
IOP,0.00026904,"2017-11-18 09:30:00"
IOP,0.00026555,"2017-11-18 09:35:00"
IOP,0.00026559,"2017-11-18 09:40:00"
IOP,0.00026555,"2017-11-18 09:45:00"
IOP,0.00026434,"2017-11-18 09:50:00"
IOP,0.00026559,"2017-11-18 09:55:00"
IOP,0.00026546,"2017-11-18 10:00:00"
IOP,0.00026548,"2017-11-18 10:05:00"
IOP,0.00026547,"2017-11-18 10:10:00"
IOP,0.00026526,"2017-11-18 10:15:00"
IOP,0.00026123,"2017-11-18 10:20:00"
IOP,0.00026472,"2017-11-18 10:25:00"
IOP,0.00026521,"2017-11-18 10:30:00"
IOP,0.00026521,"2017-11-18 10:35:00"
IOP,0.00026513,"2017-11-18 10:40:00"
IOP,0.000264,"2017-11-18 10:45:00"
IOP,0.00026167,"2017-11-18 10:50:00"
IOP,0.00026187,"2017-11-18 10:55:00"
IOP,0.00026123,"2017-11-18 11:00:00"
IOP,0.00026422,"2017-11-18 11:05:00"
IOP,0.00026676,"2017-11-18 11:10:00"
IOP,0.00026776,"2017-11-18 11:15:00"
IOP,0.000268,"2017-11-18 11:20:00"
IOP,0.000268,"2017-11-18 11:25:00"
IOP,0.00026874,"2017-11-18 11:30:00"
IOP,0.000268,"2017-11-18 11:35:00"
IOP,0.000267,"2017-11-18 11:40:00"
IOP,0.00026818,"2017-11-18 11:45:00"
IOP,0.000267,"2017-11-18 11:50:00"
IOP,0.000267,"2017-11-18 11:55:00"
IOP,0.00026343,"2017-11-18 12:00:00"
IOP,0.00026343,"2017-11-18 12:05:00"
IOP,0.0002644,"2017-11-18 12:10:00"
IOP,0.00026412,"2017-11-18 12:15:00"
IOP,0.00026394,"2017-11-18 12:20:00"
IOP,0.0002595,"2017-11-18 12:25:00"
IOP,0.0002595,"2017-11-18 12:30:00"
IOP,0.0002595,"2017-11-18 12:35:00"
IOP,0.00026224,"2017-11-18 12:40:00"
IOP,0.00026465,"2017-11-18 12:45:00"
IOP,0.00026465,"2017-11-18 12:50:00"
IOP,0.00026465,"2017-11-18 12:55:00"
IOP,0.00025969,"2017-11-18 13:00:00"
IOP,0.000261,"2017-11-18 13:05:00"
IOP,0.000261,"2017-11-18 13:10:00"
IOP,0.00026666,"2017-11-18 13:15:00"
IOP,0.00026014,"2017-11-18 13:20:00"
IOP,0.00026014,"2017-11-18 13:25:00"
IOP,0.00026033,"2017-11-18 13:30:00"
IOP,0.00026166,"2017-11-18 13:35:00"
IOP,0.00026038,"2017-11-18 13:40:00"
IOP,0.00026289,"2017-11-18 13:45:00"
IOP,0.00026466,"2017-11-18 13:50:00"
IOP,0.00026301,"2017-11-18 13:55:00"
IOP,0.0002659,"2017-11-18 14:00:00"
IOP,0.00026297,"2017-11-18 14:05:00"
IOP,0.00026042,"2017-11-18 14:10:00"
IOP,0.00026256,"2017-11-18 14:15:00"
IOP,0.00026256,"2017-11-18 14:20:00"
IOP,0.00026431,"2017-11-18 14:25:00"
IOP,0.00026351,"2017-11-18 14:30:00"
IOP,0.00026351,"2017-11-18 14:35:00"
IOP,0.00026351,"2017-11-18 14:40:00"
IOP,0.00026662,"2017-11-18 14:45:00"
IOP,0.00026662,"2017-11-18 14:50:00"
IOP,0.00026662,"2017-11-18 14:55:00"
IOP,0.00026351,"2017-11-18 15:00:00"
IOP,0.00026659,"2017-11-18 15:05:00"
IOP,0.00026661,"2017-11-18 15:10:00"
IOP,0.00026661,"2017-11-18 15:15:00"
IOP,0.00026401,"2017-11-18 15:20:00"
IOP,0.00026662,"2017-11-18 15:25:00"
IOP,0.00026657,"2017-11-18 15:30:00"
IOP,0.00026662,"2017-11-18 15:35:00"
IOP,0.00026662,"2017-11-18 15:40:00"
IOP,0.00026662,"2017-11-18 15:45:00"
IOP,0.00026662,"2017-11-18 15:50:00"
IOP,0.00026595,"2017-11-18 15:55:00"
IOP,0.000265,"2017-11-18 16:00:00"
IOP,0.00026594,"2017-11-18 16:05:00"
IOP,0.00026362,"2017-11-18 16:10:00"
IOP,0.000265,"2017-11-18 16:15:00"
IOP,0.000265,"2017-11-18 16:20:00"
IOP,0.00026736,"2017-11-18 16:25:00"
IOP,0.00026604,"2017-11-18 16:30:00"
IOP,0.0002661,"2017-11-18 16:35:00"
IOP,0.0002661,"2017-11-18 16:40:00"
IOP,0.00026857,"2017-11-18 16:45:00"
IOP,0.00026853,"2017-11-18 16:50:00"
IOP,0.00026936,"2017-11-18 16:55:00"
IOP,0.00026935,"2017-11-18 17:00:00"
IOP,0.00026869,"2017-11-18 17:05:00"
IOP,0.0002687,"2017-11-18 17:10:00"
IOP,0.00026959,"2017-11-18 17:15:00"
IOP,0.00027507,"2017-11-18 17:20:00"
IOP,0.00027494,"2017-11-18 17:25:00"
IOP,0.00027585,"2017-11-18 17:30:00"
IOP,0.000275,"2017-11-18 17:35:00"
IOP,0.00027584,"2017-11-18 17:40:00"
IOP,0.00027584,"2017-11-18 17:45:00"
IOP,0.00027717,"2017-11-18 17:50:00"
IOP,0.00027495,"2017-11-18 17:55:00"
IOP,0.000274,"2017-11-18 18:00:00"
IOP,0.00027193,"2017-11-18 18:05:00"
IOP,0.00027174,"2017-11-18 18:10:00"
IOP,0.000271,"2017-11-18 18:15:00"
IOP,0.00027094,"2017-11-18 18:20:00"
IOP,0.0002736,"2017-11-18 18:25:00"
IOP,0.00027397,"2017-11-18 18:30:00"
IOP,0.0002718,"2017-11-18 18:35:00"
IOP,0.0002718,"2017-11-18 18:40:00"
IOP,0.0002718,"2017-11-18 18:45:00"
IOP,0.00027202,"2017-11-18 18:50:00"
IOP,0.00027186,"2017-11-18 18:55:00"
IOP,0.00027186,"2017-11-18 19:00:00"
IOP,0.00027186,"2017-11-18 19:05:00"
IOP,0.00027343,"2017-11-18 19:10:00"
IOP,0.00027311,"2017-11-18 19:15:00"
IOP,0.00027051,"2017-11-18 19:20:00"
IOP,0.00027051,"2017-11-18 19:25:00"
IOP,0.00027051,"2017-11-18 19:30:00"
IOP,0.000265,"2017-11-18 19:35:00"
IOP,0.00026504,"2017-11-18 19:40:00"
IOP,0.000268,"2017-11-18 19:45:00"
IOP,0.000268,"2017-11-18 19:50:00"
IOP,0.00026818,"2017-11-18 19:55:00"
IOP,0.00026818,"2017-11-18 20:00:00"
IOP,0.00026815,"2017-11-18 20:05:00"
IOP,0.00026687,"2017-11-18 20:10:00"
IOP,0.00026687,"2017-11-18 20:15:00"
IOP,0.00026998,"2017-11-18 20:20:00"
IOP,0.00026688,"2017-11-18 20:25:00"
IOP,0.00026688,"2017-11-18 20:30:00"
IOP,0.00026,"2017-11-18 20:35:00"
IOP,0.00026149,"2017-11-18 20:40:00"
IOP,0.00026265,"2017-11-18 20:45:00"
IOP,0.00026265,"2017-11-18 20:50:00"
IOP,0.00026265,"2017-11-18 20:55:00"
IOP,0.00026265,"2017-11-18 21:00:00"
IOP,0.00026265,"2017-11-18 21:05:00"
IOP,0.00026265,"2017-11-18 21:10:00"
IOP,0.00026265,"2017-11-18 21:15:00"
IOP,0.00026265,"2017-11-18 21:20:00"
IOP,0.00026229,"2017-11-18 21:25:00"
IOP,0.00026504,"2017-11-18 21:30:00"
IOP,0.00026485,"2017-11-18 21:35:00"
IOP,0.00026558,"2017-11-18 21:40:00"
IOP,0.00026583,"2017-11-18 21:45:00"
IOP,0.00026573,"2017-11-18 21:50:00"
IOP,0.00026734,"2017-11-18 21:55:00"
IOP,0.00026734,"2017-11-18 22:00:00"
IOP,0.00026738,"2017-11-18 22:05:00"
IOP,0.00026779,"2017-11-18 22:10:00"
IOP,0.000267,"2017-11-18 22:15:00"
IOP,0.000267,"2017-11-18 22:20:00"
IOP,0.000267,"2017-11-18 22:25:00"
IOP,0.00026,"2017-11-18 22:30:00"
IOP,0.00025958,"2017-11-18 22:35:00"
IOP,0.00026,"2017-11-18 22:40:00"
IOP,0.00026217,"2017-11-18 22:45:00"
IOP,0.00026217,"2017-11-18 22:50:00"
IOP,0.00026217,"2017-11-18 22:55:00"
IOP,0.00026228,"2017-11-18 23:00:00"
IOP,0.00026219,"2017-11-18 23:05:00"
IOP,0.00026219,"2017-11-18 23:10:00"
IOP,0.00026219,"2017-11-18 23:15:00"
IOP,0.00026219,"2017-11-18 23:20:00"
IOP,0.00026219,"2017-11-18 23:25:00"
IOP,0.00026375,"2017-11-18 23:30:00"
IOP,0.00026614,"2017-11-18 23:35:00"
IOP,0.00026763,"2017-11-18 23:40:00"
IOP,0.00026763,"2017-11-18 23:45:00"
IOP,0.00026763,"2017-11-18 23:50:00"
IOP,0.00026599,"2017-11-18 23:55:00"
IOP,0.00026599,"2017-11-19 00:00:00"
IOP,0.00026599,"2017-11-19 00:05:00"
IOP,0.0002667,"2017-11-19 00:10:00"
IOP,0.00026798,"2017-11-19 00:15:00"
IOP,0.00026599,"2017-11-19 00:20:00"
IOP,0.00026528,"2017-11-19 00:25:00"
IOP,0.00026963,"2017-11-19 00:30:00"
IOP,0.000266,"2017-11-19 00:35:00"
IOP,0.000266,"2017-11-19 00:40:00"
IOP,0.00026605,"2017-11-19 00:45:00"
IOP,0.00026605,"2017-11-19 00:50:00"
IOP,0.00027132,"2017-11-19 00:55:00"
IOP,0.00026996,"2017-11-19 01:00:00"
IOP,0.00026615,"2017-11-19 01:05:00"
IOP,0.00026615,"2017-11-19 01:10:00"
IOP,0.00026615,"2017-11-19 01:15:00"
IOP,0.00027036,"2017-11-19 01:20:00"
IOP,0.00027036,"2017-11-19 01:25:00"
IOP,0.00026889,"2017-11-19 01:30:00"
IOP,0.00026889,"2017-11-19 01:35:00"
IOP,0.00026839,"2017-11-19 01:40:00"
IOP,0.0002683,"2017-11-19 01:45:00"
IOP,0.0002683,"2017-11-19 01:50:00"
IOP,0.0002683,"2017-11-19 01:55:00"
IOP,0.00027184,"2017-11-19 02:00:00"
IOP,0.00027174,"2017-11-19 02:05:00"
IOP,0.00027168,"2017-11-19 02:10:00"
IOP,0.00027833,"2017-11-19 02:15:00"
IOP,0.00027778,"2017-11-19 02:20:00"
IOP,0.00027778,"2017-11-19 02:25:00"
IOP,0.0002796,"2017-11-19 02:30:00"
IOP,0.00029114,"2017-11-19 02:35:00"
IOP,0.00028489,"2017-11-19 02:40:00"
IOP,0.00029555,"2017-11-19 02:45:00"
IOP,0.00029451,"2017-11-19 02:50:00"
IOP,0.00028802,"2017-11-19 02:55:00"
IOP,0.000287,"2017-11-19 03:00:00"
IOP,0.00028073,"2017-11-19 03:05:00"
IOP,0.0002806,"2017-11-19 03:10:00"
IOP,0.00028071,"2017-11-19 03:15:00"
IOP,0.00028071,"2017-11-19 03:20:00"
IOP,0.00028071,"2017-11-19 03:25:00"
IOP,0.00027801,"2017-11-19 03:30:00"
IOP,0.00027811,"2017-11-19 03:35:00"
IOP,0.00027811,"2017-11-19 03:40:00"
IOP,0.00027698,"2017-11-19 03:45:00"
IOP,0.00027809,"2017-11-19 03:50:00"
IOP,0.0002769,"2017-11-19 03:55:00"
IOP,0.0002781,"2017-11-19 04:00:00"
IOP,0.00027811,"2017-11-19 04:05:00"
IOP,0.00027831,"2017-11-19 04:10:00"
IOP,0.00027534,"2017-11-19 04:15:00"
IOP,0.00027825,"2017-11-19 04:20:00"
IOP,0.00028147,"2017-11-19 04:25:00"
IOP,0.00027929,"2017-11-19 04:30:00"
IOP,0.00027929,"2017-11-19 04:35:00"
IOP,0.00027702,"2017-11-19 04:40:00"
IOP,0.000277,"2017-11-19 04:45:00"
IOP,0.00027999,"2017-11-19 04:50:00"
IOP,0.00028,"2017-11-19 04:55:00"
IOP,0.00028144,"2017-11-19 05:00:00"
IOP,0.00028152,"2017-11-19 05:05:00"
IOP,0.00028154,"2017-11-19 05:10:00"
IOP,0.000278,"2017-11-19 05:15:00"
IOP,0.00027789,"2017-11-19 05:20:00"
IOP,0.00028275,"2017-11-19 05:25:00"
IOP,0.00028136,"2017-11-19 05:30:00"
IOP,0.00028112,"2017-11-19 05:35:00"
IOP,0.00028123,"2017-11-19 05:40:00"
IOP,0.00028551,"2017-11-19 05:45:00"
IOP,0.00028552,"2017-11-19 05:50:00"
IOP,0.00028552,"2017-11-19 05:55:00"
IOP,0.00028529,"2017-11-19 06:00:00"
IOP,0.00028271,"2017-11-19 06:05:00"
IOP,0.00028126,"2017-11-19 06:10:00"
IOP,0.00028142,"2017-11-19 06:15:00"
IOP,0.00028552,"2017-11-19 06:20:00"
IOP,0.00028552,"2017-11-19 06:25:00"
IOP,0.00028566,"2017-11-19 06:30:00"
IOP,0.00028566,"2017-11-19 06:35:00"
IOP,0.00028566,"2017-11-19 06:40:00"
IOP,0.00028566,"2017-11-19 06:45:00"
IOP,0.00028574,"2017-11-19 06:50:00"
IOP,0.00028574,"2017-11-19 06:55:00"
IOP,0.00028983,"2017-11-19 07:00:00"
IOP,0.00028975,"2017-11-19 07:05:00"
IOP,0.00029227,"2017-11-19 07:10:00"
IOP,0.00029519,"2017-11-19 07:15:00"
IOP,0.00029506,"2017-11-19 07:20:00"
IOP,0.00029501,"2017-11-19 07:25:00"
IOP,0.0002966,"2017-11-19 07:30:00"
IOP,0.00029535,"2017-11-19 07:35:00"
IOP,0.00029535,"2017-11-19 07:40:00"
IOP,0.00031295,"2017-11-19 07:45:00"
IOP,0.00032429,"2017-11-19 07:50:00"
IOP,0.00031098,"2017-11-19 07:55:00"
IOP,0.00031898,"2017-11-19 08:00:00"
IOP,0.00031404,"2017-11-19 08:05:00"
IOP,0.00031644,"2017-11-19 08:10:00"
IOP,0.0003093,"2017-11-19 08:15:00"
IOP,0.00030642,"2017-11-19 08:20:00"
IOP,0.00031636,"2017-11-19 08:25:00"
IOP,0.00032239,"2017-11-19 08:30:00"
IOP,0.000311,"2017-11-19 08:35:00"
IOP,0.00030755,"2017-11-19 08:40:00"
IOP,0.00031,"2017-11-19 08:45:00"
IOP,0.00031,"2017-11-19 08:50:00"
IOP,0.0003,"2017-11-19 08:55:00"
IOP,0.00029863,"2017-11-19 09:00:00"
IOP,0.00030696,"2017-11-19 09:05:00"
IOP,0.000312,"2017-11-19 09:10:00"
IOP,0.00031,"2017-11-19 09:15:00"
IOP,0.00030495,"2017-11-19 09:20:00"
IOP,0.00030766,"2017-11-19 09:25:00"
IOP,0.00030575,"2017-11-19 09:30:00"
IOP,0.0003057,"2017-11-19 09:35:00"
IOP,0.00030112,"2017-11-19 09:40:00"
IOP,0.00029995,"2017-11-19 09:45:00"
IOP,0.00029995,"2017-11-19 09:50:00"
IOP,0.00030366,"2017-11-19 09:55:00"
IOP,0.00030501,"2017-11-19 10:00:00"
IOP,0.00030475,"2017-11-19 10:05:00"
IOP,0.0003047,"2017-11-19 10:10:00"
IOP,0.00030469,"2017-11-19 10:15:00"
IOP,0.00030473,"2017-11-19 10:20:00"
IOP,0.00030473,"2017-11-19 10:25:00"
IOP,0.00030256,"2017-11-19 10:30:00"
IOP,0.00030395,"2017-11-19 10:35:00"
IOP,0.0003039,"2017-11-19 10:40:00"
IOP,0.0003039,"2017-11-19 10:45:00"
IOP,0.00030195,"2017-11-19 10:50:00"
IOP,0.00030393,"2017-11-19 10:55:00"
IOP,0.00030506,"2017-11-19 11:00:00"
IOP,0.00031926,"2017-11-19 11:05:00"
IOP,0.0003199,"2017-11-19 11:10:00"
IOP,0.00031555,"2017-11-19 11:15:00"
IOP,0.00031555,"2017-11-19 11:20:00"
IOP,0.000311,"2017-11-19 11:25:00"
IOP,0.00030634,"2017-11-19 11:30:00"
IOP,0.00030775,"2017-11-19 11:35:00"
IOP,0.00030796,"2017-11-19 11:40:00"
IOP,0.0003043,"2017-11-19 11:45:00"
IOP,0.00030418,"2017-11-19 11:50:00"
IOP,0.00030875,"2017-11-19 11:55:00"
IOP,0.00030762,"2017-11-19 12:00:00"
IOP,0.00030523,"2017-11-19 12:05:00"
IOP,0.00030372,"2017-11-19 12:10:00"
IOP,0.00030875,"2017-11-19 12:15:00"
IOP,0.00030871,"2017-11-19 12:20:00"
IOP,0.0003121,"2017-11-19 12:25:00"
IOP,0.00031506,"2017-11-19 12:30:00"
IOP,0.00031001,"2017-11-19 12:35:00"
IOP,0.00031573,"2017-11-19 12:40:00"
IOP,0.00030895,"2017-11-19 12:45:00"
IOP,0.0003122,"2017-11-19 12:50:00"
IOP,0.000313,"2017-11-19 12:55:00"
IOP,0.0003109,"2017-11-19 13:00:00"
IOP,0.00030805,"2017-11-19 13:05:00"
IOP,0.00031191,"2017-11-19 13:10:00"
IOP,0.000308,"2017-11-19 13:15:00"
IOP,0.00030801,"2017-11-19 13:20:00"
IOP,0.00031171,"2017-11-19 13:25:00"
IOP,0.00031171,"2017-11-19 13:30:00"
IOP,0.00031171,"2017-11-19 13:35:00"
IOP,0.00031126,"2017-11-19 13:40:00"
IOP,0.0003095,"2017-11-19 13:45:00"
IOP,0.000305,"2017-11-19 13:50:00"
IOP,0.0003012,"2017-11-19 13:55:00"
IOP,0.0002967,"2017-11-19 14:00:00"
IOP,0.00029489,"2017-11-19 14:05:00"
IOP,0.00029489,"2017-11-19 14:10:00"
IOP,0.00029622,"2017-11-19 14:15:00"
IOP,0.00028945,"2017-11-19 14:20:00"
IOP,0.00028951,"2017-11-19 14:25:00"
IOP,0.00029402,"2017-11-19 14:30:00"
IOP,0.0002965,"2017-11-19 14:35:00"
IOP,0.00029656,"2017-11-19 14:40:00"
IOP,0.00029733,"2017-11-19 14:45:00"
IOP,0.00029671,"2017-11-19 14:50:00"
IOP,0.0002951,"2017-11-19 14:55:00"
IOP,0.00029,"2017-11-19 15:00:00"
IOP,0.00029392,"2017-11-19 15:05:00"
IOP,0.00029072,"2017-11-19 15:10:00"
IOP,0.00029198,"2017-11-19 15:15:00"
IOP,0.000292,"2017-11-19 15:20:00"
IOP,0.0002925,"2017-11-19 15:25:00"
IOP,0.00028352,"2017-11-19 15:30:00"
IOP,0.000283,"2017-11-19 15:35:00"
IOP,0.000283,"2017-11-19 15:40:00"
IOP,0.00028489,"2017-11-19 15:45:00"
IOP,0.0002899,"2017-11-19 15:50:00"
IOP,0.00029222,"2017-11-19 15:55:00"
IOP,0.00028552,"2017-11-19 16:00:00"
IOP,0.00028987,"2017-11-19 16:05:00"
IOP,0.00028996,"2017-11-19 16:10:00"
IOP,0.00029178,"2017-11-19 16:15:00"
IOP,0.00029001,"2017-11-19 16:20:00"
IOP,0.00029003,"2017-11-19 16:25:00"
IOP,0.00029262,"2017-11-19 16:30:00"
IOP,0.000291,"2017-11-19 16:35:00"
IOP,0.00028841,"2017-11-19 16:40:00"
IOP,0.00028841,"2017-11-19 16:45:00"
IOP,0.00029098,"2017-11-19 16:50:00"
IOP,0.00028841,"2017-11-19 16:55:00"
IOP,0.000289,"2017-11-19 17:00:00"
IOP,0.00029155,"2017-11-19 17:05:00"
IOP,0.00029155,"2017-11-19 17:10:00"
IOP,0.00029147,"2017-11-19 17:15:00"
IOP,0.00029147,"2017-11-19 17:20:00"
IOP,0.00029,"2017-11-19 17:25:00"
IOP,0.00028941,"2017-11-19 17:30:00"
IOP,0.00029,"2017-11-19 17:35:00"
IOP,0.0002896,"2017-11-19 17:40:00"
IOP,0.00029808,"2017-11-19 17:45:00"
IOP,0.00031,"2017-11-19 17:50:00"
IOP,0.000322,"2017-11-19 17:55:00"
IOP,0.0003342,"2017-11-19 18:00:00"
IOP,0.000335,"2017-11-19 18:05:00"
IOP,0.00033015,"2017-11-19 18:10:00"
IOP,0.0003145,"2017-11-19 18:15:00"
IOP,0.000324,"2017-11-19 18:20:00"
IOP,0.0003154,"2017-11-19 18:25:00"
IOP,0.00030925,"2017-11-19 18:30:00"
IOP,0.000314,"2017-11-19 18:35:00"
IOP,0.00030321,"2017-11-19 18:40:00"
IOP,0.00030614,"2017-11-19 18:45:00"
IOP,0.0003003,"2017-11-19 18:50:00"
IOP,0.00030132,"2017-11-19 18:55:00"
IOP,0.00029939,"2017-11-19 19:00:00"
IOP,0.0002996,"2017-11-19 19:05:00"
IOP,0.000283,"2017-11-19 19:10:00"
IOP,0.00027996,"2017-11-19 19:15:00"
IOP,0.00028221,"2017-11-19 19:20:00"
IOP,0.00028745,"2017-11-19 19:25:00"
IOP,0.00029208,"2017-11-19 19:30:00"
IOP,0.00030589,"2017-11-19 19:35:00"
IOP,0.0003,"2017-11-19 19:40:00"
IOP,0.000305,"2017-11-19 19:45:00"
IOP,0.0003,"2017-11-19 19:50:00"
IOP,0.0003085,"2017-11-19 19:55:00"
IOP,0.00029999,"2017-11-19 20:00:00"
IOP,0.00030389,"2017-11-19 20:05:00"
IOP,0.00029544,"2017-11-19 20:10:00"
IOP,0.00029559,"2017-11-19 20:15:00"
IOP,0.00029931,"2017-11-19 20:20:00"
IOP,0.00029628,"2017-11-19 20:25:00"
IOP,0.00029959,"2017-11-19 20:30:00"
IOP,0.00029922,"2017-11-19 20:35:00"
IOP,0.00030503,"2017-11-19 20:40:00"
IOP,0.00030758,"2017-11-19 20:45:00"
IOP,0.00030426,"2017-11-19 20:50:00"
IOP,0.00030999,"2017-11-19 20:55:00"
IOP,0.00030777,"2017-11-19 21:00:00"
IOP,0.00030246,"2017-11-19 21:05:00"
IOP,0.00030085,"2017-11-19 21:10:00"
IOP,0.00029228,"2017-11-19 21:15:00"
IOP,0.0002892,"2017-11-19 21:20:00"
IOP,0.00029207,"2017-11-19 21:25:00"
IOP,0.00029,"2017-11-19 21:30:00"
IOP,0.00029,"2017-11-19 21:35:00"
IOP,0.00028894,"2017-11-19 21:40:00"
IOP,0.0002875,"2017-11-19 21:45:00"
IOP,0.00029452,"2017-11-19 21:50:00"
IOP,0.00029663,"2017-11-19 21:55:00"
IOP,0.0002931,"2017-11-19 22:00:00"
IOP,0.00029479,"2017-11-19 22:05:00"
IOP,0.00029478,"2017-11-19 22:10:00"
IOP,0.0002936,"2017-11-19 22:15:00"
IOP,0.00029133,"2017-11-19 22:20:00"
IOP,0.00028622,"2017-11-19 22:25:00"
IOP,0.00029,"2017-11-19 22:30:00"
IOP,0.00029316,"2017-11-19 22:35:00"
IOP,0.00029662,"2017-11-19 22:40:00"
IOP,0.00029585,"2017-11-19 22:45:00"
IOP,0.00029585,"2017-11-19 22:50:00"
IOP,0.00029479,"2017-11-19 22:55:00"
IOP,0.00029491,"2017-11-19 23:00:00"
IOP,0.00029585,"2017-11-19 23:05:00"
IOP,0.00029749,"2017-11-19 23:10:00"
IOP,0.00029807,"2017-11-19 23:15:00"
IOP,0.00030189,"2017-11-19 23:20:00"
IOP,0.00030584,"2017-11-19 23:25:00"
IOP,0.00030904,"2017-11-19 23:30:00"
IOP,0.00031,"2017-11-19 23:35:00"
IOP,0.00030281,"2017-11-19 23:40:00"
IOP,0.00029479,"2017-11-19 23:45:00"
IOP,0.00029487,"2017-11-19 23:50:00"
IOP,0.00029868,"2017-11-19 23:55:00"
IOP,0.00029878,"2017-11-20 00:00:00"
IOP,0.00030128,"2017-11-20 00:05:00"
IOP,0.0003012,"2017-11-20 00:10:00"
IOP,0.0003012,"2017-11-20 00:15:00"
IOP,0.00030321,"2017-11-20 00:20:00"
IOP,0.00031142,"2017-11-20 00:25:00"
IOP,0.00030652,"2017-11-20 00:30:00"
IOP,0.0003,"2017-11-20 00:35:00"
IOP,0.00029626,"2017-11-20 00:40:00"
IOP,0.0003004,"2017-11-20 00:45:00"
IOP,0.00031464,"2017-11-20 00:50:00"
IOP,0.00031165,"2017-11-20 00:55:00"
IOP,0.00031144,"2017-11-20 01:00:00"
IOP,0.00030818,"2017-11-20 01:05:00"
IOP,0.00030198,"2017-11-20 01:10:00"
IOP,0.00031179,"2017-11-20 01:15:00"
IOP,0.0003076,"2017-11-20 01:20:00"
IOP,0.00030746,"2017-11-20 01:25:00"
IOP,0.00030911,"2017-11-20 01:30:00"
IOP,0.00030746,"2017-11-20 01:35:00"
IOP,0.00031059,"2017-11-20 01:40:00"
IOP,0.00031059,"2017-11-20 01:45:00"
IOP,0.00031187,"2017-11-20 01:50:00"
IOP,0.00031605,"2017-11-20 01:55:00"
IOP,0.00031849,"2017-11-20 02:00:00"
IOP,0.00031677,"2017-11-20 02:05:00"
IOP,0.0003183,"2017-11-20 02:10:00"
IOP,0.00031977,"2017-11-20 02:15:00"
IOP,0.00031998,"2017-11-20 02:20:00"
IOP,0.00032574,"2017-11-20 02:25:00"
IOP,0.00034,"2017-11-20 02:30:00"
IOP,0.00033675,"2017-11-20 02:35:00"
IOP,0.00032757,"2017-11-20 02:40:00"
IOP,0.00032,"2017-11-20 02:45:00"
IOP,0.00032111,"2017-11-20 02:50:00"
IOP,0.00032388,"2017-11-20 02:55:00"
IOP,0.00032109,"2017-11-20 03:00:00"
IOP,0.00032104,"2017-11-20 03:05:00"
IOP,0.00032104,"2017-11-20 03:10:00"
IOP,0.00032107,"2017-11-20 03:15:00"
IOP,0.00032399,"2017-11-20 03:20:00"
IOP,0.00033,"2017-11-20 03:25:00"
IOP,0.00032642,"2017-11-20 03:30:00"
IOP,0.00033256,"2017-11-20 03:35:00"
IOP,0.00033897,"2017-11-20 03:40:00"
IOP,0.000333,"2017-11-20 03:45:00"
IOP,0.000332,"2017-11-20 03:50:00"
IOP,0.0003316,"2017-11-20 03:55:00"
IOP,0.00031359,"2017-11-20 04:00:00"
IOP,0.00032217,"2017-11-20 04:05:00"
IOP,0.00032032,"2017-11-20 04:10:00"
IOP,0.00031157,"2017-11-20 04:15:00"
IOP,0.00031611,"2017-11-20 04:20:00"
IOP,0.00032249,"2017-11-20 04:25:00"
IOP,0.00032287,"2017-11-20 04:30:00"
IOP,0.00032417,"2017-11-20 04:35:00"
IOP,0.00031221,"2017-11-20 04:40:00"
IOP,0.00031,"2017-11-20 04:45:00"
IOP,0.00031659,"2017-11-20 04:50:00"
IOP,0.00031638,"2017-11-20 04:55:00"
IOP,0.00031623,"2017-11-20 05:00:00"
IOP,0.00031468,"2017-11-20 05:05:00"
IOP,0.00031547,"2017-11-20 05:10:00"
IOP,0.00031702,"2017-11-20 05:15:00"
IOP,0.000317,"2017-11-20 05:20:00"
IOP,0.000317,"2017-11-20 05:25:00"
IOP,0.00031866,"2017-11-20 05:30:00"
IOP,0.00031908,"2017-11-20 05:35:00"
IOP,0.00031709,"2017-11-20 05:40:00"
IOP,0.00032,"2017-11-20 05:45:00"
IOP,0.00032133,"2017-11-20 05:50:00"
IOP,0.00032093,"2017-11-20 05:55:00"
IOP,0.00032052,"2017-11-20 06:00:00"
IOP,0.00032052,"2017-11-20 06:05:00"
IOP,0.0003248,"2017-11-20 06:10:00"
IOP,0.00032755,"2017-11-20 06:15:00"
IOP,0.00032889,"2017-11-20 06:20:00"
IOP,0.00032889,"2017-11-20 06:25:00"
IOP,0.00032604,"2017-11-20 06:30:00"
IOP,0.000334,"2017-11-20 06:35:00"
IOP,0.000333,"2017-11-20 06:40:00"
IOP,0.00033041,"2017-11-20 06:45:00"
IOP,0.00033041,"2017-11-20 06:50:00"
IOP,0.00033041,"2017-11-20 06:55:00"
IOP,0.00032469,"2017-11-20 07:00:00"
IOP,0.0003215,"2017-11-20 07:05:00"
IOP,0.000326,"2017-11-20 07:10:00"
IOP,0.00032316,"2017-11-20 07:15:00"
IOP,0.00032515,"2017-11-20 07:20:00"
IOP,0.00032077,"2017-11-20 07:25:00"
IOP,0.00031857,"2017-11-20 07:30:00"
IOP,0.00032295,"2017-11-20 07:35:00"
IOP,0.00031673,"2017-11-20 07:40:00"
IOP,0.00031612,"2017-11-20 07:45:00"
IOP,0.00031503,"2017-11-20 07:50:00"
IOP,0.00031334,"2017-11-20 07:55:00"
IOP,0.00031505,"2017-11-20 08:00:00"
IOP,0.00031505,"2017-11-20 08:05:00"
IOP,0.00031334,"2017-11-20 08:10:00"
IOP,0.00031505,"2017-11-20 08:15:00"
IOP,0.00031502,"2017-11-20 08:20:00"
IOP,0.00031541,"2017-11-20 08:25:00"
IOP,0.00031496,"2017-11-20 08:30:00"
IOP,0.00031576,"2017-11-20 08:35:00"
IOP,0.00032211,"2017-11-20 08:40:00"
IOP,0.00032121,"2017-11-20 08:45:00"
IOP,0.0003214,"2017-11-20 08:50:00"
IOP,0.00032211,"2017-11-20 08:55:00"
IOP,0.000332,"2017-11-20 09:00:00"
IOP,0.00033418,"2017-11-20 09:05:00"
IOP,0.00033659,"2017-11-20 09:10:00"
IOP,0.00033594,"2017-11-20 09:15:00"
IOP,0.00032607,"2017-11-20 09:20:00"
IOP,0.000331,"2017-11-20 09:25:00"
IOP,0.00033,"2017-11-20 09:30:00"
IOP,0.00032675,"2017-11-20 09:35:00"
IOP,0.00032429,"2017-11-20 09:40:00"
IOP,0.000324,"2017-11-20 09:45:00"
IOP,0.00032579,"2017-11-20 09:50:00"
IOP,0.00032399,"2017-11-20 09:55:00"
IOP,0.00032376,"2017-11-20 10:00:00"
IOP,0.00031968,"2017-11-20 10:05:00"
IOP,0.00032104,"2017-11-20 10:10:00"
IOP,0.00032923,"2017-11-20 10:15:00"
IOP,0.00032501,"2017-11-20 10:20:00"
IOP,0.0003251,"2017-11-20 10:25:00"
IOP,0.000325,"2017-11-20 10:30:00"
IOP,0.00032825,"2017-11-20 10:35:00"
IOP,0.00032209,"2017-11-20 10:40:00"
IOP,0.00031494,"2017-11-20 10:45:00"
IOP,0.00031783,"2017-11-20 10:50:00"
IOP,0.00031911,"2017-11-20 10:55:00"
IOP,0.00032,"2017-11-20 11:00:00"
IOP,0.00032284,"2017-11-20 11:05:00"
IOP,0.00032515,"2017-11-20 11:10:00"
IOP,0.00032,"2017-11-20 11:15:00"
IOP,0.00032276,"2017-11-20 11:20:00"
IOP,0.0003205,"2017-11-20 11:25:00"
IOP,0.00032009,"2017-11-20 11:30:00"
IOP,0.00032324,"2017-11-20 11:35:00"
IOP,0.00032719,"2017-11-20 11:40:00"
IOP,0.00032695,"2017-11-20 11:45:00"
IOP,0.0003263,"2017-11-20 11:50:00"
IOP,0.000325,"2017-11-20 11:55:00"
IOP,0.00032932,"2017-11-20 12:00:00"
IOP,0.00032959,"2017-11-20 12:05:00"
IOP,0.00033026,"2017-11-20 12:10:00"
IOP,0.00033232,"2017-11-20 12:15:00"
IOP,0.000325,"2017-11-20 12:20:00"
IOP,0.0003265,"2017-11-20 12:25:00"
IOP,0.00032656,"2017-11-20 12:30:00"
IOP,0.00032704,"2017-11-20 12:35:00"
IOP,0.00032934,"2017-11-20 12:40:00"
IOP,0.00032939,"2017-11-20 12:45:00"
IOP,0.00032697,"2017-11-20 12:50:00"
IOP,0.00032,"2017-11-20 12:55:00"
IOP,0.000321,"2017-11-20 13:00:00"
IOP,0.00032385,"2017-11-20 13:05:00"
IOP,0.0003211,"2017-11-20 13:10:00"
IOP,0.0003211,"2017-11-20 13:15:00"
IOP,0.00031916,"2017-11-20 13:20:00"
IOP,0.00031295,"2017-11-20 13:25:00"
IOP,0.00030853,"2017-11-20 13:30:00"
IOP,0.00030729,"2017-11-20 13:35:00"
IOP,0.0003062,"2017-11-20 13:40:00"
IOP,0.00030534,"2017-11-20 13:45:00"
IOP,0.00030632,"2017-11-20 13:50:00"
IOP,0.00030693,"2017-11-20 13:55:00"
IOP,0.00030272,"2017-11-20 14:00:00"
IOP,0.00030677,"2017-11-20 14:05:00"
IOP,0.00030233,"2017-11-20 14:10:00"
IOP,0.00029862,"2017-11-20 14:15:00"
IOP,0.00029407,"2017-11-20 14:20:00"
IOP,0.00029412,"2017-11-20 14:25:00"
IOP,0.000298,"2017-11-20 14:30:00"
IOP,0.0002962,"2017-11-20 14:35:00"
IOP,0.00030285,"2017-11-20 14:40:00"
IOP,0.00030576,"2017-11-20 14:45:00"
IOP,0.00030672,"2017-11-20 14:50:00"
IOP,0.000308,"2017-11-20 14:55:00"
IOP,0.00030866,"2017-11-20 15:00:00"
IOP,0.0003067,"2017-11-20 15:05:00"
IOP,0.0003088,"2017-11-20 15:10:00"
IOP,0.00030293,"2017-11-20 15:15:00"
IOP,0.00030009,"2017-11-20 15:20:00"
IOP,0.00029787,"2017-11-20 15:25:00"
IOP,0.00029839,"2017-11-20 15:30:00"
IOP,0.00030091,"2017-11-20 15:35:00"
IOP,0.00029868,"2017-11-20 15:40:00"
IOP,0.00029841,"2017-11-20 15:45:00"
IOP,0.00029999,"2017-11-20 15:50:00"
IOP,0.00029842,"2017-11-20 15:55:00"
IOP,0.00029826,"2017-11-20 16:00:00"
IOP,0.00029396,"2017-11-20 16:05:00"
IOP,0.0002908,"2017-11-20 16:10:00"
IOP,0.0002931,"2017-11-20 16:15:00"
IOP,0.00029006,"2017-11-20 16:20:00"
IOP,0.00029129,"2017-11-20 16:25:00"
IOP,0.00029289,"2017-11-20 16:30:00"
IOP,0.00029289,"2017-11-20 16:35:00"
IOP,0.00029288,"2017-11-20 16:40:00"
IOP,0.00029588,"2017-11-20 16:45:00"
IOP,0.00030041,"2017-11-20 16:50:00"
IOP,0.00030017,"2017-11-20 16:55:00"
IOP,0.0003,"2017-11-20 17:00:00"
IOP,0.00030222,"2017-11-20 17:05:00"
IOP,0.00030094,"2017-11-20 17:10:00"
IOP,0.00030092,"2017-11-20 17:15:00"
IOP,0.00030092,"2017-11-20 17:20:00"
IOP,0.00030092,"2017-11-20 17:25:00"
IOP,0.00030255,"2017-11-20 17:30:00"
IOP,0.00030401,"2017-11-20 17:35:00"
IOP,0.0003018,"2017-11-20 17:40:00"
IOP,0.00030025,"2017-11-20 17:45:00"
IOP,0.00029906,"2017-11-20 17:50:00"
IOP,0.00029798,"2017-11-20 17:55:00"
IOP,0.00029745,"2017-11-20 18:00:00"
IOP,0.000299,"2017-11-20 18:05:00"
IOP,0.00029899,"2017-11-20 18:10:00"
IOP,0.00029747,"2017-11-20 18:15:00"
IOP,0.00029942,"2017-11-20 18:20:00"
IOP,0.00030009,"2017-11-20 18:25:00"
IOP,0.00030009,"2017-11-20 18:30:00"
IOP,0.00029901,"2017-11-20 18:35:00"
IOP,0.00029901,"2017-11-20 18:40:00"
IOP,0.00029901,"2017-11-20 18:45:00"
IOP,0.00029903,"2017-11-20 18:50:00"
IOP,0.00029504,"2017-11-20 18:55:00"
IOP,0.0002977,"2017-11-20 19:00:00"
IOP,0.00029882,"2017-11-20 19:05:00"
IOP,0.00029868,"2017-11-20 19:10:00"
IOP,0.00029819,"2017-11-20 19:15:00"
IOP,0.00029509,"2017-11-20 19:20:00"
IOP,0.0002977,"2017-11-20 19:25:00"
IOP,0.0002981,"2017-11-20 19:30:00"
IOP,0.00029811,"2017-11-20 19:35:00"
IOP,0.000299,"2017-11-20 19:40:00"
IOP,0.00029994,"2017-11-20 19:45:00"
IOP,0.00029992,"2017-11-20 19:50:00"
IOP,0.00029526,"2017-11-20 19:55:00"
IOP,0.00030005,"2017-11-20 20:00:00"
IOP,0.0003,"2017-11-20 20:05:00"
IOP,0.00030242,"2017-11-20 20:10:00"
IOP,0.00029752,"2017-11-20 20:15:00"
IOP,0.0002984,"2017-11-20 20:20:00"
IOP,0.00030035,"2017-11-20 20:25:00"
IOP,0.00030201,"2017-11-20 20:30:00"
IOP,0.00030265,"2017-11-20 20:35:00"
IOP,0.00030405,"2017-11-20 20:40:00"
IOP,0.000305,"2017-11-20 20:45:00"
IOP,0.00030553,"2017-11-20 20:50:00"
IOP,0.00030553,"2017-11-20 20:55:00"
IOP,0.0003056,"2017-11-20 21:00:00"
IOP,0.00030876,"2017-11-20 21:05:00"
IOP,0.00030563,"2017-11-20 21:10:00"
IOP,0.00030976,"2017-11-20 21:15:00"
IOP,0.00031049,"2017-11-20 21:20:00"
IOP,0.00031086,"2017-11-20 21:25:00"
IOP,0.00031086,"2017-11-20 21:30:00"
IOP,0.00031127,"2017-11-20 21:35:00"
IOP,0.00030702,"2017-11-20 21:40:00"
IOP,0.00030974,"2017-11-20 21:45:00"
IOP,0.00030581,"2017-11-20 21:50:00"
IOP,0.00030881,"2017-11-20 21:55:00"
IOP,0.00030581,"2017-11-20 22:00:00"
IOP,0.00030886,"2017-11-20 22:05:00"
IOP,0.00030512,"2017-11-20 22:10:00"
IOP,0.00030513,"2017-11-20 22:15:00"
IOP,0.00030886,"2017-11-20 22:20:00"
IOP,0.00030873,"2017-11-20 22:25:00"
IOP,0.00030978,"2017-11-20 22:30:00"
IOP,0.00030977,"2017-11-20 22:35:00"
IOP,0.000305,"2017-11-20 22:40:00"
IOP,0.00029894,"2017-11-20 22:45:00"
IOP,0.00029999,"2017-11-20 22:50:00"
IOP,0.00030099,"2017-11-20 22:55:00"
IOP,0.00030397,"2017-11-20 23:00:00"
IOP,0.0003005,"2017-11-20 23:05:00"
IOP,0.00029997,"2017-11-20 23:10:00"
IOP,0.00029957,"2017-11-20 23:15:00"
IOP,0.00029651,"2017-11-20 23:20:00"
IOP,0.00029337,"2017-11-20 23:25:00"
IOP,0.00029291,"2017-11-20 23:30:00"
IOP,0.00029203,"2017-11-20 23:35:00"
IOP,0.00029149,"2017-11-20 23:40:00"
IOP,0.00029367,"2017-11-20 23:45:00"
IOP,0.000285,"2017-11-20 23:50:00"
IOP,0.00028503,"2017-11-20 23:55:00"
IOP,0.00028418,"2017-11-21 00:00:00"
IOP,0.000285,"2017-11-21 00:05:00"
IOP,0.000285,"2017-11-21 00:10:00"
IOP,0.00028965,"2017-11-21 00:15:00"
IOP,0.0002844,"2017-11-21 00:20:00"
IOP,0.00029013,"2017-11-21 00:25:00"
IOP,0.00029013,"2017-11-21 00:30:00"
IOP,0.00029013,"2017-11-21 00:35:00"
IOP,0.0002901,"2017-11-21 00:40:00"
IOP,0.00028502,"2017-11-21 00:45:00"
IOP,0.00028451,"2017-11-21 00:50:00"
IOP,0.00028419,"2017-11-21 00:55:00"
IOP,0.00028373,"2017-11-21 01:00:00"
IOP,0.00028373,"2017-11-21 01:05:00"
IOP,0.00028624,"2017-11-21 01:10:00"
IOP,0.00028617,"2017-11-21 01:15:00"
IOP,0.0002838,"2017-11-21 01:20:00"
IOP,0.00029015,"2017-11-21 01:25:00"
IOP,0.00029493,"2017-11-21 01:30:00"
IOP,0.00029166,"2017-11-21 01:35:00"
IOP,0.00028638,"2017-11-21 01:40:00"
IOP,0.0002933,"2017-11-21 01:45:00"
IOP,0.00029298,"2017-11-21 01:50:00"
IOP,0.00029379,"2017-11-21 01:55:00"
IOP,0.0002907,"2017-11-21 02:00:00"
IOP,0.00029019,"2017-11-21 02:05:00"
IOP,0.00029044,"2017-11-21 02:10:00"
IOP,0.00029328,"2017-11-21 02:15:00"
IOP,0.00029363,"2017-11-21 02:20:00"
IOP,0.0002979,"2017-11-21 02:25:00"
IOP,0.0002932,"2017-11-21 02:30:00"
IOP,0.00029295,"2017-11-21 02:35:00"
IOP,0.0002986,"2017-11-21 02:40:00"
IOP,0.00029567,"2017-11-21 02:45:00"
IOP,0.0002999,"2017-11-21 02:50:00"
IOP,0.00029397,"2017-11-21 02:55:00"
IOP,0.00029198,"2017-11-21 03:00:00"
IOP,0.00029154,"2017-11-21 03:05:00"
IOP,0.00029152,"2017-11-21 03:10:00"
IOP,0.00029152,"2017-11-21 03:15:00"
IOP,0.0002891,"2017-11-21 03:20:00"
IOP,0.00029171,"2017-11-21 03:25:00"
IOP,0.00029179,"2017-11-21 03:30:00"
IOP,0.00029179,"2017-11-21 03:35:00"
IOP,0.00029273,"2017-11-21 03:40:00"
IOP,0.00029259,"2017-11-21 03:45:00"
IOP,0.00029257,"2017-11-21 03:50:00"
IOP,0.00029227,"2017-11-21 03:55:00"
IOP,0.00029223,"2017-11-21 04:00:00"
IOP,0.00029171,"2017-11-21 04:05:00"
IOP,0.00029171,"2017-11-21 04:10:00"
IOP,0.00029147,"2017-11-21 04:15:00"
IOP,0.0002864,"2017-11-21 04:20:00"
IOP,0.00028787,"2017-11-21 04:25:00"
IOP,0.000285,"2017-11-21 04:30:00"
IOP,0.0002844,"2017-11-21 04:35:00"
IOP,0.00028733,"2017-11-21 04:40:00"
IOP,0.00028372,"2017-11-21 04:45:00"
IOP,0.00028372,"2017-11-21 04:50:00"
IOP,0.00027831,"2017-11-21 04:55:00"
IOP,0.00027555,"2017-11-21 05:00:00"
IOP,0.00027353,"2017-11-21 05:05:00"
IOP,0.00027353,"2017-11-21 05:10:00"
IOP,0.00027894,"2017-11-21 05:15:00"
IOP,0.00027357,"2017-11-21 05:20:00"
IOP,0.00027835,"2017-11-21 05:25:00"
IOP,0.00027625,"2017-11-21 05:30:00"
IOP,0.00027356,"2017-11-21 05:35:00"
IOP,0.00027356,"2017-11-21 05:40:00"
IOP,0.0002735,"2017-11-21 05:45:00"
IOP,0.00027332,"2017-11-21 05:50:00"
IOP,0.00027336,"2017-11-21 05:55:00"
IOP,0.00027336,"2017-11-21 06:00:00"
IOP,0.00027795,"2017-11-21 06:05:00"
IOP,0.0002788,"2017-11-21 06:10:00"
IOP,0.00027981,"2017-11-21 06:15:00"
IOP,0.00027964,"2017-11-21 06:20:00"
IOP,0.00027964,"2017-11-21 06:25:00"
IOP,0.00027573,"2017-11-21 06:30:00"
IOP,0.000281,"2017-11-21 06:35:00"
IOP,0.00028178,"2017-11-21 06:40:00"
IOP,0.00028536,"2017-11-21 06:45:00"
IOP,0.00028109,"2017-11-21 06:50:00"
IOP,0.00028109,"2017-11-21 06:55:00"
IOP,0.00028109,"2017-11-21 07:00:00"
IOP,0.00028109,"2017-11-21 07:05:00"
IOP,0.00028109,"2017-11-21 07:10:00"
IOP,0.00028109,"2017-11-21 07:15:00"
IOP,0.00028473,"2017-11-21 07:20:00"
IOP,0.00028536,"2017-11-21 07:25:00"
IOP,0.00028999,"2017-11-21 07:30:00"
IOP,0.000285,"2017-11-21 07:35:00"
IOP,0.000289,"2017-11-21 07:40:00"
IOP,0.000289,"2017-11-21 07:45:00"
IOP,0.000284,"2017-11-21 07:50:00"
IOP,0.00028109,"2017-11-21 07:55:00"
IOP,0.00028106,"2017-11-21 08:00:00"
IOP,0.00028107,"2017-11-21 08:05:00"
IOP,0.00028107,"2017-11-21 08:10:00"
IOP,0.00028107,"2017-11-21 08:15:00"
IOP,0.00028105,"2017-11-21 08:20:00"
IOP,0.00027634,"2017-11-21 08:25:00"
IOP,0.00027997,"2017-11-21 08:30:00"
IOP,0.000278,"2017-11-21 08:35:00"
IOP,0.00027456,"2017-11-21 08:40:00"
IOP,0.00027798,"2017-11-21 08:45:00"
IOP,0.00027527,"2017-11-21 08:50:00"
IOP,0.00027527,"2017-11-21 08:55:00"
IOP,0.00027588,"2017-11-21 09:00:00"
IOP,0.00027588,"2017-11-21 09:05:00"
IOP,0.00027588,"2017-11-21 09:10:00"
IOP,0.000276,"2017-11-21 09:15:00"
IOP,0.000277,"2017-11-21 09:20:00"
IOP,0.00028,"2017-11-21 09:25:00"
IOP,0.0002832,"2017-11-21 09:30:00"
IOP,0.000284,"2017-11-21 09:35:00"
IOP,0.000284,"2017-11-21 09:40:00"
IOP,0.000284,"2017-11-21 09:45:00"
IOP,0.00028649,"2017-11-21 09:50:00"
IOP,0.00028216,"2017-11-21 09:55:00"
IOP,0.00028615,"2017-11-21 10:00:00"
IOP,0.000283,"2017-11-21 10:05:00"
IOP,0.00028097,"2017-11-21 10:10:00"
IOP,0.00027787,"2017-11-21 10:15:00"
IOP,0.00027455,"2017-11-21 10:20:00"
IOP,0.00027269,"2017-11-21 10:25:00"
IOP,0.00027859,"2017-11-21 10:30:00"
IOP,0.00027831,"2017-11-21 10:35:00"
IOP,0.00027562,"2017-11-21 10:40:00"
IOP,0.0002791,"2017-11-21 10:45:00"
IOP,0.00027897,"2017-11-21 10:50:00"
IOP,0.0002785,"2017-11-21 10:55:00"
IOP,0.0002785,"2017-11-21 11:00:00"
IOP,0.0002785,"2017-11-21 11:05:00"
IOP,0.00027897,"2017-11-21 11:10:00"
IOP,0.0002799,"2017-11-21 11:15:00"
IOP,0.00028,"2017-11-21 11:20:00"
IOP,0.00028,"2017-11-21 11:25:00"
IOP,0.000279,"2017-11-21 11:30:00"
IOP,0.00028,"2017-11-21 11:35:00"
IOP,0.00028332,"2017-11-21 11:40:00"
IOP,0.00028392,"2017-11-21 11:45:00"
IOP,0.0002842,"2017-11-21 11:50:00"
IOP,0.00028865,"2017-11-21 11:55:00"
IOP,0.00028514,"2017-11-21 12:00:00"
IOP,0.00028854,"2017-11-21 12:05:00"
IOP,0.0002885,"2017-11-21 12:10:00"
IOP,0.0002885,"2017-11-21 12:15:00"
IOP,0.00028879,"2017-11-21 12:20:00"
IOP,0.00028877,"2017-11-21 12:25:00"
IOP,0.00028872,"2017-11-21 12:30:00"
IOP,0.00028893,"2017-11-21 12:35:00"
IOP,0.00028893,"2017-11-21 12:40:00"
IOP,0.00029034,"2017-11-21 12:45:00"
IOP,0.00029035,"2017-11-21 12:50:00"
IOP,0.000292,"2017-11-21 12:55:00"
IOP,0.00028874,"2017-11-21 13:00:00"
IOP,0.0002896,"2017-11-21 13:05:00"
IOP,0.00029223,"2017-11-21 13:10:00"
IOP,0.000289,"2017-11-21 13:15:00"
IOP,0.0002916,"2017-11-21 13:20:00"
IOP,0.000289,"2017-11-21 13:25:00"
IOP,0.00029205,"2017-11-21 13:30:00"
IOP,0.00029217,"2017-11-21 13:35:00"
IOP,0.00029216,"2017-11-21 13:40:00"
IOP,0.00029216,"2017-11-21 13:45:00"
IOP,0.00028902,"2017-11-21 13:50:00"
IOP,0.000289,"2017-11-21 13:55:00"
IOP,0.000289,"2017-11-21 14:00:00"
IOP,0.0002866,"2017-11-21 14:05:00"
IOP,0.00028269,"2017-11-21 14:10:00"
IOP,0.000284,"2017-11-21 14:15:00"
IOP,0.00028473,"2017-11-21 14:20:00"
IOP,0.00028475,"2017-11-21 14:25:00"
IOP,0.00028677,"2017-11-21 14:30:00"
IOP,0.00028982,"2017-11-21 14:35:00"
IOP,0.00028526,"2017-11-21 14:40:00"
IOP,0.00028602,"2017-11-21 14:45:00"
IOP,0.00028488,"2017-11-21 14:50:00"
IOP,0.00028526,"2017-11-21 14:55:00"
IOP,0.00028529,"2017-11-21 15:00:00"
IOP,0.00028529,"2017-11-21 15:05:00"
IOP,0.000285,"2017-11-21 15:10:00"
IOP,0.000285,"2017-11-21 15:15:00"
IOP,0.00028502,"2017-11-21 15:20:00"
IOP,0.00028477,"2017-11-21 15:25:00"
IOP,0.00028627,"2017-11-21 15:30:00"
IOP,0.00028627,"2017-11-21 15:35:00"
IOP,0.00029059,"2017-11-21 15:40:00"
IOP,0.00029073,"2017-11-21 15:45:00"
IOP,0.0002907,"2017-11-21 15:50:00"
IOP,0.00029065,"2017-11-21 15:55:00"
IOP,0.0002858,"2017-11-21 16:00:00"
IOP,0.00028888,"2017-11-21 16:05:00"
IOP,0.00028581,"2017-11-21 16:10:00"
IOP,0.0002858,"2017-11-21 16:15:00"
IOP,0.0002858,"2017-11-21 16:20:00"
IOP,0.00028699,"2017-11-21 16:25:00"
IOP,0.00028699,"2017-11-21 16:30:00"
IOP,0.0002858,"2017-11-21 16:35:00"
IOP,0.0002858,"2017-11-21 16:40:00"
IOP,0.00028739,"2017-11-21 16:45:00"
IOP,0.00028739,"2017-11-21 16:50:00"
IOP,0.00028739,"2017-11-21 16:55:00"
IOP,0.000287,"2017-11-21 17:00:00"
IOP,0.00028631,"2017-11-21 17:05:00"
IOP,0.000287,"2017-11-21 17:10:00"
IOP,0.000287,"2017-11-21 17:15:00"
IOP,0.00028738,"2017-11-21 17:20:00"
IOP,0.00028738,"2017-11-21 17:25:00"
IOP,0.00028737,"2017-11-21 17:30:00"
IOP,0.00028738,"2017-11-21 17:35:00"
IOP,0.00029104,"2017-11-21 17:40:00"
IOP,0.000291,"2017-11-21 17:45:00"
IOP,0.00029113,"2017-11-21 17:50:00"
IOP,0.000293,"2017-11-21 17:55:00"
IOP,0.00029298,"2017-11-21 18:00:00"
IOP,0.00028805,"2017-11-21 18:05:00"
IOP,0.00028999,"2017-11-21 18:10:00"
IOP,0.0002923,"2017-11-21 18:15:00"
IOP,0.0002923,"2017-11-21 18:20:00"
IOP,0.00028922,"2017-11-21 18:25:00"
IOP,0.0002903,"2017-11-21 18:30:00"
IOP,0.00028882,"2017-11-21 18:35:00"
IOP,0.00028882,"2017-11-21 18:40:00"
IOP,0.00029199,"2017-11-21 18:45:00"
IOP,0.00029199,"2017-11-21 18:50:00"
IOP,0.00029199,"2017-11-21 18:55:00"
IOP,0.00029199,"2017-11-21 19:00:00"
IOP,0.00028975,"2017-11-21 19:05:00"
IOP,0.00029248,"2017-11-21 19:10:00"
IOP,0.00029243,"2017-11-21 19:15:00"
IOP,0.00029248,"2017-11-21 19:20:00"
IOP,0.00029315,"2017-11-21 19:25:00"
IOP,0.00029412,"2017-11-21 19:30:00"
IOP,0.00029412,"2017-11-21 19:35:00"
IOP,0.00029518,"2017-11-21 19:40:00"
IOP,0.00029698,"2017-11-21 19:45:00"
IOP,0.00029799,"2017-11-21 19:50:00"
IOP,0.00030045,"2017-11-21 19:55:00"
IOP,0.00029523,"2017-11-21 20:00:00"
IOP,0.0003005,"2017-11-21 20:05:00"
IOP,0.0003019,"2017-11-21 20:10:00"
IOP,0.0002985,"2017-11-21 20:15:00"
IOP,0.00029854,"2017-11-21 20:20:00"
IOP,0.00029855,"2017-11-21 20:25:00"
IOP,0.00029313,"2017-11-21 20:30:00"
IOP,0.00029686,"2017-11-21 20:35:00"
IOP,0.00030548,"2017-11-21 20:40:00"
IOP,0.00030689,"2017-11-21 20:45:00"
IOP,0.00030455,"2017-11-21 20:50:00"
IOP,0.000302,"2017-11-21 20:55:00"
IOP,0.000301,"2017-11-21 21:00:00"
IOP,0.00030455,"2017-11-21 21:05:00"
IOP,0.00030456,"2017-11-21 21:10:00"
IOP,0.000305,"2017-11-21 21:15:00"
IOP,0.00030731,"2017-11-21 21:20:00"
IOP,0.00030261,"2017-11-21 21:25:00"
IOP,0.00030499,"2017-11-21 21:30:00"
IOP,0.00030235,"2017-11-21 21:35:00"
IOP,0.00030102,"2017-11-21 21:40:00"
IOP,0.0003004,"2017-11-21 21:45:00"
IOP,0.000309,"2017-11-21 21:50:00"
IOP,0.00030403,"2017-11-21 21:55:00"
IOP,0.00030668,"2017-11-21 22:00:00"
IOP,0.0003,"2017-11-21 22:05:00"
IOP,0.00030668,"2017-11-21 22:10:00"
IOP,0.000301,"2017-11-21 22:15:00"
IOP,0.00030028,"2017-11-21 22:20:00"
IOP,0.00029701,"2017-11-21 22:25:00"
IOP,0.00030177,"2017-11-21 22:30:00"
IOP,0.00030704,"2017-11-21 22:35:00"
IOP,0.00029758,"2017-11-21 22:40:00"
IOP,0.00030161,"2017-11-21 22:45:00"
IOP,0.0002972,"2017-11-21 22:50:00"
IOP,0.00029639,"2017-11-21 22:55:00"
IOP,0.00030456,"2017-11-21 23:00:00"
IOP,0.00030777,"2017-11-21 23:05:00"
IOP,0.00030556,"2017-11-21 23:10:00"
IOP,0.000305,"2017-11-21 23:15:00"
IOP,0.00031,"2017-11-21 23:20:00"
IOP,0.00030982,"2017-11-21 23:25:00"
IOP,0.00030616,"2017-11-21 23:30:00"
IOP,0.0003098,"2017-11-21 23:35:00"
IOP,0.0003098,"2017-11-21 23:40:00"
IOP,0.0003111,"2017-11-21 23:45:00"
IOP,0.00031078,"2017-11-21 23:50:00"
IOP,0.000313,"2017-11-21 23:55:00"
IOP,0.00031468,"2017-11-22 00:00:00"
IOP,0.00031476,"2017-11-22 00:05:00"
IOP,0.00031476,"2017-11-22 00:10:00"
IOP,0.00031475,"2017-11-22 00:15:00"
IOP,0.000315,"2017-11-22 00:20:00"
IOP,0.00031,"2017-11-22 00:25:00"
IOP,0.00030712,"2017-11-22 00:30:00"
IOP,0.000305,"2017-11-22 00:35:00"
IOP,0.00030157,"2017-11-22 00:40:00"
IOP,0.00030097,"2017-11-22 00:45:00"
IOP,0.00030098,"2017-11-22 00:50:00"
IOP,0.00030002,"2017-11-22 00:55:00"
IOP,0.00030001,"2017-11-22 01:00:00"
IOP,0.00030001,"2017-11-22 01:05:00"
IOP,0.00030001,"2017-11-22 01:10:00"
IOP,0.0002955,"2017-11-22 01:15:00"
IOP,0.00030127,"2017-11-22 01:20:00"
IOP,0.00030154,"2017-11-22 01:25:00"
IOP,0.0003035,"2017-11-22 01:30:00"
IOP,0.00030201,"2017-11-22 01:35:00"
IOP,0.00030201,"2017-11-22 01:40:00"
IOP,0.000301,"2017-11-22 01:45:00"
IOP,0.000301,"2017-11-22 01:50:00"
IOP,0.00030098,"2017-11-22 01:55:00"
IOP,0.000301,"2017-11-22 02:00:00"
IOP,0.00030076,"2017-11-22 02:05:00"
IOP,0.00029554,"2017-11-22 02:10:00"
IOP,0.00029503,"2017-11-22 02:15:00"
IOP,0.00029762,"2017-11-22 02:20:00"
IOP,0.00029762,"2017-11-22 02:25:00"
IOP,0.00029786,"2017-11-22 02:30:00"
IOP,0.00029501,"2017-11-22 02:35:00"
IOP,0.00029786,"2017-11-22 02:40:00"
IOP,0.0002981,"2017-11-22 02:45:00"
IOP,0.00029917,"2017-11-22 02:50:00"
IOP,0.00029912,"2017-11-22 02:55:00"
IOP,0.00029976,"2017-11-22 03:00:00"
IOP,0.00030005,"2017-11-22 03:05:00"
IOP,0.00030005,"2017-11-22 03:10:00"
IOP,0.00030005,"2017-11-22 03:15:00"
IOP,0.00029903,"2017-11-22 03:20:00"
IOP,0.00029903,"2017-11-22 03:25:00"
IOP,0.00029903,"2017-11-22 03:30:00"
IOP,0.00030189,"2017-11-22 03:35:00"
IOP,0.0003033,"2017-11-22 03:40:00"
IOP,0.0003033,"2017-11-22 03:45:00"
IOP,0.00030329,"2017-11-22 03:50:00"
IOP,0.00030414,"2017-11-22 03:55:00"
IOP,0.00030552,"2017-11-22 04:00:00"
IOP,0.00031007,"2017-11-22 04:05:00"
IOP,0.00031238,"2017-11-22 04:10:00"
IOP,0.00031173,"2017-11-22 04:15:00"
IOP,0.00031005,"2017-11-22 04:20:00"
IOP,0.0003139,"2017-11-22 04:25:00"
IOP,0.0003102,"2017-11-22 04:30:00"
IOP,0.00031474,"2017-11-22 04:35:00"
IOP,0.00031474,"2017-11-22 04:40:00"
IOP,0.00031034,"2017-11-22 04:45:00"
IOP,0.00031006,"2017-11-22 04:50:00"
IOP,0.00031543,"2017-11-22 04:55:00"
IOP,0.00031004,"2017-11-22 05:00:00"
IOP,0.00031033,"2017-11-22 05:05:00"
IOP,0.00031034,"2017-11-22 05:10:00"
IOP,0.00031005,"2017-11-22 05:15:00"
IOP,0.00031341,"2017-11-22 05:20:00"
IOP,0.0003104,"2017-11-22 05:25:00"
IOP,0.00031046,"2017-11-22 05:30:00"
IOP,0.0003141,"2017-11-22 05:35:00"
IOP,0.00031081,"2017-11-22 05:40:00"
IOP,0.00031043,"2017-11-22 05:45:00"
IOP,0.00030813,"2017-11-22 05:50:00"
IOP,0.0003073,"2017-11-22 05:55:00"
IOP,0.0003073,"2017-11-22 06:00:00"
IOP,0.0003073,"2017-11-22 06:05:00"
IOP,0.0003064,"2017-11-22 06:10:00"
IOP,0.000304,"2017-11-22 06:15:00"
IOP,0.00030406,"2017-11-22 06:20:00"
IOP,0.00030406,"2017-11-22 06:25:00"
IOP,0.00030517,"2017-11-22 06:30:00"
IOP,0.00030501,"2017-11-22 06:35:00"
IOP,0.00030883,"2017-11-22 06:40:00"
IOP,0.00030856,"2017-11-22 06:45:00"
IOP,0.00030856,"2017-11-22 06:50:00"
IOP,0.00030517,"2017-11-22 06:55:00"
IOP,0.000305,"2017-11-22 07:00:00"
IOP,0.00030509,"2017-11-22 07:05:00"
IOP,0.000309,"2017-11-22 07:10:00"
IOP,0.00031254,"2017-11-22 07:15:00"
IOP,0.00031248,"2017-11-22 07:20:00"
IOP,0.0003119,"2017-11-22 07:25:00"
IOP,0.00031493,"2017-11-22 07:30:00"
IOP,0.000312,"2017-11-22 07:35:00"
IOP,0.0003105,"2017-11-22 07:40:00"
IOP,0.0003148,"2017-11-22 07:45:00"
IOP,0.0003148,"2017-11-22 07:50:00"
IOP,0.00031478,"2017-11-22 07:55:00"
IOP,0.00031477,"2017-11-22 08:00:00"
IOP,0.0003125,"2017-11-22 08:05:00"
IOP,0.00031471,"2017-11-22 08:10:00"
IOP,0.00031689,"2017-11-22 08:15:00"
IOP,0.00031557,"2017-11-22 08:20:00"
IOP,0.00031493,"2017-11-22 08:25:00"
IOP,0.00031491,"2017-11-22 08:30:00"
IOP,0.00031741,"2017-11-22 08:35:00"
IOP,0.00031688,"2017-11-22 08:40:00"
IOP,0.00031321,"2017-11-22 08:45:00"
IOP,0.00031756,"2017-11-22 08:50:00"
IOP,0.000322,"2017-11-22 08:55:00"
IOP,0.00032,"2017-11-22 09:00:00"
IOP,0.00031787,"2017-11-22 09:05:00"
IOP,0.00031787,"2017-11-22 09:10:00"
IOP,0.00031787,"2017-11-22 09:15:00"
IOP,0.00032156,"2017-11-22 09:20:00"
IOP,0.00032044,"2017-11-22 09:25:00"
IOP,0.00032,"2017-11-22 09:30:00"
IOP,0.00031704,"2017-11-22 09:35:00"
IOP,0.00031706,"2017-11-22 09:40:00"
IOP,0.00031803,"2017-11-22 09:45:00"
IOP,0.000317,"2017-11-22 09:50:00"
IOP,0.000317,"2017-11-22 09:55:00"
IOP,0.000317,"2017-11-22 10:00:00"
IOP,0.0003169,"2017-11-22 10:05:00"
IOP,0.00031557,"2017-11-22 10:10:00"
IOP,0.00031325,"2017-11-22 10:15:00"
IOP,0.00031379,"2017-11-22 10:20:00"
IOP,0.00031325,"2017-11-22 10:25:00"
IOP,0.0003125,"2017-11-22 10:30:00"
IOP,0.0003125,"2017-11-22 10:35:00"
IOP,0.0003133,"2017-11-22 10:40:00"
IOP,0.00031332,"2017-11-22 10:45:00"
IOP,0.00031209,"2017-11-22 10:50:00"
IOP,0.00031209,"2017-11-22 10:55:00"
IOP,0.00031209,"2017-11-22 11:00:00"
IOP,0.000311,"2017-11-22 11:05:00"
IOP,0.00030998,"2017-11-22 11:10:00"
IOP,0.0003082,"2017-11-22 11:15:00"
IOP,0.00031,"2017-11-22 11:20:00"
IOP,0.00031,"2017-11-22 11:25:00"
IOP,0.00031,"2017-11-22 11:30:00"
IOP,0.00031093,"2017-11-22 11:35:00"
IOP,0.00032022,"2017-11-22 11:40:00"
IOP,0.00032,"2017-11-22 11:45:00"
IOP,0.00032001,"2017-11-22 11:50:00"
IOP,0.000317,"2017-11-22 11:55:00"
IOP,0.00032,"2017-11-22 12:00:00"
IOP,0.00031753,"2017-11-22 12:05:00"
IOP,0.00031753,"2017-11-22 12:10:00"
IOP,0.000319,"2017-11-22 12:15:00"
IOP,0.000317,"2017-11-22 12:20:00"
IOP,0.00031632,"2017-11-22 12:25:00"
IOP,0.000315,"2017-11-22 12:30:00"
IOP,0.00031451,"2017-11-22 12:35:00"
IOP,0.000314,"2017-11-22 12:40:00"
IOP,0.000314,"2017-11-22 12:45:00"
IOP,0.00031522,"2017-11-22 12:50:00"
IOP,0.000318,"2017-11-22 12:55:00"
IOP,0.00032,"2017-11-22 13:00:00"
IOP,0.00032,"2017-11-22 13:05:00"
IOP,0.00032,"2017-11-22 13:10:00"
IOP,0.0003214,"2017-11-22 13:15:00"
IOP,0.00032398,"2017-11-22 13:20:00"
IOP,0.000324,"2017-11-22 13:25:00"
IOP,0.00032506,"2017-11-22 13:30:00"
IOP,0.00032799,"2017-11-22 13:35:00"
IOP,0.0003284,"2017-11-22 13:40:00"
IOP,0.0003265,"2017-11-22 13:45:00"
IOP,0.0003265,"2017-11-22 13:50:00"
IOP,0.00032122,"2017-11-22 13:55:00"
IOP,0.00031435,"2017-11-22 14:00:00"
IOP,0.000309,"2017-11-22 14:05:00"
IOP,0.00031525,"2017-11-22 14:10:00"
IOP,0.00032,"2017-11-22 14:15:00"
IOP,0.00032011,"2017-11-22 14:20:00"
IOP,0.0003201,"2017-11-22 14:25:00"
IOP,0.0003201,"2017-11-22 14:30:00"
IOP,0.00031958,"2017-11-22 14:35:00"
IOP,0.00031958,"2017-11-22 14:40:00"
IOP,0.00031168,"2017-11-22 14:45:00"
IOP,0.0003165,"2017-11-22 14:50:00"
IOP,0.00031721,"2017-11-22 14:55:00"
IOP,0.00031926,"2017-11-22 15:00:00"
IOP,0.00031333,"2017-11-22 15:05:00"
IOP,0.000315,"2017-11-22 15:10:00"
IOP,0.000319,"2017-11-22 15:15:00"
IOP,0.00031901,"2017-11-22 15:20:00"
IOP,0.00031902,"2017-11-22 15:25:00"
IOP,0.00031803,"2017-11-22 15:30:00"
IOP,0.00031784,"2017-11-22 15:35:00"
IOP,0.000315,"2017-11-22 15:40:00"
IOP,0.00031799,"2017-11-22 15:45:00"
IOP,0.00031872,"2017-11-22 15:50:00"
IOP,0.00032299,"2017-11-22 15:55:00"
IOP,0.00032055,"2017-11-22 16:00:00"
IOP,0.00032055,"2017-11-22 16:05:00"
IOP,0.00032,"2017-11-22 16:10:00"
IOP,0.00032,"2017-11-22 16:15:00"
IOP,0.000323,"2017-11-22 16:20:00"
IOP,0.000323,"2017-11-22 16:25:00"
IOP,0.000323,"2017-11-22 16:30:00"
IOP,0.00032172,"2017-11-22 16:35:00"
IOP,0.00032,"2017-11-22 16:40:00"
IOP,0.00031873,"2017-11-22 16:45:00"
IOP,0.00031882,"2017-11-22 16:50:00"
IOP,0.00031899,"2017-11-22 16:55:00"
IOP,0.00031501,"2017-11-22 17:00:00"
IOP,0.000315,"2017-11-22 17:05:00"
IOP,0.000318,"2017-11-22 17:10:00"
IOP,0.00031388,"2017-11-22 17:15:00"
IOP,0.00031382,"2017-11-22 17:20:00"
IOP,0.00031363,"2017-11-22 17:25:00"
IOP,0.0003138,"2017-11-22 17:30:00"
IOP,0.00031785,"2017-11-22 17:35:00"
IOP,0.00031428,"2017-11-22 17:40:00"
IOP,0.000313,"2017-11-22 17:45:00"
IOP,0.000312,"2017-11-22 17:50:00"
IOP,0.000313,"2017-11-22 17:55:00"
IOP,0.0003176,"2017-11-22 18:00:00"
IOP,0.00031979,"2017-11-22 18:05:00"
IOP,0.00031612,"2017-11-22 18:10:00"
IOP,0.00031638,"2017-11-22 18:15:00"
IOP,0.000319,"2017-11-22 18:20:00"
IOP,0.00032142,"2017-11-22 18:25:00"
IOP,0.00031618,"2017-11-22 18:30:00"
IOP,0.000321,"2017-11-22 18:35:00"
IOP,0.00031969,"2017-11-22 18:40:00"
IOP,0.00031464,"2017-11-22 18:45:00"
IOP,0.00031392,"2017-11-22 18:50:00"
IOP,0.00031384,"2017-11-22 18:55:00"
IOP,0.00031998,"2017-11-22 19:00:00"
IOP,0.00031992,"2017-11-22 19:05:00"
IOP,0.00031502,"2017-11-22 19:10:00"
IOP,0.00031502,"2017-11-22 19:15:00"
IOP,0.00032036,"2017-11-22 19:20:00"
IOP,0.00031958,"2017-11-22 19:25:00"
IOP,0.00032033,"2017-11-22 19:30:00"
IOP,0.00032033,"2017-11-22 19:35:00"
IOP,0.00031978,"2017-11-22 19:40:00"
IOP,0.00032198,"2017-11-22 19:45:00"
IOP,0.00031601,"2017-11-22 19:50:00"
IOP,0.0003195,"2017-11-22 19:55:00"
IOP,0.00031618,"2017-11-22 20:00:00"
IOP,0.0003171,"2017-11-22 20:05:00"
IOP,0.0003171,"2017-11-22 20:10:00"
IOP,0.000322,"2017-11-22 20:15:00"
IOP,0.000319,"2017-11-22 20:20:00"
IOP,0.00031654,"2017-11-22 20:25:00"
IOP,0.00031303,"2017-11-22 20:30:00"
IOP,0.00031354,"2017-11-22 20:35:00"
IOP,0.00030269,"2017-11-22 20:40:00"
IOP,0.00031066,"2017-11-22 20:45:00"
IOP,0.00031083,"2017-11-22 20:50:00"
IOP,0.00031083,"2017-11-22 20:55:00"
IOP,0.00031,"2017-11-22 21:00:00"
IOP,0.00031111,"2017-11-22 21:05:00"
IOP,0.00031898,"2017-11-22 21:10:00"
IOP,0.0003113,"2017-11-22 21:15:00"
IOP,0.00029882,"2017-11-22 21:20:00"
IOP,0.000295,"2017-11-22 21:25:00"
IOP,0.0002961,"2017-11-22 21:30:00"
IOP,0.00029559,"2017-11-22 21:35:00"
IOP,0.00029606,"2017-11-22 21:40:00"
IOP,0.00030119,"2017-11-22 21:45:00"
IOP,0.00029996,"2017-11-22 21:50:00"
IOP,0.00030096,"2017-11-22 21:55:00"
IOP,0.00030074,"2017-11-22 22:00:00"
IOP,0.00029779,"2017-11-22 22:05:00"
IOP,0.00029661,"2017-11-22 22:10:00"
IOP,0.00029601,"2017-11-22 22:15:00"
IOP,0.0002931,"2017-11-22 22:20:00"
IOP,0.00028903,"2017-11-22 22:25:00"
IOP,0.00029216,"2017-11-22 22:30:00"
IOP,0.0002873,"2017-11-22 22:35:00"
IOP,0.0002896,"2017-11-22 22:40:00"
IOP,0.00028982,"2017-11-22 22:45:00"
IOP,0.00029021,"2017-11-22 22:50:00"
IOP,0.00029608,"2017-11-22 22:55:00"
IOP,0.00029656,"2017-11-22 23:00:00"
IOP,0.00029568,"2017-11-22 23:05:00"
IOP,0.00029108,"2017-11-22 23:10:00"
IOP,0.00029399,"2017-11-22 23:15:00"
IOP,0.00029108,"2017-11-22 23:20:00"
IOP,0.00029294,"2017-11-22 23:25:00"
IOP,0.00029095,"2017-11-22 23:30:00"
IOP,0.0002908,"2017-11-22 23:35:00"
IOP,0.00029399,"2017-11-22 23:40:00"
IOP,0.00029241,"2017-11-22 23:45:00"
IOP,0.00029291,"2017-11-22 23:50:00"
IOP,0.00029,"2017-11-22 23:55:00"
IOP,0.00029415,"2017-11-23 00:00:00"
IOP,0.0002898,"2017-11-23 00:05:00"
IOP,0.00029293,"2017-11-23 00:10:00"
IOP,0.00028593,"2017-11-23 00:15:00"
IOP,0.00028782,"2017-11-23 00:20:00"
IOP,0.00028927,"2017-11-23 00:25:00"
IOP,0.00028592,"2017-11-23 00:30:00"
IOP,0.00028619,"2017-11-23 00:35:00"
IOP,0.00028924,"2017-11-23 00:40:00"
IOP,0.00028928,"2017-11-23 00:45:00"
IOP,0.00028,"2017-11-23 00:50:00"
IOP,0.00028406,"2017-11-23 00:55:00"
IOP,0.0002855,"2017-11-23 01:00:00"
IOP,0.00028815,"2017-11-23 01:05:00"
IOP,0.0002897,"2017-11-23 01:10:00"
IOP,0.0002902,"2017-11-23 01:15:00"
IOP,0.00029226,"2017-11-23 01:20:00"
IOP,0.00029307,"2017-11-23 01:25:00"
IOP,0.00029306,"2017-11-23 01:30:00"
IOP,0.00029305,"2017-11-23 01:35:00"
IOP,0.00029157,"2017-11-23 01:40:00"
IOP,0.00029318,"2017-11-23 01:45:00"
IOP,0.00029151,"2017-11-23 01:50:00"
IOP,0.00029151,"2017-11-23 01:55:00"
IOP,0.0002935,"2017-11-23 02:00:00"
IOP,0.00029348,"2017-11-23 02:05:00"
IOP,0.00029101,"2017-11-23 02:10:00"
IOP,0.00029021,"2017-11-23 02:15:00"
IOP,0.0002902,"2017-11-23 02:20:00"
IOP,0.00029021,"2017-11-23 02:25:00"
IOP,0.0002902,"2017-11-23 02:30:00"
IOP,0.0002902,"2017-11-23 02:35:00"
IOP,0.00029019,"2017-11-23 02:40:00"
IOP,0.0002821,"2017-11-23 02:45:00"
IOP,0.00028376,"2017-11-23 02:50:00"
IOP,0.0002831,"2017-11-23 02:55:00"
IOP,0.00028677,"2017-11-23 03:00:00"
IOP,0.000289,"2017-11-23 03:05:00"
IOP,0.00028677,"2017-11-23 03:10:00"
IOP,0.0002888,"2017-11-23 03:15:00"
IOP,0.000288,"2017-11-23 03:20:00"
IOP,0.00028955,"2017-11-23 03:25:00"
IOP,0.00028997,"2017-11-23 03:30:00"
IOP,0.00028987,"2017-11-23 03:35:00"
IOP,0.00028326,"2017-11-23 03:40:00"
IOP,0.000287,"2017-11-23 03:45:00"
IOP,0.00028441,"2017-11-23 03:50:00"
IOP,0.0002803,"2017-11-23 03:55:00"
IOP,0.000287,"2017-11-23 04:00:00"
IOP,0.00028357,"2017-11-23 04:05:00"
IOP,0.00028697,"2017-11-23 04:10:00"
IOP,0.00028401,"2017-11-23 04:15:00"
IOP,0.00028401,"2017-11-23 04:20:00"
IOP,0.00028597,"2017-11-23 04:25:00"
IOP,0.00028389,"2017-11-23 04:30:00"
IOP,0.00028708,"2017-11-23 04:35:00"
IOP,0.000282,"2017-11-23 04:40:00"
IOP,0.00028575,"2017-11-23 04:45:00"
IOP,0.00028558,"2017-11-23 04:50:00"
IOP,0.00028558,"2017-11-23 04:55:00"
IOP,0.00028558,"2017-11-23 05:00:00"
IOP,0.00028695,"2017-11-23 05:05:00"
IOP,0.0002873,"2017-11-23 05:10:00"
IOP,0.00028729,"2017-11-23 05:15:00"
IOP,0.00028729,"2017-11-23 05:20:00"
IOP,0.0002873,"2017-11-23 05:25:00"
IOP,0.00028739,"2017-11-23 05:30:00"
IOP,0.00028739,"2017-11-23 05:35:00"
IOP,0.00028739,"2017-11-23 05:40:00"
IOP,0.00028764,"2017-11-23 05:45:00"
IOP,0.00029021,"2017-11-23 05:50:00"
IOP,0.00028766,"2017-11-23 05:55:00"
IOP,0.000289,"2017-11-23 06:00:00"
IOP,0.00028768,"2017-11-23 06:05:00"
IOP,0.0002875,"2017-11-23 06:10:00"
IOP,0.00028407,"2017-11-23 06:15:00"
IOP,0.00028407,"2017-11-23 06:20:00"
IOP,0.00029,"2017-11-23 06:25:00"
IOP,0.00029018,"2017-11-23 06:30:00"
IOP,0.00029,"2017-11-23 06:35:00"
IOP,0.00028999,"2017-11-23 06:40:00"
IOP,0.000287,"2017-11-23 06:45:00"
IOP,0.00029,"2017-11-23 06:50:00"
IOP,0.00029328,"2017-11-23 06:55:00"
IOP,0.00029482,"2017-11-23 07:00:00"
IOP,0.0002959,"2017-11-23 07:05:00"
IOP,0.000295,"2017-11-23 07:10:00"
IOP,0.00029565,"2017-11-23 07:15:00"
IOP,0.00029499,"2017-11-23 07:20:00"
IOP,0.0002958,"2017-11-23 07:25:00"
IOP,0.00029753,"2017-11-23 07:30:00"
IOP,0.00029799,"2017-11-23 07:35:00"
IOP,0.00029789,"2017-11-23 07:40:00"
IOP,0.00029788,"2017-11-23 07:45:00"
IOP,0.00029783,"2017-11-23 07:50:00"
IOP,0.000295,"2017-11-23 07:55:00"
IOP,0.00029152,"2017-11-23 08:00:00"
IOP,0.0002915,"2017-11-23 08:05:00"
IOP,0.0002948,"2017-11-23 08:10:00"
IOP,0.00029085,"2017-11-23 08:15:00"
IOP,0.000291,"2017-11-23 08:20:00"
IOP,0.000291,"2017-11-23 08:25:00"
IOP,0.000295,"2017-11-23 08:30:00"
IOP,0.00029224,"2017-11-23 08:35:00"
IOP,0.00029264,"2017-11-23 08:40:00"
IOP,0.00029668,"2017-11-23 08:45:00"
IOP,0.00029667,"2017-11-23 08:50:00"
IOP,0.00029268,"2017-11-23 08:55:00"
IOP,0.00029223,"2017-11-23 09:00:00"
IOP,0.0002909,"2017-11-23 09:05:00"
IOP,0.00029223,"2017-11-23 09:10:00"
IOP,0.0002909,"2017-11-23 09:15:00"
IOP,0.00028744,"2017-11-23 09:20:00"
IOP,0.00028762,"2017-11-23 09:25:00"
IOP,0.00029129,"2017-11-23 09:30:00"
IOP,0.00029129,"2017-11-23 09:35:00"
IOP,0.00029103,"2017-11-23 09:40:00"
IOP,0.0002877,"2017-11-23 09:45:00"
IOP,0.00028769,"2017-11-23 09:50:00"
IOP,0.0002877,"2017-11-23 09:55:00"
IOP,0.0002877,"2017-11-23 10:00:00"
IOP,0.0002912,"2017-11-23 10:05:00"
IOP,0.00029,"2017-11-23 10:10:00"
IOP,0.00028793,"2017-11-23 10:15:00"
IOP,0.000288,"2017-11-23 10:20:00"
IOP,0.00029092,"2017-11-23 10:25:00"
IOP,0.00029001,"2017-11-23 10:30:00"
IOP,0.000288,"2017-11-23 10:35:00"
IOP,0.00028806,"2017-11-23 10:40:00"
IOP,0.0002912,"2017-11-23 10:45:00"
IOP,0.0002912,"2017-11-23 10:50:00"
IOP,0.00029551,"2017-11-23 10:55:00"
IOP,0.00029047,"2017-11-23 11:00:00"
IOP,0.0002908,"2017-11-23 11:05:00"
IOP,0.00029108,"2017-11-23 11:10:00"
IOP,0.00029277,"2017-11-23 11:15:00"
IOP,0.00029278,"2017-11-23 11:20:00"
IOP,0.00029267,"2017-11-23 11:25:00"
IOP,0.00029251,"2017-11-23 11:30:00"
IOP,0.00029255,"2017-11-23 11:35:00"
IOP,0.00029255,"2017-11-23 11:40:00"
IOP,0.00029278,"2017-11-23 11:45:00"
IOP,0.00029278,"2017-11-23 11:50:00"
IOP,0.00029597,"2017-11-23 11:55:00"
IOP,0.00029251,"2017-11-23 12:00:00"
IOP,0.0002925,"2017-11-23 12:05:00"
IOP,0.00029251,"2017-11-23 12:10:00"
IOP,0.0002942,"2017-11-23 12:15:00"
IOP,0.0002912,"2017-11-23 12:20:00"
IOP,0.0002905,"2017-11-23 12:25:00"
IOP,0.00029135,"2017-11-23 12:30:00"
IOP,0.00029135,"2017-11-23 12:35:00"
IOP,0.00029135,"2017-11-23 12:40:00"
IOP,0.00029135,"2017-11-23 12:45:00"
IOP,0.00029135,"2017-11-23 12:50:00"
IOP,0.000289,"2017-11-23 12:55:00"
IOP,0.0002889,"2017-11-23 13:00:00"
IOP,0.000287,"2017-11-23 13:05:00"
IOP,0.00028689,"2017-11-23 13:10:00"
IOP,0.00028563,"2017-11-23 13:15:00"
IOP,0.00028607,"2017-11-23 13:20:00"
IOP,0.00028607,"2017-11-23 13:25:00"
IOP,0.0002855,"2017-11-23 13:30:00"
IOP,0.00028689,"2017-11-23 13:35:00"
IOP,0.00029119,"2017-11-23 13:40:00"
IOP,0.00028973,"2017-11-23 13:45:00"
IOP,0.00028302,"2017-11-23 13:50:00"
IOP,0.00028254,"2017-11-23 13:55:00"
IOP,0.00028367,"2017-11-23 14:00:00"
IOP,0.000285,"2017-11-23 14:05:00"
IOP,0.00028511,"2017-11-23 14:10:00"
IOP,0.00028855,"2017-11-23 14:15:00"
IOP,0.00028511,"2017-11-23 14:20:00"
IOP,0.00028845,"2017-11-23 14:25:00"
IOP,0.0002913,"2017-11-23 14:30:00"
IOP,0.00028593,"2017-11-23 14:35:00"
IOP,0.00028511,"2017-11-23 14:40:00"
IOP,0.000285,"2017-11-23 14:45:00"
IOP,0.000285,"2017-11-23 14:50:00"
IOP,0.000285,"2017-11-23 14:55:00"
IOP,0.0002859,"2017-11-23 15:00:00"
IOP,0.0002859,"2017-11-23 15:05:00"
IOP,0.00028954,"2017-11-23 15:10:00"
IOP,0.00028954,"2017-11-23 15:15:00"
IOP,0.00029018,"2017-11-23 15:20:00"
IOP,0.00028995,"2017-11-23 15:25:00"
IOP,0.0002825,"2017-11-23 15:30:00"
IOP,0.00028668,"2017-11-23 15:35:00"
IOP,0.00028634,"2017-11-23 15:40:00"
IOP,0.00028629,"2017-11-23 15:45:00"
IOP,0.00028256,"2017-11-23 15:50:00"
IOP,0.00028619,"2017-11-23 15:55:00"
IOP,0.00028228,"2017-11-23 16:00:00"
IOP,0.0002825,"2017-11-23 16:05:00"
IOP,0.00028449,"2017-11-23 16:10:00"
IOP,0.00028439,"2017-11-23 16:15:00"
IOP,0.000283,"2017-11-23 16:20:00"
IOP,0.0002844,"2017-11-23 16:25:00"
IOP,0.00028612,"2017-11-23 16:30:00"
IOP,0.00028604,"2017-11-23 16:35:00"
IOP,0.000295,"2017-11-23 16:40:00"
IOP,0.00029631,"2017-11-23 16:45:00"
IOP,0.000295,"2017-11-23 16:50:00"
IOP,0.000294,"2017-11-23 16:55:00"
IOP,0.00029,"2017-11-23 17:00:00"
IOP,0.00029607,"2017-11-23 17:05:00"
IOP,0.000296,"2017-11-23 17:10:00"
IOP,0.000292,"2017-11-23 17:15:00"
IOP,0.00028775,"2017-11-23 17:20:00"
IOP,0.00029285,"2017-11-23 17:25:00"
IOP,0.000292,"2017-11-23 17:30:00"
IOP,0.000291,"2017-11-23 17:35:00"
IOP,0.000291,"2017-11-23 17:40:00"
IOP,0.000291,"2017-11-23 17:45:00"
IOP,0.00029,"2017-11-23 17:50:00"
IOP,0.0002875,"2017-11-23 17:55:00"
IOP,0.0002875,"2017-11-23 18:00:00"
IOP,0.00028348,"2017-11-23 18:05:00"
IOP,0.00028355,"2017-11-23 18:10:00"
IOP,0.00028437,"2017-11-23 18:15:00"
IOP,0.00028451,"2017-11-23 18:20:00"
IOP,0.00028972,"2017-11-23 18:25:00"
IOP,0.00028866,"2017-11-23 18:30:00"
IOP,0.00028866,"2017-11-23 18:35:00"
IOP,0.000286,"2017-11-23 18:40:00"
IOP,0.00028777,"2017-11-23 18:45:00"
IOP,0.00028152,"2017-11-23 18:50:00"
IOP,0.00028201,"2017-11-23 18:55:00"
IOP,0.00028553,"2017-11-23 19:00:00"
IOP,0.00028201,"2017-11-23 19:05:00"
IOP,0.00028683,"2017-11-23 19:10:00"
IOP,0.00028306,"2017-11-23 19:15:00"
IOP,0.000283,"2017-11-23 19:20:00"
IOP,0.00028524,"2017-11-23 19:25:00"
IOP,0.00028596,"2017-11-23 19:30:00"
IOP,0.0002865,"2017-11-23 19:35:00"
IOP,0.00028734,"2017-11-23 19:40:00"
IOP,0.00028734,"2017-11-23 19:45:00"
IOP,0.00028429,"2017-11-23 19:50:00"
IOP,0.00028782,"2017-11-23 19:55:00"
IOP,0.0002833,"2017-11-23 20:00:00"
IOP,0.00028324,"2017-11-23 20:05:00"
IOP,0.0002822,"2017-11-23 20:10:00"
IOP,0.00028218,"2017-11-23 20:15:00"
IOP,0.00028078,"2017-11-23 20:20:00"
IOP,0.00028324,"2017-11-23 20:25:00"
IOP,0.00028324,"2017-11-23 20:30:00"
IOP,0.00028331,"2017-11-23 20:35:00"
IOP,0.00028594,"2017-11-23 20:40:00"
IOP,0.000287,"2017-11-23 20:45:00"
IOP,0.000287,"2017-11-23 20:50:00"
IOP,0.00028222,"2017-11-23 20:55:00"
IOP,0.00028222,"2017-11-23 21:00:00"
IOP,0.000283,"2017-11-23 21:05:00"
IOP,0.00028492,"2017-11-23 21:10:00"
IOP,0.000283,"2017-11-23 21:15:00"
IOP,0.00028492,"2017-11-23 21:20:00"
IOP,0.00028492,"2017-11-23 21:25:00"
IOP,0.00028476,"2017-11-23 21:30:00"
IOP,0.00028305,"2017-11-23 21:35:00"
IOP,0.00028492,"2017-11-23 21:40:00"
IOP,0.00028305,"2017-11-23 21:45:00"
IOP,0.00028305,"2017-11-23 21:50:00"
IOP,0.00028492,"2017-11-23 21:55:00"
IOP,0.00028299,"2017-11-23 22:00:00"
IOP,0.000285,"2017-11-23 22:05:00"
IOP,0.000285,"2017-11-23 22:10:00"
IOP,0.000285,"2017-11-23 22:15:00"
IOP,0.000288,"2017-11-23 22:20:00"
IOP,0.00029057,"2017-11-23 22:25:00"
IOP,0.00029059,"2017-11-23 22:30:00"
IOP,0.0002905,"2017-11-23 22:35:00"
IOP,0.000291,"2017-11-23 22:40:00"
IOP,0.000291,"2017-11-23 22:45:00"
IOP,0.000291,"2017-11-23 22:50:00"
IOP,0.000291,"2017-11-23 22:55:00"
IOP,0.00029099,"2017-11-23 23:00:00"
IOP,0.000285,"2017-11-23 23:05:00"
IOP,0.000285,"2017-11-23 23:10:00"
IOP,0.000285,"2017-11-23 23:15:00"
IOP,0.000285,"2017-11-23 23:20:00"
IOP,0.000285,"2017-11-23 23:25:00"
IOP,0.00028304,"2017-11-23 23:30:00"
IOP,0.0002908,"2017-11-23 23:35:00"
IOP,0.00029081,"2017-11-23 23:40:00"
IOP,0.00029081,"2017-11-23 23:45:00"
IOP,0.00029063,"2017-11-23 23:50:00"
IOP,0.0002908,"2017-11-23 23:55:00"
IOP,0.0002908,"2017-11-24 00:00:00"
IOP,0.0002908,"2017-11-24 00:05:00"
IOP,0.00028712,"2017-11-24 00:10:00"
IOP,0.00028711,"2017-11-24 00:15:00"
IOP,0.00028715,"2017-11-24 00:20:00"
IOP,0.00028705,"2017-11-24 00:25:00"
IOP,0.00028617,"2017-11-24 00:30:00"
IOP,0.00028631,"2017-11-24 00:35:00"
IOP,0.00029049,"2017-11-24 00:40:00"
IOP,0.00029049,"2017-11-24 00:45:00"
IOP,0.00029049,"2017-11-24 00:50:00"
IOP,0.0002865,"2017-11-24 00:55:00"
IOP,0.00028634,"2017-11-24 01:00:00"
IOP,0.000291,"2017-11-24 01:05:00"
IOP,0.00029262,"2017-11-24 01:10:00"
IOP,0.00029262,"2017-11-24 01:15:00"
IOP,0.00029261,"2017-11-24 01:20:00"
IOP,0.00028716,"2017-11-24 01:25:00"
IOP,0.00028716,"2017-11-24 01:30:00"
IOP,0.00028716,"2017-11-24 01:35:00"
IOP,0.000287,"2017-11-24 01:40:00"
IOP,0.00028699,"2017-11-24 01:45:00"
IOP,0.00028527,"2017-11-24 01:50:00"
IOP,0.00028582,"2017-11-24 01:55:00"
IOP,0.00028529,"2017-11-24 02:00:00"
IOP,0.00028529,"2017-11-24 02:05:00"
IOP,0.00028536,"2017-11-24 02:10:00"
IOP,0.000287,"2017-11-24 02:15:00"
IOP,0.000287,"2017-11-24 02:20:00"
IOP,0.000285,"2017-11-24 02:25:00"
IOP,0.000285,"2017-11-24 02:30:00"
IOP,0.000285,"2017-11-24 02:35:00"
IOP,0.00028716,"2017-11-24 02:40:00"
IOP,0.00028716,"2017-11-24 02:45:00"
IOP,0.00028985,"2017-11-24 02:50:00"
IOP,0.00029031,"2017-11-24 02:55:00"
IOP,0.00028716,"2017-11-24 03:00:00"
IOP,0.00028716,"2017-11-24 03:05:00"
IOP,0.00028575,"2017-11-24 03:10:00"
IOP,0.00028575,"2017-11-24 03:15:00"
IOP,0.000286,"2017-11-24 03:20:00"
IOP,0.00028563,"2017-11-24 03:25:00"
IOP,0.00028555,"2017-11-24 03:30:00"
IOP,0.00028552,"2017-11-24 03:35:00"
IOP,0.000286,"2017-11-24 03:40:00"
IOP,0.000285,"2017-11-24 03:45:00"
IOP,0.000285,"2017-11-24 03:50:00"
IOP,0.00028489,"2017-11-24 03:55:00"
IOP,0.00028552,"2017-11-24 04:00:00"
IOP,0.00028552,"2017-11-24 04:05:00"
IOP,0.00028552,"2017-11-24 04:10:00"
IOP,0.00028769,"2017-11-24 04:15:00"
IOP,0.00028769,"2017-11-24 04:20:00"
IOP,0.00028884,"2017-11-24 04:25:00"
IOP,0.00029,"2017-11-24 04:30:00"
IOP,0.00028969,"2017-11-24 04:35:00"
IOP,0.00028969,"2017-11-24 04:40:00"
IOP,0.00028551,"2017-11-24 04:45:00"
IOP,0.0002855,"2017-11-24 04:50:00"
IOP,0.00028488,"2017-11-24 04:55:00"
IOP,0.0002855,"2017-11-24 05:00:00"
IOP,0.0002855,"2017-11-24 05:05:00"
IOP,0.0002855,"2017-11-24 05:10:00"
IOP,0.00028909,"2017-11-24 05:15:00"
IOP,0.0002891,"2017-11-24 05:20:00"
IOP,0.000289,"2017-11-24 05:25:00"
IOP,0.000289,"2017-11-24 05:30:00"
IOP,0.0002875,"2017-11-24 05:35:00"
IOP,0.00029,"2017-11-24 05:40:00"
IOP,0.00029,"2017-11-24 05:45:00"
IOP,0.00029,"2017-11-24 05:50:00"
IOP,0.0002858,"2017-11-24 05:55:00"
IOP,0.0002858,"2017-11-24 06:00:00"
IOP,0.00028981,"2017-11-24 06:05:00"
IOP,0.00028981,"2017-11-24 06:10:00"
IOP,0.00028545,"2017-11-24 06:15:00"
IOP,0.00028547,"2017-11-24 06:20:00"
IOP,0.00028544,"2017-11-24 06:25:00"
IOP,0.00028978,"2017-11-24 06:30:00"
IOP,0.00028958,"2017-11-24 06:35:00"
IOP,0.00028543,"2017-11-24 06:40:00"
IOP,0.00028543,"2017-11-24 06:45:00"
IOP,0.00028543,"2017-11-24 06:50:00"
IOP,0.00028543,"2017-11-24 06:55:00"
IOP,0.00028488,"2017-11-24 07:00:00"
IOP,0.00028488,"2017-11-24 07:05:00"
IOP,0.00028488,"2017-11-24 07:10:00"
IOP,0.0002825,"2017-11-24 07:15:00"
IOP,0.00028001,"2017-11-24 07:20:00"
IOP,0.00027999,"2017-11-24 07:25:00"
IOP,0.00027999,"2017-11-24 07:30:00"
IOP,0.00027999,"2017-11-24 07:35:00"
IOP,0.00027999,"2017-11-24 07:40:00"
IOP,0.00028005,"2017-11-24 07:45:00"
IOP,0.00028551,"2017-11-24 07:50:00"
IOP,0.00028206,"2017-11-24 07:55:00"
IOP,0.0002788,"2017-11-24 08:00:00"
IOP,0.00027671,"2017-11-24 08:05:00"
IOP,0.00027557,"2017-11-24 08:10:00"
IOP,0.00027662,"2017-11-24 08:15:00"
IOP,0.00028104,"2017-11-24 08:20:00"
IOP,0.00028076,"2017-11-24 08:25:00"
IOP,0.00028049,"2017-11-24 08:30:00"
IOP,0.0002749,"2017-11-24 08:35:00"
IOP,0.0002749,"2017-11-24 08:40:00"
IOP,0.000273,"2017-11-24 08:45:00"
IOP,0.00027713,"2017-11-24 08:50:00"
IOP,0.00027531,"2017-11-24 08:55:00"
IOP,0.00027712,"2017-11-24 09:00:00"
IOP,0.00027712,"2017-11-24 09:05:00"
IOP,0.00027201,"2017-11-24 09:10:00"
IOP,0.000275,"2017-11-24 09:15:00"
IOP,0.000272,"2017-11-24 09:20:00"
IOP,0.0002622,"2017-11-24 09:25:00"
IOP,0.00026802,"2017-11-24 09:30:00"
IOP,0.00026819,"2017-11-24 09:35:00"
IOP,0.00026819,"2017-11-24 09:40:00"
IOP,0.000265,"2017-11-24 09:45:00"
IOP,0.00026481,"2017-11-24 09:50:00"
IOP,0.000265,"2017-11-24 09:55:00"
IOP,0.00026501,"2017-11-24 10:00:00"
IOP,0.00026724,"2017-11-24 10:05:00"
IOP,0.00026987,"2017-11-24 10:10:00"
IOP,0.00026986,"2017-11-24 10:15:00"
IOP,0.00026986,"2017-11-24 10:20:00"
IOP,0.00026988,"2017-11-24 10:25:00"
IOP,0.00026988,"2017-11-24 10:30:00"
IOP,0.00027378,"2017-11-24 10:35:00"
IOP,0.000285,"2017-11-24 10:40:00"
IOP,0.0002852,"2017-11-24 10:45:00"
IOP,0.00028512,"2017-11-24 10:50:00"
IOP,0.0002869,"2017-11-24 10:55:00"
IOP,0.0002869,"2017-11-24 11:00:00"
IOP,0.0002869,"2017-11-24 11:05:00"
IOP,0.0002754,"2017-11-24 11:10:00"
IOP,0.00027807,"2017-11-24 11:15:00"
IOP,0.00027816,"2017-11-24 11:20:00"
IOP,0.00027807,"2017-11-24 11:25:00"
IOP,0.00027501,"2017-11-24 11:30:00"
IOP,0.00027501,"2017-11-24 11:35:00"
IOP,0.0002805,"2017-11-24 11:40:00"
IOP,0.00028143,"2017-11-24 11:45:00"
IOP,0.00027974,"2017-11-24 11:50:00"
IOP,0.00027974,"2017-11-24 11:55:00"
IOP,0.00027522,"2017-11-24 12:00:00"
IOP,0.00027901,"2017-11-24 12:05:00"
IOP,0.0002755,"2017-11-24 12:10:00"
IOP,0.0002755,"2017-11-24 12:15:00"
IOP,0.000276,"2017-11-24 12:20:00"
IOP,0.000276,"2017-11-24 12:25:00"
IOP,0.0002763,"2017-11-24 12:30:00"
IOP,0.000279,"2017-11-24 12:35:00"
IOP,0.000279,"2017-11-24 12:40:00"
IOP,0.00027802,"2017-11-24 12:45:00"
IOP,0.00027502,"2017-11-24 12:50:00"
IOP,0.00027501,"2017-11-24 12:55:00"
IOP,0.00027501,"2017-11-24 13:00:00"
IOP,0.00027501,"2017-11-24 13:05:00"
IOP,0.00027378,"2017-11-24 13:10:00"
IOP,0.000274,"2017-11-24 13:15:00"
IOP,0.000274,"2017-11-24 13:20:00"
IOP,0.00027501,"2017-11-24 13:25:00"
IOP,0.0002743,"2017-11-24 13:30:00"
IOP,0.000275,"2017-11-24 13:35:00"
IOP,0.0002743,"2017-11-24 13:40:00"
IOP,0.000275,"2017-11-24 13:45:00"
IOP,0.000275,"2017-11-24 13:50:00"
IOP,0.000275,"2017-11-24 13:55:00"
IOP,0.0002777,"2017-11-24 14:00:00"
IOP,0.00027106,"2017-11-24 14:05:00"
IOP,0.00027752,"2017-11-24 14:10:00"
IOP,0.00027752,"2017-11-24 14:15:00"
IOP,0.00027235,"2017-11-24 14:20:00"
IOP,0.00027645,"2017-11-24 14:25:00"
IOP,0.00027644,"2017-11-24 14:30:00"
IOP,0.000273,"2017-11-24 14:35:00"
IOP,0.0002765,"2017-11-24 14:40:00"
IOP,0.00027651,"2017-11-24 14:45:00"
IOP,0.00027671,"2017-11-24 14:50:00"
IOP,0.0002731,"2017-11-24 14:55:00"
IOP,0.0002731,"2017-11-24 15:00:00"
IOP,0.00027292,"2017-11-24 15:05:00"
IOP,0.00027201,"2017-11-24 15:10:00"
IOP,0.000276,"2017-11-24 15:15:00"
IOP,0.000276,"2017-11-24 15:20:00"
IOP,0.000273,"2017-11-24 15:25:00"
IOP,0.000276,"2017-11-24 15:30:00"
IOP,0.000273,"2017-11-24 15:35:00"
IOP,0.000273,"2017-11-24 15:40:00"
IOP,0.00027301,"2017-11-24 15:45:00"
IOP,0.00027301,"2017-11-24 15:50:00"
IOP,0.000276,"2017-11-24 15:55:00"
IOP,0.00027598,"2017-11-24 16:00:00"
IOP,0.000273,"2017-11-24 16:05:00"
IOP,0.00027582,"2017-11-24 16:10:00"
IOP,0.0002739,"2017-11-24 16:15:00"
IOP,0.0002754,"2017-11-24 16:20:00"
IOP,0.0002765,"2017-11-24 16:25:00"
IOP,0.0002777,"2017-11-24 16:30:00"
IOP,0.00027851,"2017-11-24 16:35:00"
IOP,0.00027759,"2017-11-24 16:40:00"
IOP,0.00027576,"2017-11-24 16:45:00"
IOP,0.00027329,"2017-11-24 16:50:00"
IOP,0.00027329,"2017-11-24 16:55:00"
IOP,0.00027576,"2017-11-24 17:00:00"
IOP,0.00027803,"2017-11-24 17:05:00"
IOP,0.00027803,"2017-11-24 17:10:00"
IOP,0.00027336,"2017-11-24 17:15:00"
IOP,0.000274,"2017-11-24 17:20:00"
IOP,0.00027337,"2017-11-24 17:25:00"
IOP,0.0002776,"2017-11-24 17:30:00"
IOP,0.0002775,"2017-11-24 17:35:00"
IOP,0.000275,"2017-11-24 17:40:00"
IOP,0.0002734,"2017-11-24 17:45:00"
IOP,0.00027338,"2017-11-24 17:50:00"
IOP,0.0002739,"2017-11-24 17:55:00"
IOP,0.000277,"2017-11-24 18:00:00"
IOP,0.000277,"2017-11-24 18:05:00"
IOP,0.00027865,"2017-11-24 18:10:00"
IOP,0.00027799,"2017-11-24 18:15:00"
IOP,0.00027508,"2017-11-24 18:20:00"
IOP,0.00027848,"2017-11-24 18:25:00"
IOP,0.00027856,"2017-11-24 18:30:00"
IOP,0.00027842,"2017-11-24 18:35:00"
IOP,0.0002783,"2017-11-24 18:40:00"
IOP,0.00027856,"2017-11-24 18:45:00"
IOP,0.00027519,"2017-11-24 18:50:00"
IOP,0.00027519,"2017-11-24 18:55:00"
IOP,0.00027519,"2017-11-24 19:00:00"
IOP,0.00027519,"2017-11-24 19:05:00"
IOP,0.00027521,"2017-11-24 19:10:00"
IOP,0.00027521,"2017-11-24 19:15:00"
IOP,0.00027521,"2017-11-24 19:20:00"
IOP,0.00027845,"2017-11-24 19:25:00"
IOP,0.0002753,"2017-11-24 19:30:00"
IOP,0.0002753,"2017-11-24 19:35:00"
IOP,0.00027979,"2017-11-24 19:40:00"
IOP,0.00028,"2017-11-24 19:45:00"
IOP,0.00028078,"2017-11-24 19:50:00"
IOP,0.00028078,"2017-11-24 19:55:00"
IOP,0.0002808,"2017-11-24 20:00:00"
IOP,0.00028282,"2017-11-24 20:05:00"
IOP,0.00028,"2017-11-24 20:10:00"
IOP,0.00028,"2017-11-24 20:15:00"
IOP,0.00028,"2017-11-24 20:20:00"
IOP,0.00028,"2017-11-24 20:25:00"
IOP,0.00028,"2017-11-24 20:30:00"
IOP,0.00028,"2017-11-24 20:35:00"
IOP,0.00028,"2017-11-24 20:40:00"
IOP,0.00028001,"2017-11-24 20:45:00"
IOP,0.000283,"2017-11-24 20:50:00"
IOP,0.00028309,"2017-11-24 20:55:00"
IOP,0.00028309,"2017-11-24 21:00:00"
IOP,0.00028309,"2017-11-24 21:05:00"
IOP,0.00028,"2017-11-24 21:10:00"
IOP,0.00028,"2017-11-24 21:15:00"
IOP,0.00027979,"2017-11-24 21:20:00"
IOP,0.00027979,"2017-11-24 21:25:00"
IOP,0.00027979,"2017-11-24 21:30:00"
IOP,0.000276,"2017-11-24 21:35:00"
IOP,0.00027408,"2017-11-24 21:40:00"
IOP,0.00027501,"2017-11-24 21:45:00"
IOP,0.00027501,"2017-11-24 21:50:00"
IOP,0.00027772,"2017-11-24 21:55:00"
IOP,0.00027784,"2017-11-24 22:00:00"
IOP,0.00027784,"2017-11-24 22:05:00"
IOP,0.00027822,"2017-11-24 22:10:00"
IOP,0.00027823,"2017-11-24 22:15:00"
IOP,0.00028309,"2017-11-24 22:20:00"
IOP,0.00028325,"2017-11-24 22:25:00"
IOP,0.00028501,"2017-11-24 22:30:00"
IOP,0.00028925,"2017-11-24 22:35:00"
IOP,0.00028801,"2017-11-24 22:40:00"
IOP,0.00028963,"2017-11-24 22:45:00"
IOP,0.000287,"2017-11-24 22:50:00"
IOP,0.000285,"2017-11-24 22:55:00"
IOP,0.00028418,"2017-11-24 23:00:00"
IOP,0.00028979,"2017-11-24 23:05:00"
IOP,0.00028979,"2017-11-24 23:10:00"
IOP,0.000287,"2017-11-24 23:15:00"
IOP,0.00029,"2017-11-24 23:20:00"
IOP,0.00029048,"2017-11-24 23:25:00"
IOP,0.0002917,"2017-11-24 23:30:00"
IOP,0.0002926,"2017-11-24 23:35:00"
IOP,0.00029289,"2017-11-24 23:40:00"
IOP,0.0002899,"2017-11-24 23:45:00"
IOP,0.00029284,"2017-11-24 23:50:00"
IOP,0.0002899,"2017-11-24 23:55:00"
IOP,0.00029287,"2017-11-25 00:00:00"
IOP,0.000292,"2017-11-25 00:05:00"
IOP,0.000292,"2017-11-25 00:10:00"
IOP,0.000292,"2017-11-25 00:15:00"
IOP,0.00029196,"2017-11-25 00:20:00"
IOP,0.00029194,"2017-11-25 00:25:00"
IOP,0.00029187,"2017-11-25 00:30:00"
IOP,0.0002918,"2017-11-25 00:35:00"
IOP,0.0002918,"2017-11-25 00:40:00"
IOP,0.0002918,"2017-11-25 00:45:00"
IOP,0.0002875,"2017-11-25 00:50:00"
IOP,0.00028603,"2017-11-25 00:55:00"
IOP,0.00029147,"2017-11-25 01:00:00"
IOP,0.00029134,"2017-11-25 01:05:00"
IOP,0.00029134,"2017-11-25 01:10:00"
IOP,0.00029049,"2017-11-25 01:15:00"
IOP,0.00028648,"2017-11-25 01:20:00"
IOP,0.00029043,"2017-11-25 01:25:00"
IOP,0.00029043,"2017-11-25 01:30:00"
IOP,0.00028655,"2017-11-25 01:35:00"
IOP,0.00028655,"2017-11-25 01:40:00"
IOP,0.000289,"2017-11-25 01:45:00"
IOP,0.0002856,"2017-11-25 01:50:00"
IOP,0.00028893,"2017-11-25 01:55:00"
IOP,0.00028872,"2017-11-25 02:00:00"
IOP,0.00028597,"2017-11-25 02:05:00"
IOP,0.00028597,"2017-11-25 02:10:00"
IOP,0.00029,"2017-11-25 02:15:00"
IOP,0.00028893,"2017-11-25 02:20:00"
IOP,0.00028893,"2017-11-25 02:25:00"
IOP,0.00028701,"2017-11-25 02:30:00"
IOP,0.00029041,"2017-11-25 02:35:00"
IOP,0.00029041,"2017-11-25 02:40:00"
IOP,0.00029041,"2017-11-25 02:45:00"
IOP,0.00028701,"2017-11-25 02:50:00"
IOP,0.00028701,"2017-11-25 02:55:00"
IOP,0.00029,"2017-11-25 03:00:00"
IOP,0.00029041,"2017-11-25 03:05:00"
IOP,0.00029041,"2017-11-25 03:10:00"
IOP,0.0002902,"2017-11-25 03:15:00"
IOP,0.000289,"2017-11-25 03:20:00"
IOP,0.00028501,"2017-11-25 03:25:00"
IOP,0.00028501,"2017-11-25 03:30:00"
IOP,0.0002851,"2017-11-25 03:35:00"
IOP,0.000288,"2017-11-25 03:40:00"
IOP,0.000288,"2017-11-25 03:45:00"
IOP,0.00029,"2017-11-25 03:50:00"
IOP,0.00029,"2017-11-25 03:55:00"
IOP,0.00029,"2017-11-25 04:00:00"
IOP,0.00029,"2017-11-25 04:05:00"
IOP,0.00028765,"2017-11-25 04:10:00"
IOP,0.00028765,"2017-11-25 04:15:00"
IOP,0.00028765,"2017-11-25 04:20:00"
IOP,0.00028603,"2017-11-25 04:25:00"
IOP,0.00028603,"2017-11-25 04:30:00"
IOP,0.00028603,"2017-11-25 04:35:00"
IOP,0.00028999,"2017-11-25 04:40:00"
IOP,0.00028999,"2017-11-25 04:45:00"
IOP,0.00028796,"2017-11-25 04:50:00"
IOP,0.00028796,"2017-11-25 04:55:00"
IOP,0.00028796,"2017-11-25 05:00:00"
IOP,0.00028796,"2017-11-25 05:05:00"
IOP,0.00028796,"2017-11-25 05:10:00"
IOP,0.00028998,"2017-11-25 05:15:00"
IOP,0.00028607,"2017-11-25 05:20:00"
IOP,0.00029,"2017-11-25 05:25:00"
IOP,0.0002909,"2017-11-25 05:30:00"
IOP,0.00028944,"2017-11-25 05:35:00"
IOP,0.00028671,"2017-11-25 05:40:00"
IOP,0.000292,"2017-11-25 05:45:00"
IOP,0.00029268,"2017-11-25 05:50:00"
IOP,0.000292,"2017-11-25 05:55:00"
IOP,0.000292,"2017-11-25 06:00:00"
IOP,0.00029195,"2017-11-25 06:05:00"
IOP,0.00029195,"2017-11-25 06:10:00"
IOP,0.000288,"2017-11-25 06:15:00"
IOP,0.00028799,"2017-11-25 06:20:00"
IOP,0.00028649,"2017-11-25 06:25:00"
IOP,0.00028649,"2017-11-25 06:30:00"
IOP,0.00028649,"2017-11-25 06:35:00"
IOP,0.00029,"2017-11-25 06:40:00"
IOP,0.00029,"2017-11-25 06:45:00"
IOP,0.00029,"2017-11-25 06:50:00"
IOP,0.00028999,"2017-11-25 06:55:00"
IOP,0.00028999,"2017-11-25 07:00:00"
IOP,0.000291,"2017-11-25 07:05:00"
IOP,0.00028999,"2017-11-25 07:10:00"
IOP,0.00028799,"2017-11-25 07:15:00"
IOP,0.00028799,"2017-11-25 07:20:00"
IOP,0.00028799,"2017-11-25 07:25:00"
IOP,0.00028998,"2017-11-25 07:30:00"
IOP,0.00028799,"2017-11-25 07:35:00"
IOP,0.00028998,"2017-11-25 07:40:00"
IOP,0.00028999,"2017-11-25 07:45:00"
IOP,0.00028998,"2017-11-25 07:50:00"
IOP,0.00029025,"2017-11-25 07:55:00"
IOP,0.00029026,"2017-11-25 08:00:00"
IOP,0.00029025,"2017-11-25 08:05:00"
IOP,0.00028999,"2017-11-25 08:10:00"
IOP,0.00028721,"2017-11-25 08:15:00"
IOP,0.00028721,"2017-11-25 08:20:00"
IOP,0.00028986,"2017-11-25 08:25:00"
IOP,0.00029,"2017-11-25 08:30:00"
IOP,0.00029002,"2017-11-25 08:35:00"
IOP,0.00029,"2017-11-25 08:40:00"
IOP,0.00029,"2017-11-25 08:45:00"
IOP,0.00029001,"2017-11-25 08:50:00"
IOP,0.00028994,"2017-11-25 08:55:00"
IOP,0.00028705,"2017-11-25 09:00:00"
IOP,0.00028704,"2017-11-25 09:05:00"
IOP,0.00028704,"2017-11-25 09:10:00"
IOP,0.000287,"2017-11-25 09:15:00"
IOP,0.00028652,"2017-11-25 09:20:00"
IOP,0.00028649,"2017-11-25 09:25:00"
IOP,0.00028807,"2017-11-25 09:30:00"
IOP,0.00028649,"2017-11-25 09:35:00"
IOP,0.00028621,"2017-11-25 09:40:00"
IOP,0.00028621,"2017-11-25 09:45:00"
IOP,0.00028621,"2017-11-25 09:50:00"
IOP,0.00028607,"2017-11-25 09:55:00"
IOP,0.00028603,"2017-11-25 10:00:00"
IOP,0.00028438,"2017-11-25 10:05:00"
IOP,0.00028027,"2017-11-25 10:10:00"
IOP,0.00028104,"2017-11-25 10:15:00"
IOP,0.00028483,"2017-11-25 10:20:00"
IOP,0.00028111,"2017-11-25 10:25:00"
IOP,0.00027937,"2017-11-25 10:30:00"
IOP,0.00027909,"2017-11-25 10:35:00"
IOP,0.00027909,"2017-11-25 10:40:00"
IOP,0.00027855,"2017-11-25 10:45:00"
IOP,0.000276,"2017-11-25 10:50:00"
IOP,0.000276,"2017-11-25 10:55:00"
IOP,0.000276,"2017-11-25 11:00:00"
IOP,0.00027603,"2017-11-25 11:05:00"
IOP,0.00027841,"2017-11-25 11:10:00"
IOP,0.0002812,"2017-11-25 11:15:00"
IOP,0.00028385,"2017-11-25 11:20:00"
IOP,0.00027502,"2017-11-25 11:25:00"
IOP,0.00027971,"2017-11-25 11:30:00"
IOP,0.0002752,"2017-11-25 11:35:00"
IOP,0.0002798,"2017-11-25 11:40:00"
IOP,0.00028066,"2017-11-25 11:45:00"
IOP,0.00028067,"2017-11-25 11:50:00"
IOP,0.00028066,"2017-11-25 11:55:00"
IOP,0.00027963,"2017-11-25 12:00:00"
IOP,0.00027739,"2017-11-25 12:05:00"
IOP,0.00027963,"2017-11-25 12:10:00"
IOP,0.00027963,"2017-11-25 12:15:00"
IOP,0.00027743,"2017-11-25 12:20:00"
IOP,0.000278,"2017-11-25 12:25:00"
IOP,0.0002774,"2017-11-25 12:30:00"
IOP,0.0002774,"2017-11-25 12:35:00"
IOP,0.00028162,"2017-11-25 12:40:00"
IOP,0.00028093,"2017-11-25 12:45:00"
IOP,0.00027992,"2017-11-25 12:50:00"
IOP,0.0002797,"2017-11-25 12:55:00"
IOP,0.00028,"2017-11-25 13:00:00"
IOP,0.0002801,"2017-11-25 13:05:00"
IOP,0.00028,"2017-11-25 13:10:00"
IOP,0.0002797,"2017-11-25 13:15:00"
IOP,0.00028135,"2017-11-25 13:20:00"
IOP,0.00028089,"2017-11-25 13:25:00"
IOP,0.00028093,"2017-11-25 13:30:00"
IOP,0.00028093,"2017-11-25 13:35:00"
IOP,0.0002795,"2017-11-25 13:40:00"
IOP,0.00028046,"2017-11-25 13:45:00"
IOP,0.00028058,"2017-11-25 13:50:00"
IOP,0.00028,"2017-11-25 13:55:00"
IOP,0.0002808,"2017-11-25 14:00:00"
IOP,0.0002808,"2017-11-25 14:05:00"
IOP,0.000277,"2017-11-25 14:10:00"
IOP,0.00028,"2017-11-25 14:15:00"
IOP,0.00027729,"2017-11-25 14:20:00"
IOP,0.00027729,"2017-11-25 14:25:00"
IOP,0.00028048,"2017-11-25 14:30:00"
IOP,0.00028032,"2017-11-25 14:35:00"
IOP,0.00028032,"2017-11-25 14:40:00"
IOP,0.0002773,"2017-11-25 14:45:00"
IOP,0.0002773,"2017-11-25 14:50:00"
IOP,0.00027973,"2017-11-25 14:55:00"
IOP,0.00027762,"2017-11-25 15:00:00"
IOP,0.00028093,"2017-11-25 15:05:00"
IOP,0.00028093,"2017-11-25 15:10:00"
IOP,0.00028005,"2017-11-25 15:15:00"
IOP,0.00028005,"2017-11-25 15:20:00"
IOP,0.0002821,"2017-11-25 15:25:00"
IOP,0.0002821,"2017-11-25 15:30:00"
IOP,0.00028337,"2017-11-25 15:35:00"
IOP,0.00028182,"2017-11-25 15:40:00"
IOP,0.00027902,"2017-11-25 15:45:00"
IOP,0.00028,"2017-11-25 15:50:00"
IOP,0.00028346,"2017-11-25 15:55:00"
IOP,0.00027938,"2017-11-25 16:00:00"
IOP,0.00028144,"2017-11-25 16:05:00"
IOP,0.00027938,"2017-11-25 16:10:00"
IOP,0.00027938,"2017-11-25 16:15:00"
IOP,0.00027938,"2017-11-25 16:20:00"
IOP,0.00028347,"2017-11-25 16:25:00"
IOP,0.00028347,"2017-11-25 16:30:00"
IOP,0.0002794,"2017-11-25 16:35:00"
IOP,0.00027938,"2017-11-25 16:40:00"
IOP,0.00027847,"2017-11-25 16:45:00"
IOP,0.00027847,"2017-11-25 16:50:00"
IOP,0.000283,"2017-11-25 16:55:00"
IOP,0.00027871,"2017-11-25 17:00:00"
IOP,0.00028001,"2017-11-25 17:05:00"
IOP,0.00028101,"2017-11-25 17:10:00"
IOP,0.00027883,"2017-11-25 17:15:00"
IOP,0.00028157,"2017-11-25 17:20:00"
IOP,0.00028266,"2017-11-25 17:25:00"
IOP,0.0002792,"2017-11-25 17:30:00"
IOP,0.00027944,"2017-11-25 17:35:00"
IOP,0.00027909,"2017-11-25 17:40:00"
IOP,0.00027909,"2017-11-25 17:45:00"
IOP,0.00028001,"2017-11-25 17:50:00"
IOP,0.00028233,"2017-11-25 17:55:00"
IOP,0.00028,"2017-11-25 18:00:00"
IOP,0.00027892,"2017-11-25 18:05:00"
IOP,0.00027892,"2017-11-25 18:10:00"
IOP,0.00028311,"2017-11-25 18:15:00"
IOP,0.00027913,"2017-11-25 18:20:00"
IOP,0.00028305,"2017-11-25 18:25:00"
IOP,0.00028301,"2017-11-25 18:30:00"
IOP,0.00028292,"2017-11-25 18:35:00"
IOP,0.00028,"2017-11-25 18:40:00"
IOP,0.00028,"2017-11-25 18:45:00"
IOP,0.00027912,"2017-11-25 18:50:00"
IOP,0.00027911,"2017-11-25 18:55:00"
IOP,0.00027905,"2017-11-25 19:00:00"
IOP,0.000278,"2017-11-25 19:05:00"
IOP,0.00027694,"2017-11-25 19:10:00"
IOP,0.00027673,"2017-11-25 19:15:00"
IOP,0.00027475,"2017-11-25 19:20:00"
IOP,0.0002745,"2017-11-25 19:25:00"
IOP,0.000275,"2017-11-25 19:30:00"
IOP,0.00027686,"2017-11-25 19:35:00"
IOP,0.0002767,"2017-11-25 19:40:00"
IOP,0.0002767,"2017-11-25 19:45:00"
IOP,0.000276,"2017-11-25 19:50:00"
IOP,0.00027347,"2017-11-25 19:55:00"
IOP,0.00027601,"2017-11-25 20:00:00"
IOP,0.00027601,"2017-11-25 20:05:00"
IOP,0.00027391,"2017-11-25 20:10:00"
IOP,0.00027393,"2017-11-25 20:15:00"
IOP,0.0002767,"2017-11-25 20:20:00"
IOP,0.0002767,"2017-11-25 20:25:00"
IOP,0.0002753,"2017-11-25 20:30:00"
IOP,0.00027699,"2017-11-25 20:35:00"
IOP,0.000277,"2017-11-25 20:40:00"
IOP,0.000277,"2017-11-25 20:45:00"
IOP,0.00027764,"2017-11-25 20:50:00"
IOP,0.00027764,"2017-11-25 20:55:00"
IOP,0.00027814,"2017-11-25 21:00:00"
IOP,0.00027809,"2017-11-25 21:05:00"
IOP,0.000277,"2017-11-25 21:10:00"
IOP,0.00027813,"2017-11-25 21:15:00"
IOP,0.00027814,"2017-11-25 21:20:00"
IOP,0.000277,"2017-11-25 21:25:00"
IOP,0.000277,"2017-11-25 21:30:00"
IOP,0.0002765,"2017-11-25 21:35:00"
IOP,0.000277,"2017-11-25 21:40:00"
IOP,0.00027729,"2017-11-25 21:45:00"
IOP,0.0002765,"2017-11-25 21:50:00"
IOP,0.0002775,"2017-11-25 21:55:00"
IOP,0.0002775,"2017-11-25 22:00:00"
IOP,0.00028,"2017-11-25 22:05:00"
IOP,0.0002809,"2017-11-25 22:10:00"
IOP,0.00027751,"2017-11-25 22:15:00"
IOP,0.0002806,"2017-11-25 22:20:00"
IOP,0.00027802,"2017-11-25 22:25:00"
IOP,0.0002775,"2017-11-25 22:30:00"
IOP,0.00027391,"2017-11-25 22:35:00"
IOP,0.000275,"2017-11-25 22:40:00"
IOP,0.0002778,"2017-11-25 22:45:00"
IOP,0.000276,"2017-11-25 22:50:00"
IOP,0.0002778,"2017-11-25 22:55:00"
IOP,0.0002778,"2017-11-25 23:00:00"
IOP,0.00027613,"2017-11-25 23:05:00"
IOP,0.0002755,"2017-11-25 23:10:00"
IOP,0.0002755,"2017-11-25 23:15:00"
IOP,0.0002755,"2017-11-25 23:20:00"
IOP,0.0002749,"2017-11-25 23:25:00"
IOP,0.0002755,"2017-11-25 23:30:00"
IOP,0.00027492,"2017-11-25 23:35:00"
IOP,0.00027449,"2017-11-25 23:40:00"
IOP,0.00027449,"2017-11-25 23:45:00"
IOP,0.00027391,"2017-11-25 23:50:00"
IOP,0.0002735,"2017-11-25 23:55:00"
IOP,0.0002735,"2017-11-26 00:00:00"
IOP,0.00027346,"2017-11-26 00:05:00"
IOP,0.00027339,"2017-11-26 00:10:00"
IOP,0.00027346,"2017-11-26 00:15:00"
IOP,0.00027346,"2017-11-26 00:20:00"
IOP,0.00027311,"2017-11-26 00:25:00"
IOP,0.00027207,"2017-11-26 00:30:00"
IOP,0.00027393,"2017-11-26 00:35:00"
IOP,0.00027393,"2017-11-26 00:40:00"
IOP,0.00027393,"2017-11-26 00:45:00"
IOP,0.00027723,"2017-11-26 00:50:00"
IOP,0.00027686,"2017-11-26 00:55:00"
IOP,0.00027686,"2017-11-26 01:00:00"
IOP,0.00027306,"2017-11-26 01:05:00"
IOP,0.000272,"2017-11-26 01:10:00"
IOP,0.000272,"2017-11-26 01:15:00"
IOP,0.0002725,"2017-11-26 01:20:00"
IOP,0.0002725,"2017-11-26 01:25:00"
IOP,0.0002725,"2017-11-26 01:30:00"
IOP,0.0002725,"2017-11-26 01:35:00"
IOP,0.00027211,"2017-11-26 01:40:00"
IOP,0.00027211,"2017-11-26 01:45:00"
IOP,0.00027211,"2017-11-26 01:50:00"
IOP,0.00027211,"2017-11-26 01:55:00"
IOP,0.00027199,"2017-11-26 02:00:00"
IOP,0.00027162,"2017-11-26 02:05:00"
IOP,0.000271,"2017-11-26 02:10:00"
IOP,0.000271,"2017-11-26 02:15:00"
IOP,0.00027162,"2017-11-26 02:20:00"
IOP,0.00027051,"2017-11-26 02:25:00"
IOP,0.00027051,"2017-11-26 02:30:00"
IOP,0.00027051,"2017-11-26 02:35:00"
IOP,0.00027052,"2017-11-26 02:40:00"
IOP,0.00027162,"2017-11-26 02:45:00"
IOP,0.00027162,"2017-11-26 02:50:00"
IOP,0.00027054,"2017-11-26 02:55:00"
IOP,0.00027162,"2017-11-26 03:00:00"
IOP,0.00027211,"2017-11-26 03:05:00"
IOP,0.00027162,"2017-11-26 03:10:00"
IOP,0.00027162,"2017-11-26 03:15:00"
IOP,0.00027162,"2017-11-26 03:20:00"
IOP,0.000272,"2017-11-26 03:25:00"
IOP,0.00027053,"2017-11-26 03:30:00"
IOP,0.00027053,"2017-11-26 03:35:00"
IOP,0.00027053,"2017-11-26 03:40:00"
IOP,0.00027053,"2017-11-26 03:45:00"
IOP,0.00027053,"2017-11-26 03:50:00"
IOP,0.00027053,"2017-11-26 03:55:00"
IOP,0.00027053,"2017-11-26 04:00:00"
IOP,0.00027052,"2017-11-26 04:05:00"
IOP,0.00027052,"2017-11-26 04:10:00"
IOP,0.00027051,"2017-11-26 04:15:00"
IOP,0.0002721,"2017-11-26 04:20:00"
IOP,0.00027052,"2017-11-26 04:25:00"
IOP,0.0002723,"2017-11-26 04:30:00"
IOP,0.0002728,"2017-11-26 04:35:00"
IOP,0.00027052,"2017-11-26 04:40:00"
IOP,0.00027052,"2017-11-26 04:45:00"
IOP,0.00027052,"2017-11-26 04:50:00"
IOP,0.0002705,"2017-11-26 04:55:00"
IOP,0.00027002,"2017-11-26 05:00:00"
IOP,0.00027002,"2017-11-26 05:05:00"
IOP,0.00027266,"2017-11-26 05:10:00"
IOP,0.0002727,"2017-11-26 05:15:00"
IOP,0.0002727,"2017-11-26 05:20:00"
IOP,0.00027047,"2017-11-26 05:25:00"
IOP,0.00027047,"2017-11-26 05:30:00"
IOP,0.00027418,"2017-11-26 05:35:00"
IOP,0.00027418,"2017-11-26 05:40:00"
IOP,0.00027047,"2017-11-26 05:45:00"
IOP,0.00027047,"2017-11-26 05:50:00"
IOP,0.00027305,"2017-11-26 05:55:00"
IOP,0.00027049,"2017-11-26 06:00:00"
IOP,0.00027049,"2017-11-26 06:05:00"
IOP,0.00027049,"2017-11-26 06:10:00"
IOP,0.00027047,"2017-11-26 06:15:00"
IOP,0.00027047,"2017-11-26 06:20:00"
IOP,0.00027047,"2017-11-26 06:25:00"
IOP,0.00027047,"2017-11-26 06:30:00"
IOP,0.00027047,"2017-11-26 06:35:00"
IOP,0.00027047,"2017-11-26 06:40:00"
IOP,0.00027047,"2017-11-26 06:45:00"
IOP,0.00027005,"2017-11-26 06:50:00"
IOP,0.00027002,"2017-11-26 06:55:00"
IOP,0.00027002,"2017-11-26 07:00:00"
IOP,0.00027,"2017-11-26 07:05:00"
IOP,0.00027243,"2017-11-26 07:10:00"
IOP,0.00026939,"2017-11-26 07:15:00"
IOP,0.00026602,"2017-11-26 07:20:00"
IOP,0.00026609,"2017-11-26 07:25:00"
IOP,0.000269,"2017-11-26 07:30:00"
IOP,0.00027096,"2017-11-26 07:35:00"
IOP,0.00027098,"2017-11-26 07:40:00"
IOP,0.00027098,"2017-11-26 07:45:00"
IOP,0.000269,"2017-11-26 07:50:00"
IOP,0.000269,"2017-11-26 07:55:00"
IOP,0.00027098,"2017-11-26 08:00:00"
IOP,0.00026614,"2017-11-26 08:05:00"
IOP,0.0002662,"2017-11-26 08:10:00"
IOP,0.00026997,"2017-11-26 08:15:00"
IOP,0.00026752,"2017-11-26 08:20:00"
IOP,0.00026652,"2017-11-26 08:25:00"
IOP,0.00026652,"2017-11-26 08:30:00"
IOP,0.00026652,"2017-11-26 08:35:00"
IOP,0.00026551,"2017-11-26 08:40:00"
IOP,0.00026551,"2017-11-26 08:45:00"
IOP,0.00026551,"2017-11-26 08:50:00"
IOP,0.00027,"2017-11-26 08:55:00"
IOP,0.00027082,"2017-11-26 09:00:00"
IOP,0.000272,"2017-11-26 09:05:00"
IOP,0.000272,"2017-11-26 09:10:00"
IOP,0.000267,"2017-11-26 09:15:00"
IOP,0.00027108,"2017-11-26 09:20:00"
IOP,0.00027189,"2017-11-26 09:25:00"
IOP,0.00027185,"2017-11-26 09:30:00"
IOP,0.00026779,"2017-11-26 09:35:00"
IOP,0.00026768,"2017-11-26 09:40:00"
IOP,0.00027018,"2017-11-26 09:45:00"
IOP,0.00027159,"2017-11-26 09:50:00"
IOP,0.00026362,"2017-11-26 09:55:00"
IOP,0.00026369,"2017-11-26 10:00:00"
IOP,0.00026942,"2017-11-26 10:05:00"
IOP,0.00026942,"2017-11-26 10:10:00"
IOP,0.00026942,"2017-11-26 10:15:00"
IOP,0.00026942,"2017-11-26 10:20:00"
IOP,0.00026368,"2017-11-26 10:25:00"
IOP,0.00026987,"2017-11-26 10:30:00"
IOP,0.00026578,"2017-11-26 10:35:00"
IOP,0.000264,"2017-11-26 10:40:00"
IOP,0.000264,"2017-11-26 10:45:00"
IOP,0.0002645,"2017-11-26 10:50:00"
IOP,0.00026451,"2017-11-26 10:55:00"
IOP,0.00026266,"2017-11-26 11:00:00"
IOP,0.000262,"2017-11-26 11:05:00"
IOP,0.00026578,"2017-11-26 11:10:00"
IOP,0.00026578,"2017-11-26 11:15:00"
IOP,0.00026578,"2017-11-26 11:20:00"
IOP,0.00026852,"2017-11-26 11:25:00"
IOP,0.00026768,"2017-11-26 11:30:00"
IOP,0.00026785,"2017-11-26 11:35:00"
IOP,0.00026785,"2017-11-26 11:40:00"
IOP,0.00026785,"2017-11-26 11:45:00"
IOP,0.00026762,"2017-11-26 11:50:00"
IOP,0.00026763,"2017-11-26 11:55:00"
IOP,0.00026762,"2017-11-26 12:00:00"
IOP,0.0002676,"2017-11-26 12:05:00"
IOP,0.0002676,"2017-11-26 12:10:00"
IOP,0.0002676,"2017-11-26 12:15:00"
IOP,0.0002676,"2017-11-26 12:20:00"
IOP,0.0002726,"2017-11-26 12:25:00"
IOP,0.00027248,"2017-11-26 12:30:00"
IOP,0.00027247,"2017-11-26 12:35:00"
IOP,0.00027247,"2017-11-26 12:40:00"
IOP,0.00026855,"2017-11-26 12:45:00"
IOP,0.00026787,"2017-11-26 12:50:00"
IOP,0.00026825,"2017-11-26 12:55:00"
IOP,0.00027177,"2017-11-26 13:00:00"
IOP,0.0002733,"2017-11-26 13:05:00"
IOP,0.0002733,"2017-11-26 13:10:00"
IOP,0.0002733,"2017-11-26 13:15:00"
IOP,0.00027,"2017-11-26 13:20:00"
IOP,0.00027,"2017-11-26 13:25:00"
IOP,0.00027,"2017-11-26 13:30:00"
IOP,0.00026819,"2017-11-26 13:35:00"
IOP,0.00027,"2017-11-26 13:40:00"
IOP,0.00027,"2017-11-26 13:45:00"
IOP,0.00027485,"2017-11-26 13:50:00"
IOP,0.00027495,"2017-11-26 13:55:00"
IOP,0.00027493,"2017-11-26 14:00:00"
IOP,0.00027488,"2017-11-26 14:05:00"
IOP,0.000274,"2017-11-26 14:10:00"
IOP,0.00027092,"2017-11-26 14:15:00"
IOP,0.0002709,"2017-11-26 14:20:00"
IOP,0.00027474,"2017-11-26 14:25:00"
IOP,0.00027474,"2017-11-26 14:30:00"
IOP,0.00027092,"2017-11-26 14:35:00"
IOP,0.00027091,"2017-11-26 14:40:00"
IOP,0.00027091,"2017-11-26 14:45:00"
IOP,0.00027091,"2017-11-26 14:50:00"
IOP,0.00026291,"2017-11-26 14:55:00"
IOP,0.00026516,"2017-11-26 15:00:00"
IOP,0.0002655,"2017-11-26 15:05:00"
IOP,0.00026588,"2017-11-26 15:10:00"
IOP,0.00026816,"2017-11-26 15:15:00"
IOP,0.00027149,"2017-11-26 15:20:00"
IOP,0.00027,"2017-11-26 15:25:00"
IOP,0.00026999,"2017-11-26 15:30:00"
IOP,0.000268,"2017-11-26 15:35:00"
IOP,0.000268,"2017-11-26 15:40:00"
IOP,0.000268,"2017-11-26 15:45:00"
IOP,0.00027149,"2017-11-26 15:50:00"
IOP,0.000272,"2017-11-26 15:55:00"
IOP,0.000268,"2017-11-26 16:00:00"
IOP,0.00027003,"2017-11-26 16:05:00"
IOP,0.00027196,"2017-11-26 16:10:00"
IOP,0.00026852,"2017-11-26 16:15:00"
IOP,0.000271,"2017-11-26 16:20:00"
IOP,0.000273,"2017-11-26 16:25:00"
IOP,0.000273,"2017-11-26 16:30:00"
IOP,0.00027343,"2017-11-26 16:35:00"
IOP,0.00027099,"2017-11-26 16:40:00"
IOP,0.00027002,"2017-11-26 16:45:00"
IOP,0.00027091,"2017-11-26 16:50:00"
IOP,0.00026998,"2017-11-26 16:55:00"
IOP,0.00026626,"2017-11-26 17:00:00"
IOP,0.0002663,"2017-11-26 17:05:00"
IOP,0.00026526,"2017-11-26 17:10:00"
IOP,0.0002652,"2017-11-26 17:15:00"
IOP,0.00026319,"2017-11-26 17:20:00"
IOP,0.000265,"2017-11-26 17:25:00"
IOP,0.00026328,"2017-11-26 17:30:00"
IOP,0.00026328,"2017-11-26 17:35:00"
IOP,0.000265,"2017-11-26 17:40:00"
IOP,0.00026618,"2017-11-26 17:45:00"
IOP,0.000267,"2017-11-26 17:50:00"
IOP,0.00026618,"2017-11-26 17:55:00"
IOP,0.000267,"2017-11-26 18:00:00"
IOP,0.00026618,"2017-11-26 18:05:00"
IOP,0.000265,"2017-11-26 18:10:00"
IOP,0.0002633,"2017-11-26 18:15:00"
IOP,0.0002633,"2017-11-26 18:20:00"
IOP,0.00026242,"2017-11-26 18:25:00"
IOP,0.00026176,"2017-11-26 18:30:00"
IOP,0.000262,"2017-11-26 18:35:00"
IOP,0.00026442,"2017-11-26 18:40:00"
IOP,0.0002645,"2017-11-26 18:45:00"
IOP,0.0002645,"2017-11-26 18:50:00"
IOP,0.00026176,"2017-11-26 18:55:00"
IOP,0.000262,"2017-11-26 19:00:00"
IOP,0.000262,"2017-11-26 19:05:00"
IOP,0.00026,"2017-11-26 19:10:00"
IOP,0.00026,"2017-11-26 19:15:00"
IOP,0.00025998,"2017-11-26 19:20:00"
IOP,0.00025999,"2017-11-26 19:25:00"
IOP,0.00026197,"2017-11-26 19:30:00"
IOP,0.00026001,"2017-11-26 19:35:00"
IOP,0.000262,"2017-11-26 19:40:00"
IOP,0.00025999,"2017-11-26 19:45:00"
IOP,0.00025999,"2017-11-26 19:50:00"
IOP,0.0002585,"2017-11-26 19:55:00"
IOP,0.000258,"2017-11-26 20:00:00"
IOP,0.00025761,"2017-11-26 20:05:00"
IOP,0.00025761,"2017-11-26 20:10:00"
IOP,0.00025868,"2017-11-26 20:15:00"
IOP,0.00026,"2017-11-26 20:20:00"
IOP,0.00025724,"2017-11-26 20:25:00"
IOP,0.00025724,"2017-11-26 20:30:00"
IOP,0.000256,"2017-11-26 20:35:00"
IOP,0.000256,"2017-11-26 20:40:00"
IOP,0.00025637,"2017-11-26 20:45:00"
IOP,0.00025831,"2017-11-26 20:50:00"
IOP,0.00025982,"2017-11-26 20:55:00"
IOP,0.00026167,"2017-11-26 21:00:00"
IOP,0.00026107,"2017-11-26 21:05:00"
IOP,0.0002562,"2017-11-26 21:10:00"
IOP,0.0002582,"2017-11-26 21:15:00"
IOP,0.00026235,"2017-11-26 21:20:00"
IOP,0.00026233,"2017-11-26 21:25:00"
IOP,0.00026198,"2017-11-26 21:30:00"
IOP,0.00025794,"2017-11-26 21:35:00"
IOP,0.0002579,"2017-11-26 21:40:00"
IOP,0.0002579,"2017-11-26 21:45:00"
IOP,0.00026,"2017-11-26 21:50:00"
IOP,0.00025626,"2017-11-26 21:55:00"
IOP,0.000253,"2017-11-26 22:00:00"
IOP,0.00025462,"2017-11-26 22:05:00"
IOP,0.00025643,"2017-11-26 22:10:00"
IOP,0.00025769,"2017-11-26 22:15:00"
IOP,0.00026129,"2017-11-26 22:20:00"
IOP,0.00026129,"2017-11-26 22:25:00"
IOP,0.00026129,"2017-11-26 22:30:00"
IOP,0.00026129,"2017-11-26 22:35:00"
IOP,0.00026129,"2017-11-26 22:40:00"
IOP,0.00025608,"2017-11-26 22:45:00"
IOP,0.00026,"2017-11-26 22:50:00"
IOP,0.00025607,"2017-11-26 22:55:00"
IOP,0.00025607,"2017-11-26 23:00:00"
IOP,0.00026,"2017-11-26 23:05:00"
IOP,0.00026,"2017-11-26 23:10:00"
IOP,0.00025607,"2017-11-26 23:15:00"
IOP,0.00025659,"2017-11-26 23:20:00"
IOP,0.00025379,"2017-11-26 23:25:00"
IOP,0.00026125,"2017-11-26 23:30:00"
IOP,0.00026125,"2017-11-26 23:35:00"
IOP,0.00026235,"2017-11-26 23:40:00"
IOP,0.00026235,"2017-11-26 23:45:00"
IOP,0.00026533,"2017-11-26 23:50:00"
IOP,0.00026804,"2017-11-26 23:55:00"
IOP,0.00026535,"2017-11-27 00:00:00"
IOP,0.00026804,"2017-11-27 00:05:00"
IOP,0.000268,"2017-11-27 00:10:00"
IOP,0.00026552,"2017-11-27 00:15:00"
IOP,0.00026567,"2017-11-27 00:20:00"
IOP,0.00026567,"2017-11-27 00:25:00"
IOP,0.000269,"2017-11-27 00:30:00"
IOP,0.00027018,"2017-11-27 00:35:00"
IOP,0.000273,"2017-11-27 00:40:00"
IOP,0.000271,"2017-11-27 00:45:00"
IOP,0.00026899,"2017-11-27 00:50:00"
IOP,0.00026753,"2017-11-27 00:55:00"
IOP,0.00026,"2017-11-27 01:00:00"
IOP,0.0002738,"2017-11-27 01:05:00"
IOP,0.00027556,"2017-11-27 01:10:00"
IOP,0.0002576,"2017-11-27 01:15:00"
IOP,0.00026098,"2017-11-27 01:20:00"
IOP,0.00026086,"2017-11-27 01:25:00"
IOP,0.00026459,"2017-11-27 01:30:00"
IOP,0.000261,"2017-11-27 01:35:00"
IOP,0.00026232,"2017-11-27 01:40:00"
IOP,0.00025964,"2017-11-27 01:45:00"
IOP,0.0002538,"2017-11-27 01:50:00"
IOP,0.000254,"2017-11-27 01:55:00"
IOP,0.00025678,"2017-11-27 02:00:00"
IOP,0.000257,"2017-11-27 02:05:00"
IOP,0.00025864,"2017-11-27 02:10:00"
IOP,0.00025799,"2017-11-27 02:15:00"
IOP,0.00025996,"2017-11-27 02:20:00"
IOP,0.00026,"2017-11-27 02:25:00"
IOP,0.000255,"2017-11-27 02:30:00"
IOP,0.00025993,"2017-11-27 02:35:00"
IOP,0.00025989,"2017-11-27 02:40:00"
IOP,0.00025715,"2017-11-27 02:45:00"
IOP,0.00025692,"2017-11-27 02:50:00"
IOP,0.00025986,"2017-11-27 02:55:00"
IOP,0.0002592,"2017-11-27 03:00:00"
IOP,0.00025709,"2017-11-27 03:05:00"
IOP,0.00025709,"2017-11-27 03:10:00"
IOP,0.0002571,"2017-11-27 03:15:00"
IOP,0.00025985,"2017-11-27 03:20:00"
IOP,0.0002596,"2017-11-27 03:25:00"
IOP,0.00025709,"2017-11-27 03:30:00"
IOP,0.00025709,"2017-11-27 03:35:00"
IOP,0.00025629,"2017-11-27 03:40:00"
IOP,0.00025616,"2017-11-27 03:45:00"
IOP,0.00025456,"2017-11-27 03:50:00"
IOP,0.00025616,"2017-11-27 03:55:00"
IOP,0.00025709,"2017-11-27 04:00:00"
IOP,0.00025445,"2017-11-27 04:05:00"
IOP,0.00025709,"2017-11-27 04:10:00"
IOP,0.00025816,"2017-11-27 04:15:00"
IOP,0.00025794,"2017-11-27 04:20:00"
IOP,0.00025794,"2017-11-27 04:25:00"
IOP,0.00025794,"2017-11-27 04:30:00"
IOP,0.0002575,"2017-11-27 04:35:00"
IOP,0.00025815,"2017-11-27 04:40:00"
IOP,0.00025816,"2017-11-27 04:45:00"
IOP,0.00026005,"2017-11-27 04:50:00"
IOP,0.00026005,"2017-11-27 04:55:00"
IOP,0.00026001,"2017-11-27 05:00:00"
IOP,0.00026159,"2017-11-27 05:05:00"
IOP,0.000261,"2017-11-27 05:10:00"
IOP,0.00026019,"2017-11-27 05:15:00"
IOP,0.00026301,"2017-11-27 05:20:00"
IOP,0.00025917,"2017-11-27 05:25:00"
IOP,0.000261,"2017-11-27 05:30:00"
IOP,0.00026003,"2017-11-27 05:35:00"
IOP,0.00025903,"2017-11-27 05:40:00"
IOP,0.00026,"2017-11-27 05:45:00"
IOP,0.000259,"2017-11-27 05:50:00"
IOP,0.000262,"2017-11-27 05:55:00"
IOP,0.000262,"2017-11-27 06:00:00"
IOP,0.00026199,"2017-11-27 06:05:00"
IOP,0.000263,"2017-11-27 06:10:00"
IOP,0.00025901,"2017-11-27 06:15:00"
IOP,0.0002629,"2017-11-27 06:20:00"
IOP,0.00026289,"2017-11-27 06:25:00"
IOP,0.000262,"2017-11-27 06:30:00"
IOP,0.00026282,"2017-11-27 06:35:00"
IOP,0.00026334,"2017-11-27 06:40:00"
IOP,0.00026291,"2017-11-27 06:45:00"
IOP,0.00026423,"2017-11-27 06:50:00"
IOP,0.00026293,"2017-11-27 06:55:00"
IOP,0.0002605,"2017-11-27 07:00:00"
IOP,0.00026427,"2017-11-27 07:05:00"
IOP,0.0002608,"2017-11-27 07:10:00"
IOP,0.00026081,"2017-11-27 07:15:00"
IOP,0.00026081,"2017-11-27 07:20:00"
IOP,0.0002611,"2017-11-27 07:25:00"
IOP,0.00026081,"2017-11-27 07:30:00"
IOP,0.0002611,"2017-11-27 07:35:00"
IOP,0.0002628,"2017-11-27 07:40:00"
IOP,0.0002643,"2017-11-27 07:45:00"
IOP,0.00026491,"2017-11-27 07:50:00"
IOP,0.00026119,"2017-11-27 07:55:00"
IOP,0.00026,"2017-11-27 08:00:00"
IOP,0.00026183,"2017-11-27 08:05:00"
IOP,0.00026183,"2017-11-27 08:10:00"
IOP,0.00026217,"2017-11-27 08:15:00"
IOP,0.00026217,"2017-11-27 08:20:00"
IOP,0.00026217,"2017-11-27 08:25:00"
IOP,0.00026514,"2017-11-27 08:30:00"
IOP,0.00026514,"2017-11-27 08:35:00"
IOP,0.00026565,"2017-11-27 08:40:00"
IOP,0.000266,"2017-11-27 08:45:00"
IOP,0.00026222,"2017-11-27 08:50:00"
IOP,0.0002642,"2017-11-27 08:55:00"
IOP,0.00026599,"2017-11-27 09:00:00"
IOP,0.00026532,"2017-11-27 09:05:00"
IOP,0.00026757,"2017-11-27 09:10:00"
IOP,0.0002642,"2017-11-27 09:15:00"
IOP,0.0002642,"2017-11-27 09:20:00"
IOP,0.00026538,"2017-11-27 09:25:00"
IOP,0.00026538,"2017-11-27 09:30:00"
IOP,0.00026538,"2017-11-27 09:35:00"
IOP,0.0002642,"2017-11-27 09:40:00"
IOP,0.00026247,"2017-11-27 09:45:00"
IOP,0.00025958,"2017-11-27 09:50:00"
IOP,0.00025999,"2017-11-27 09:55:00"
IOP,0.00026011,"2017-11-27 10:00:00"
IOP,0.00026178,"2017-11-27 10:05:00"
IOP,0.0002602,"2017-11-27 10:10:00"
IOP,0.00026001,"2017-11-27 10:15:00"
IOP,0.00026008,"2017-11-27 10:20:00"
IOP,0.00025958,"2017-11-27 10:25:00"
IOP,0.00026008,"2017-11-27 10:30:00"
IOP,0.00026,"2017-11-27 10:35:00"
IOP,0.00026,"2017-11-27 10:40:00"
IOP,0.00026186,"2017-11-27 10:45:00"
IOP,0.00026186,"2017-11-27 10:50:00"
IOP,0.00026402,"2017-11-27 10:55:00"
IOP,0.00026045,"2017-11-27 11:00:00"
IOP,0.00026045,"2017-11-27 11:05:00"
IOP,0.00025955,"2017-11-27 11:10:00"
IOP,0.00025955,"2017-11-27 11:15:00"
IOP,0.00026045,"2017-11-27 11:20:00"
IOP,0.00025969,"2017-11-27 11:25:00"
IOP,0.00026174,"2017-11-27 11:30:00"
IOP,0.00026166,"2017-11-27 11:35:00"
IOP,0.00026,"2017-11-27 11:40:00"
IOP,0.00026,"2017-11-27 11:45:00"
IOP,0.00025957,"2017-11-27 11:50:00"
IOP,0.00025956,"2017-11-27 11:55:00"
IOP,0.00026152,"2017-11-27 12:00:00"
IOP,0.00025958,"2017-11-27 12:05:00"
IOP,0.00026135,"2017-11-27 12:10:00"
IOP,0.00026152,"2017-11-27 12:15:00"
IOP,0.0002619,"2017-11-27 12:20:00"
IOP,0.00026203,"2017-11-27 12:25:00"
IOP,0.00026203,"2017-11-27 12:30:00"
IOP,0.00026186,"2017-11-27 12:35:00"
IOP,0.00026186,"2017-11-27 12:40:00"
IOP,0.00026014,"2017-11-27 12:45:00"
IOP,0.00026012,"2017-11-27 12:50:00"
IOP,0.00026012,"2017-11-27 12:55:00"
IOP,0.00026232,"2017-11-27 13:00:00"
IOP,0.00026373,"2017-11-27 13:05:00"
IOP,0.0002638,"2017-11-27 13:10:00"
IOP,0.0002655,"2017-11-27 13:15:00"
IOP,0.00026549,"2017-11-27 13:20:00"
IOP,0.0002654,"2017-11-27 13:25:00"
IOP,0.00026558,"2017-11-27 13:30:00"
IOP,0.00027497,"2017-11-27 13:35:00"
IOP,0.00027888,"2017-11-27 13:40:00"
IOP,0.00027504,"2017-11-27 13:45:00"
IOP,0.00026915,"2017-11-27 13:50:00"
IOP,0.00026818,"2017-11-27 13:55:00"
IOP,0.00026877,"2017-11-27 14:00:00"
IOP,0.00026601,"2017-11-27 14:05:00"
IOP,0.0002678,"2017-11-27 14:10:00"
IOP,0.00026601,"2017-11-27 14:15:00"
IOP,0.00026379,"2017-11-27 14:20:00"
IOP,0.00026,"2017-11-27 14:25:00"
IOP,0.00026379,"2017-11-27 14:30:00"
IOP,0.00026899,"2017-11-27 14:35:00"
IOP,0.00026955,"2017-11-27 14:40:00"
IOP,0.00026939,"2017-11-27 14:45:00"
IOP,0.00026952,"2017-11-27 14:50:00"
IOP,0.0002696,"2017-11-27 14:55:00"
IOP,0.0002696,"2017-11-27 15:00:00"
IOP,0.00026739,"2017-11-27 15:05:00"
IOP,0.00027141,"2017-11-27 15:10:00"
IOP,0.0002716,"2017-11-27 15:15:00"
IOP,0.00027155,"2017-11-27 15:20:00"
IOP,0.00027155,"2017-11-27 15:25:00"
IOP,0.00027155,"2017-11-27 15:30:00"
IOP,0.000268,"2017-11-27 15:35:00"
IOP,0.00026298,"2017-11-27 15:40:00"
IOP,0.00026949,"2017-11-27 15:45:00"
IOP,0.00026948,"2017-11-27 15:50:00"
IOP,0.00026547,"2017-11-27 15:55:00"
IOP,0.00026955,"2017-11-27 16:00:00"
IOP,0.00026985,"2017-11-27 16:05:00"
IOP,0.000267,"2017-11-27 16:10:00"
IOP,0.000267,"2017-11-27 16:15:00"
IOP,0.0002653,"2017-11-27 16:20:00"
IOP,0.000266,"2017-11-27 16:25:00"
IOP,0.00026598,"2017-11-27 16:30:00"
IOP,0.000265,"2017-11-27 16:35:00"
IOP,0.00026346,"2017-11-27 16:40:00"
IOP,0.00026379,"2017-11-27 16:45:00"
IOP,0.0002628,"2017-11-27 16:50:00"
IOP,0.00026379,"2017-11-27 16:55:00"
IOP,0.00026175,"2017-11-27 17:00:00"
IOP,0.00026002,"2017-11-27 17:05:00"
IOP,0.000261,"2017-11-27 17:10:00"
IOP,0.000262,"2017-11-27 17:15:00"
IOP,0.000262,"2017-11-27 17:20:00"
IOP,0.00026377,"2017-11-27 17:25:00"
IOP,0.00026201,"2017-11-27 17:30:00"
IOP,0.00026005,"2017-11-27 17:35:00"
IOP,0.00026179,"2017-11-27 17:40:00"
IOP,0.000261,"2017-11-27 17:45:00"
IOP,0.000261,"2017-11-27 17:50:00"
IOP,0.000261,"2017-11-27 17:55:00"
IOP,0.0002618,"2017-11-27 18:00:00"
IOP,0.00026378,"2017-11-27 18:05:00"
IOP,0.00026374,"2017-11-27 18:10:00"
IOP,0.00026244,"2017-11-27 18:15:00"
IOP,0.00026378,"2017-11-27 18:20:00"
IOP,0.00026413,"2017-11-27 18:25:00"
IOP,0.00026207,"2017-11-27 18:30:00"
IOP,0.00026413,"2017-11-27 18:35:00"
IOP,0.00026379,"2017-11-27 18:40:00"
IOP,0.00026377,"2017-11-27 18:45:00"
IOP,0.00026377,"2017-11-27 18:50:00"
IOP,0.00026377,"2017-11-27 18:55:00"
IOP,0.00026349,"2017-11-27 19:00:00"
IOP,0.00026348,"2017-11-27 19:05:00"
IOP,0.00026107,"2017-11-27 19:10:00"
IOP,0.00026065,"2017-11-27 19:15:00"
IOP,0.00026346,"2017-11-27 19:20:00"
IOP,0.00026348,"2017-11-27 19:25:00"
IOP,0.00026346,"2017-11-27 19:30:00"
IOP,0.00026346,"2017-11-27 19:35:00"
IOP,0.0002634,"2017-11-27 19:40:00"
IOP,0.0002612,"2017-11-27 19:45:00"
IOP,0.00026066,"2017-11-27 19:50:00"
IOP,0.00026064,"2017-11-27 19:55:00"
IOP,0.00026064,"2017-11-27 20:00:00"
IOP,0.00026349,"2017-11-27 20:05:00"
IOP,0.00026352,"2017-11-27 20:10:00"
IOP,0.00026103,"2017-11-27 20:15:00"
IOP,0.000261,"2017-11-27 20:20:00"
IOP,0.000261,"2017-11-27 20:25:00"
IOP,0.000263,"2017-11-27 20:30:00"
IOP,0.000261,"2017-11-27 20:35:00"
IOP,0.00026349,"2017-11-27 20:40:00"
IOP,0.000263,"2017-11-27 20:45:00"
IOP,0.0002631,"2017-11-27 20:50:00"
IOP,0.00026002,"2017-11-27 20:55:00"
IOP,0.00026001,"2017-11-27 21:00:00"
IOP,0.000261,"2017-11-27 21:05:00"
IOP,0.0002599,"2017-11-27 21:10:00"
IOP,0.0002599,"2017-11-27 21:15:00"
IOP,0.00025955,"2017-11-27 21:20:00"
IOP,0.0002599,"2017-11-27 21:25:00"
IOP,0.00025955,"2017-11-27 21:30:00"
IOP,0.0002599,"2017-11-27 21:35:00"
IOP,0.00025835,"2017-11-27 21:40:00"
IOP,0.00025815,"2017-11-27 21:45:00"
IOP,0.00025815,"2017-11-27 21:50:00"
IOP,0.0002584,"2017-11-27 21:55:00"
IOP,0.0002599,"2017-11-27 22:00:00"
IOP,0.0002599,"2017-11-27 22:05:00"
IOP,0.0002599,"2017-11-27 22:10:00"
IOP,0.0002593,"2017-11-27 22:15:00"
IOP,0.0002593,"2017-11-27 22:20:00"
IOP,0.0002593,"2017-11-27 22:25:00"
IOP,0.0002593,"2017-11-27 22:30:00"
IOP,0.000259,"2017-11-27 22:35:00"
IOP,0.0002593,"2017-11-27 22:40:00"
IOP,0.0002593,"2017-11-27 22:45:00"
IOP,0.0002588,"2017-11-27 22:50:00"
IOP,0.00025785,"2017-11-27 22:55:00"
IOP,0.0002562,"2017-11-27 23:00:00"
IOP,0.00025641,"2017-11-27 23:05:00"
IOP,0.0002562,"2017-11-27 23:10:00"
IOP,0.00025641,"2017-11-27 23:15:00"
IOP,0.00025609,"2017-11-27 23:20:00"
IOP,0.00025609,"2017-11-27 23:25:00"
IOP,0.000256,"2017-11-27 23:30:00"
IOP,0.00025641,"2017-11-27 23:35:00"
IOP,0.00025641,"2017-11-27 23:40:00"
IOP,0.00025641,"2017-11-27 23:45:00"
IOP,0.00025643,"2017-11-27 23:50:00"
IOP,0.00025898,"2017-11-27 23:55:00"
IOP,0.0002566,"2017-11-28 00:00:00"
IOP,0.00025622,"2017-11-28 00:05:00"
IOP,0.0002566,"2017-11-28 00:10:00"
IOP,0.00025827,"2017-11-28 00:15:00"
IOP,0.00025852,"2017-11-28 00:20:00"
IOP,0.00025852,"2017-11-28 00:25:00"
IOP,0.00025898,"2017-11-28 00:30:00"
IOP,0.00025898,"2017-11-28 00:35:00"
IOP,0.00025898,"2017-11-28 00:40:00"
IOP,0.00025868,"2017-11-28 00:45:00"
IOP,0.00025899,"2017-11-28 00:50:00"
IOP,0.000259,"2017-11-28 00:55:00"
IOP,0.000259,"2017-11-28 01:00:00"
IOP,0.00025665,"2017-11-28 01:05:00"
IOP,0.00025665,"2017-11-28 01:10:00"
IOP,0.0002566,"2017-11-28 01:15:00"
IOP,0.00025667,"2017-11-28 01:20:00"
IOP,0.00025667,"2017-11-28 01:25:00"
IOP,0.00025901,"2017-11-28 01:30:00"
IOP,0.000259,"2017-11-28 01:35:00"
IOP,0.00025671,"2017-11-28 01:40:00"
IOP,0.00025672,"2017-11-28 01:45:00"
IOP,0.00025672,"2017-11-28 01:50:00"
IOP,0.0002568,"2017-11-28 01:55:00"
IOP,0.00025705,"2017-11-28 02:00:00"
IOP,0.00025929,"2017-11-28 02:05:00"
IOP,0.00025669,"2017-11-28 02:10:00"
IOP,0.00025666,"2017-11-28 02:15:00"
IOP,0.00025533,"2017-11-28 02:20:00"
IOP,0.00025533,"2017-11-28 02:25:00"
IOP,0.00025669,"2017-11-28 02:30:00"
IOP,0.00025643,"2017-11-28 02:35:00"
IOP,0.00025643,"2017-11-28 02:40:00"
IOP,0.00025834,"2017-11-28 02:45:00"
IOP,0.00025643,"2017-11-28 02:50:00"
IOP,0.00025643,"2017-11-28 02:55:00"
IOP,0.00025931,"2017-11-28 03:00:00"
IOP,0.00025931,"2017-11-28 03:05:00"
IOP,0.00025661,"2017-11-28 03:10:00"
IOP,0.0002593,"2017-11-28 03:15:00"
IOP,0.0002593,"2017-11-28 03:20:00"
IOP,0.00025689,"2017-11-28 03:25:00"
IOP,0.00025929,"2017-11-28 03:30:00"
IOP,0.0002593,"2017-11-28 03:35:00"
IOP,0.00025929,"2017-11-28 03:40:00"
IOP,0.00025929,"2017-11-28 03:45:00"
IOP,0.0002593,"2017-11-28 03:50:00"
IOP,0.00025932,"2017-11-28 03:55:00"
IOP,0.00025932,"2017-11-28 04:00:00"
IOP,0.00025989,"2017-11-28 04:05:00"
IOP,0.00025989,"2017-11-28 04:10:00"
IOP,0.00025751,"2017-11-28 04:15:00"
IOP,0.000258,"2017-11-28 04:20:00"
IOP,0.000258,"2017-11-28 04:25:00"
IOP,0.000258,"2017-11-28 04:30:00"
IOP,0.000258,"2017-11-28 04:35:00"
IOP,0.000258,"2017-11-28 04:40:00"
IOP,0.0002599,"2017-11-28 04:45:00"
IOP,0.0002599,"2017-11-28 04:50:00"
IOP,0.0002599,"2017-11-28 04:55:00"
IOP,0.0002599,"2017-11-28 05:00:00"
IOP,0.0002599,"2017-11-28 05:05:00"
IOP,0.00026092,"2017-11-28 05:10:00"
IOP,0.000264,"2017-11-28 05:15:00"
IOP,0.00027,"2017-11-28 05:20:00"
IOP,0.00026612,"2017-11-28 05:25:00"
IOP,0.00026773,"2017-11-28 05:30:00"
IOP,0.00027,"2017-11-28 05:35:00"
IOP,0.00027959,"2017-11-28 05:40:00"
IOP,0.00027841,"2017-11-28 05:45:00"
IOP,0.00027378,"2017-11-28 05:50:00"
IOP,0.000272,"2017-11-28 05:55:00"
IOP,0.00026989,"2017-11-28 06:00:00"
IOP,0.00026824,"2017-11-28 06:05:00"
IOP,0.00026815,"2017-11-28 06:10:00"
IOP,0.00026989,"2017-11-28 06:15:00"
IOP,0.00026816,"2017-11-28 06:20:00"
IOP,0.00026816,"2017-11-28 06:25:00"
IOP,0.00026989,"2017-11-28 06:30:00"
IOP,0.0002828,"2017-11-28 06:35:00"
IOP,0.00028399,"2017-11-28 06:40:00"
IOP,0.0002761,"2017-11-28 06:45:00"
IOP,0.00027964,"2017-11-28 06:50:00"
IOP,0.0002792,"2017-11-28 06:55:00"
IOP,0.000278,"2017-11-28 07:00:00"
IOP,0.000278,"2017-11-28 07:05:00"
IOP,0.00027501,"2017-11-28 07:10:00"
IOP,0.00027,"2017-11-28 07:15:00"
IOP,0.00027287,"2017-11-28 07:20:00"
IOP,0.00027289,"2017-11-28 07:25:00"
IOP,0.0002727,"2017-11-28 07:30:00"
IOP,0.00027285,"2017-11-28 07:35:00"
IOP,0.00027285,"2017-11-28 07:40:00"
IOP,0.00027289,"2017-11-28 07:45:00"
IOP,0.00027354,"2017-11-28 07:50:00"
IOP,0.00027119,"2017-11-28 07:55:00"
IOP,0.00027499,"2017-11-28 08:00:00"
IOP,0.00027542,"2017-11-28 08:05:00"
IOP,0.00027541,"2017-11-28 08:10:00"
IOP,0.00027541,"2017-11-28 08:15:00"
IOP,0.00027539,"2017-11-28 08:20:00"
IOP,0.0002727,"2017-11-28 08:25:00"
IOP,0.00027498,"2017-11-28 08:30:00"
IOP,0.0002745,"2017-11-28 08:35:00"
IOP,0.0002731,"2017-11-28 08:40:00"
IOP,0.00027225,"2017-11-28 08:45:00"
IOP,0.00027222,"2017-11-28 08:50:00"
IOP,0.00027499,"2017-11-28 08:55:00"
IOP,0.00027498,"2017-11-28 09:00:00"
IOP,0.00027399,"2017-11-28 09:05:00"
IOP,0.000275,"2017-11-28 09:10:00"
IOP,0.00027459,"2017-11-28 09:15:00"
IOP,0.000274,"2017-11-28 09:20:00"
IOP,0.000275,"2017-11-28 09:25:00"
IOP,0.000276,"2017-11-28 09:30:00"
IOP,0.00028175,"2017-11-28 09:35:00"
IOP,0.00027732,"2017-11-28 09:40:00"
IOP,0.00028,"2017-11-28 09:45:00"
IOP,0.00027995,"2017-11-28 09:50:00"
IOP,0.00027995,"2017-11-28 09:55:00"
IOP,0.00027732,"2017-11-28 10:00:00"
IOP,0.0002775,"2017-11-28 10:05:00"
IOP,0.00027698,"2017-11-28 10:10:00"
IOP,0.00027699,"2017-11-28 10:15:00"
IOP,0.000277,"2017-11-28 10:20:00"
IOP,0.000277,"2017-11-28 10:25:00"
IOP,0.00028197,"2017-11-28 10:30:00"
IOP,0.0002835,"2017-11-28 10:35:00"
IOP,0.00028445,"2017-11-28 10:40:00"
IOP,0.0002844,"2017-11-28 10:45:00"
IOP,0.00028489,"2017-11-28 10:50:00"
IOP,0.00028487,"2017-11-28 10:55:00"
IOP,0.00028488,"2017-11-28 11:00:00"
IOP,0.00028022,"2017-11-28 11:05:00"
IOP,0.0002805,"2017-11-28 11:10:00"
IOP,0.00027843,"2017-11-28 11:15:00"
IOP,0.0002723,"2017-11-28 11:20:00"
IOP,0.000276,"2017-11-28 11:25:00"
IOP,0.0002765,"2017-11-28 11:30:00"
IOP,0.000273,"2017-11-28 11:35:00"
IOP,0.0002725,"2017-11-28 11:40:00"
IOP,0.00027195,"2017-11-28 11:45:00"
IOP,0.00027234,"2017-11-28 11:50:00"
IOP,0.0002715,"2017-11-28 11:55:00"
IOP,0.00027119,"2017-11-28 12:00:00"
IOP,0.0002725,"2017-11-28 12:05:00"
IOP,0.0002754,"2017-11-28 12:10:00"
IOP,0.00027645,"2017-11-28 12:15:00"
IOP,0.00027841,"2017-11-28 12:20:00"
IOP,0.00028039,"2017-11-28 12:25:00"
IOP,0.00028,"2017-11-28 12:30:00"
IOP,0.000281,"2017-11-28 12:35:00"
IOP,0.000281,"2017-11-28 12:40:00"
IOP,0.000281,"2017-11-28 12:45:00"
IOP,0.00027685,"2017-11-28 12:50:00"
IOP,0.00027549,"2017-11-28 12:55:00"
IOP,0.00027547,"2017-11-28 13:00:00"
IOP,0.0002754,"2017-11-28 13:05:00"
IOP,0.00027539,"2017-11-28 13:10:00"
IOP,0.0002754,"2017-11-28 13:15:00"
IOP,0.000273,"2017-11-28 13:20:00"
IOP,0.00027269,"2017-11-28 13:25:00"
IOP,0.00027344,"2017-11-28 13:30:00"
IOP,0.00027841,"2017-11-28 13:35:00"
IOP,0.00027427,"2017-11-28 13:40:00"
IOP,0.00027088,"2017-11-28 13:45:00"
IOP,0.000268,"2017-11-28 13:50:00"
IOP,0.0002684,"2017-11-28 13:55:00"
IOP,0.0002684,"2017-11-28 14:00:00"
IOP,0.0002681,"2017-11-28 14:05:00"
IOP,0.0002685,"2017-11-28 14:10:00"
IOP,0.0002685,"2017-11-28 14:15:00"
IOP,0.00027068,"2017-11-28 14:20:00"
IOP,0.00027154,"2017-11-28 14:25:00"
IOP,0.00027105,"2017-11-28 14:30:00"
IOP,0.00027299,"2017-11-28 14:35:00"
IOP,0.000272,"2017-11-28 14:40:00"
IOP,0.00027105,"2017-11-28 14:45:00"
IOP,0.00027105,"2017-11-28 14:50:00"
IOP,0.00027,"2017-11-28 14:55:00"
IOP,0.00027273,"2017-11-28 15:00:00"
IOP,0.00027273,"2017-11-28 15:05:00"
IOP,0.00027273,"2017-11-28 15:10:00"
IOP,0.00027431,"2017-11-28 15:15:00"
IOP,0.000274,"2017-11-28 15:20:00"
IOP,0.0002712,"2017-11-28 15:25:00"
IOP,0.0002712,"2017-11-28 15:30:00"
IOP,0.00027081,"2017-11-28 15:35:00"
IOP,0.0002708,"2017-11-28 15:40:00"
IOP,0.00027119,"2017-11-28 15:45:00"
IOP,0.00027005,"2017-11-28 15:50:00"
IOP,0.00027005,"2017-11-28 15:55:00"
IOP,0.00027,"2017-11-28 16:00:00"
IOP,0.00027,"2017-11-28 16:05:00"
IOP,0.0002686,"2017-11-28 16:10:00"
IOP,0.00026774,"2017-11-28 16:15:00"
IOP,0.00026774,"2017-11-28 16:20:00"
IOP,0.00026775,"2017-11-28 16:25:00"
IOP,0.00026775,"2017-11-28 16:30:00"
IOP,0.0002671,"2017-11-28 16:35:00"
IOP,0.00026727,"2017-11-28 16:40:00"
IOP,0.000267,"2017-11-28 16:45:00"
IOP,0.00026992,"2017-11-28 16:50:00"
IOP,0.00026801,"2017-11-28 16:55:00"
IOP,0.00026991,"2017-11-28 17:00:00"
IOP,0.00026901,"2017-11-28 17:05:00"
IOP,0.0002685,"2017-11-28 17:10:00"
IOP,0.0002671,"2017-11-28 17:15:00"
IOP,0.00026988,"2017-11-28 17:20:00"
IOP,0.00026991,"2017-11-28 17:25:00"
IOP,0.00026991,"2017-11-28 17:30:00"
IOP,0.00027008,"2017-11-28 17:35:00"
IOP,0.00026722,"2017-11-28 17:40:00"
IOP,0.00026723,"2017-11-28 17:45:00"
IOP,0.00026725,"2017-11-28 17:50:00"
IOP,0.0002674,"2017-11-28 17:55:00"
IOP,0.00026744,"2017-11-28 18:00:00"
IOP,0.0002678,"2017-11-28 18:05:00"
IOP,0.00027096,"2017-11-28 18:10:00"
IOP,0.000269,"2017-11-28 18:15:00"
IOP,0.0002678,"2017-11-28 18:20:00"
IOP,0.0002707,"2017-11-28 18:25:00"
IOP,0.00027098,"2017-11-28 18:30:00"
IOP,0.00026811,"2017-11-28 18:35:00"
IOP,0.0002704,"2017-11-28 18:40:00"
IOP,0.0002704,"2017-11-28 18:45:00"
IOP,0.000272,"2017-11-28 18:50:00"
IOP,0.00027208,"2017-11-28 18:55:00"
IOP,0.00027207,"2017-11-28 19:00:00"
IOP,0.00027201,"2017-11-28 19:05:00"
IOP,0.00027207,"2017-11-28 19:10:00"
IOP,0.00027207,"2017-11-28 19:15:00"
IOP,0.00027207,"2017-11-28 19:20:00"
IOP,0.0002704,"2017-11-28 19:25:00"
IOP,0.00027206,"2017-11-28 19:30:00"
IOP,0.00027003,"2017-11-28 19:35:00"
IOP,0.00027218,"2017-11-28 19:40:00"
IOP,0.000272,"2017-11-28 19:45:00"
IOP,0.00026879,"2017-11-28 19:50:00"
IOP,0.00026802,"2017-11-28 19:55:00"
IOP,0.00026802,"2017-11-28 20:00:00"
IOP,0.00026803,"2017-11-28 20:05:00"
IOP,0.0002685,"2017-11-28 20:10:00"
IOP,0.00027002,"2017-11-28 20:15:00"
IOP,0.00027192,"2017-11-28 20:20:00"
IOP,0.00027216,"2017-11-28 20:25:00"
IOP,0.00027216,"2017-11-28 20:30:00"
IOP,0.00027148,"2017-11-28 20:35:00"
IOP,0.0002714,"2017-11-28 20:40:00"
IOP,0.00027,"2017-11-28 20:45:00"
IOP,0.00026825,"2017-11-28 20:50:00"
IOP,0.00027,"2017-11-28 20:55:00"
IOP,0.00027208,"2017-11-28 21:00:00"
IOP,0.00027215,"2017-11-28 21:05:00"
IOP,0.00027296,"2017-11-28 21:10:00"
IOP,0.000274,"2017-11-28 21:15:00"
IOP,0.0002751,"2017-11-28 21:20:00"
IOP,0.0002765,"2017-11-28 21:25:00"
IOP,0.0002745,"2017-11-28 21:30:00"
IOP,0.0002765,"2017-11-28 21:35:00"
IOP,0.00027467,"2017-11-28 21:40:00"
IOP,0.000274,"2017-11-28 21:45:00"
IOP,0.00027307,"2017-11-28 21:50:00"
IOP,0.00027307,"2017-11-28 21:55:00"
IOP,0.00027301,"2017-11-28 22:00:00"
IOP,0.000274,"2017-11-28 22:05:00"
IOP,0.00027624,"2017-11-28 22:10:00"
IOP,0.000276,"2017-11-28 22:15:00"
IOP,0.00027624,"2017-11-28 22:20:00"
IOP,0.0002764,"2017-11-28 22:25:00"
IOP,0.0002764,"2017-11-28 22:30:00"
IOP,0.00027699,"2017-11-28 22:35:00"
IOP,0.00027779,"2017-11-28 22:40:00"
IOP,0.00028,"2017-11-28 22:45:00"
IOP,0.00027995,"2017-11-28 22:50:00"
IOP,0.0002764,"2017-11-28 22:55:00"
IOP,0.0002764,"2017-11-28 23:00:00"
IOP,0.00027624,"2017-11-28 23:05:00"
IOP,0.00027626,"2017-11-28 23:10:00"
IOP,0.0002762,"2017-11-28 23:15:00"
IOP,0.0002762,"2017-11-28 23:20:00"
IOP,0.00027621,"2017-11-28 23:25:00"
IOP,0.00027958,"2017-11-28 23:30:00"
IOP,0.0002775,"2017-11-28 23:35:00"
IOP,0.0002752,"2017-11-28 23:40:00"
IOP,0.00027999,"2017-11-28 23:45:00"
IOP,0.00027717,"2017-11-28 23:50:00"
IOP,0.000277,"2017-11-28 23:55:00"
IOP,0.00027717,"2017-11-29 00:00:00"
IOP,0.00027717,"2017-11-29 00:05:00"
IOP,0.00027717,"2017-11-29 00:10:00"
IOP,0.0002741,"2017-11-29 00:15:00"
IOP,0.0002741,"2017-11-29 00:20:00"
IOP,0.000278,"2017-11-29 00:25:00"
IOP,0.0002795,"2017-11-29 00:30:00"
IOP,0.000278,"2017-11-29 00:35:00"
IOP,0.000279,"2017-11-29 00:40:00"
IOP,0.00027454,"2017-11-29 00:45:00"
IOP,0.00027477,"2017-11-29 00:50:00"
IOP,0.000279,"2017-11-29 00:55:00"
IOP,0.00027495,"2017-11-29 01:00:00"
IOP,0.000278,"2017-11-29 01:05:00"
IOP,0.00028,"2017-11-29 01:10:00"
IOP,0.00027701,"2017-11-29 01:15:00"
IOP,0.000276,"2017-11-29 01:20:00"
IOP,0.00027701,"2017-11-29 01:25:00"
IOP,0.00027994,"2017-11-29 01:30:00"
IOP,0.00028,"2017-11-29 01:35:00"
IOP,0.000281,"2017-11-29 01:40:00"
IOP,0.00028103,"2017-11-29 01:45:00"
IOP,0.0002818,"2017-11-29 01:50:00"
IOP,0.000282,"2017-11-29 01:55:00"
IOP,0.00028295,"2017-11-29 02:00:00"
IOP,0.0002816,"2017-11-29 02:05:00"
IOP,0.00028162,"2017-11-29 02:10:00"
IOP,0.00028161,"2017-11-29 02:15:00"
IOP,0.00028162,"2017-11-29 02:20:00"
IOP,0.00028243,"2017-11-29 02:25:00"
IOP,0.0002843,"2017-11-29 02:30:00"
IOP,0.00028243,"2017-11-29 02:35:00"
IOP,0.00028498,"2017-11-29 02:40:00"
IOP,0.000285,"2017-11-29 02:45:00"
IOP,0.00028497,"2017-11-29 02:50:00"
IOP,0.00028,"2017-11-29 02:55:00"
IOP,0.00028001,"2017-11-29 03:00:00"
IOP,0.00027845,"2017-11-29 03:05:00"
IOP,0.00027887,"2017-11-29 03:10:00"
IOP,0.0002845,"2017-11-29 03:15:00"
IOP,0.00028445,"2017-11-29 03:20:00"
IOP,0.00028007,"2017-11-29 03:25:00"
IOP,0.00028438,"2017-11-29 03:30:00"
IOP,0.00028104,"2017-11-29 03:35:00"
IOP,0.00028499,"2017-11-29 03:40:00"
IOP,0.00028002,"2017-11-29 03:45:00"
IOP,0.00028003,"2017-11-29 03:50:00"
IOP,0.00028003,"2017-11-29 03:55:00"
IOP,0.000278,"2017-11-29 04:00:00"
IOP,0.00028,"2017-11-29 04:05:00"
IOP,0.00028505,"2017-11-29 04:10:00"
IOP,0.00029297,"2017-11-29 04:15:00"
IOP,0.00030353,"2017-11-29 04:20:00"
IOP,0.00029372,"2017-11-29 04:25:00"
IOP,0.00028608,"2017-11-29 04:30:00"
IOP,0.00029115,"2017-11-29 04:35:00"
IOP,0.000303,"2017-11-29 04:40:00"
IOP,0.00029436,"2017-11-29 04:45:00"
IOP,0.0003,"2017-11-29 04:50:00"
IOP,0.00031309,"2017-11-29 04:55:00"
IOP,0.00034305,"2017-11-29 05:00:00"
IOP,0.000344,"2017-11-29 05:05:00"
IOP,0.00032715,"2017-11-29 05:10:00"
IOP,0.0003689,"2017-11-29 05:15:00"
IOP,0.00036786,"2017-11-29 05:20:00"
IOP,0.00035205,"2017-11-29 05:25:00"
IOP,0.00035912,"2017-11-29 05:30:00"
IOP,0.0003553,"2017-11-29 05:35:00"
IOP,0.00034825,"2017-11-29 05:40:00"
IOP,0.00034203,"2017-11-29 05:45:00"
IOP,0.00034558,"2017-11-29 05:50:00"
IOP,0.00033558,"2017-11-29 05:55:00"
IOP,0.00033999,"2017-11-29 06:00:00"
IOP,0.00034,"2017-11-29 06:05:00"
IOP,0.00033415,"2017-11-29 06:10:00"
IOP,0.00033235,"2017-11-29 06:15:00"
IOP,0.00034089,"2017-11-29 06:20:00"
IOP,0.00034778,"2017-11-29 06:25:00"
IOP,0.000383,"2017-11-29 06:30:00"
IOP,0.0003632,"2017-11-29 06:35:00"
IOP,0.000405,"2017-11-29 06:40:00"
IOP,0.00040491,"2017-11-29 06:45:00"
IOP,0.0004535,"2017-11-29 06:50:00"
IOP,0.000448,"2017-11-29 06:55:00"
IOP,0.00042,"2017-11-29 07:00:00"
IOP,0.00041922,"2017-11-29 07:05:00"
IOP,0.00039625,"2017-11-29 07:10:00"
IOP,0.000405,"2017-11-29 07:15:00"
IOP,0.0004,"2017-11-29 07:20:00"
IOP,0.00039991,"2017-11-29 07:25:00"
IOP,0.0003999,"2017-11-29 07:30:00"
IOP,0.00039604,"2017-11-29 07:35:00"
IOP,0.000412,"2017-11-29 07:40:00"
IOP,0.00041147,"2017-11-29 07:45:00"
IOP,0.00043591,"2017-11-29 07:50:00"
IOP,0.00045488,"2017-11-29 07:55:00"
IOP,0.00048003,"2017-11-29 08:00:00"
IOP,0.00045555,"2017-11-29 08:05:00"
IOP,0.00048,"2017-11-29 08:10:00"
IOP,0.00047466,"2017-11-29 08:15:00"
IOP,0.0004755,"2017-11-29 08:20:00"
IOP,0.00047599,"2017-11-29 08:25:00"
IOP,0.000485,"2017-11-29 08:30:00"
IOP,0.00047235,"2017-11-29 08:35:00"
IOP,0.00046601,"2017-11-29 08:40:00"
IOP,0.00044999,"2017-11-29 08:45:00"
IOP,0.00045901,"2017-11-29 08:50:00"
IOP,0.00044998,"2017-11-29 08:55:00"
IOP,0.00043802,"2017-11-29 09:00:00"
IOP,0.00043807,"2017-11-29 09:05:00"
IOP,0.000432,"2017-11-29 09:10:00"
IOP,0.00041515,"2017-11-29 09:15:00"
IOP,0.000414,"2017-11-29 09:20:00"
IOP,0.000422,"2017-11-29 09:25:00"
IOP,0.00043068,"2017-11-29 09:30:00"
IOP,0.00041421,"2017-11-29 09:35:00"
IOP,0.00041245,"2017-11-29 09:40:00"
IOP,0.000394,"2017-11-29 09:45:00"
IOP,0.00040976,"2017-11-29 09:50:00"
IOP,0.00039217,"2017-11-29 09:55:00"
IOP,0.000395,"2017-11-29 10:00:00"
IOP,0.0003819,"2017-11-29 10:05:00"
IOP,0.000383,"2017-11-29 10:10:00"
IOP,0.00038815,"2017-11-29 10:15:00"
IOP,0.000411,"2017-11-29 10:20:00"
IOP,0.00039817,"2017-11-29 10:25:00"
IOP,0.00039405,"2017-11-29 10:30:00"
IOP,0.00038997,"2017-11-29 10:35:00"
IOP,0.00040829,"2017-11-29 10:40:00"
IOP,0.00040012,"2017-11-29 10:45:00"
IOP,0.0004055,"2017-11-29 10:50:00"
IOP,0.0004,"2017-11-29 10:55:00"
IOP,0.00040965,"2017-11-29 11:00:00"
IOP,0.0004033,"2017-11-29 11:05:00"
IOP,0.00040799,"2017-11-29 11:10:00"
IOP,0.000422,"2017-11-29 11:15:00"
IOP,0.0004246,"2017-11-29 11:20:00"
IOP,0.000455,"2017-11-29 11:25:00"
IOP,0.000438,"2017-11-29 11:30:00"
IOP,0.00043889,"2017-11-29 11:35:00"
IOP,0.00042869,"2017-11-29 11:40:00"
IOP,0.00042499,"2017-11-29 11:45:00"
IOP,0.00041972,"2017-11-29 11:50:00"
IOP,0.0004175,"2017-11-29 11:55:00"
IOP,0.00040517,"2017-11-29 12:00:00"
IOP,0.0003972,"2017-11-29 12:05:00"
IOP,0.00039144,"2017-11-29 12:10:00"
IOP,0.000395,"2017-11-29 12:15:00"
IOP,0.00038649,"2017-11-29 12:20:00"
IOP,0.000382,"2017-11-29 12:25:00"
IOP,0.0003748,"2017-11-29 12:30:00"
IOP,0.00036832,"2017-11-29 12:35:00"
IOP,0.000378,"2017-11-29 12:40:00"
IOP,0.00037506,"2017-11-29 12:45:00"
IOP,0.000394,"2017-11-29 12:50:00"
IOP,0.00039397,"2017-11-29 12:55:00"
IOP,0.00038968,"2017-11-29 13:00:00"
IOP,0.0003849,"2017-11-29 13:05:00"
IOP,0.00039376,"2017-11-29 13:10:00"
IOP,0.00039373,"2017-11-29 13:15:00"
IOP,0.00037982,"2017-11-29 13:20:00"
IOP,0.0003796,"2017-11-29 13:25:00"
IOP,0.00037252,"2017-11-29 13:30:00"
IOP,0.00037181,"2017-11-29 13:35:00"
IOP,0.00036424,"2017-11-29 13:40:00"
IOP,0.00035,"2017-11-29 13:45:00"
IOP,0.00035871,"2017-11-29 13:50:00"
IOP,0.00036205,"2017-11-29 13:55:00"
IOP,0.00036,"2017-11-29 14:00:00"
IOP,0.00035704,"2017-11-29 14:05:00"
IOP,0.00034,"2017-11-29 14:10:00"
IOP,0.00035886,"2017-11-29 14:15:00"
IOP,0.00035298,"2017-11-29 14:20:00"
IOP,0.00036162,"2017-11-29 14:25:00"
IOP,0.00035298,"2017-11-29 14:30:00"
IOP,0.00036499,"2017-11-29 14:35:00"
IOP,0.00035946,"2017-11-29 14:40:00"
IOP,0.00035972,"2017-11-29 14:45:00"
IOP,0.000364,"2017-11-29 14:50:00"
IOP,0.00036495,"2017-11-29 14:55:00"
IOP,0.00036885,"2017-11-29 15:00:00"
IOP,0.00037454,"2017-11-29 15:05:00"
IOP,0.00037003,"2017-11-29 15:10:00"
IOP,0.00037432,"2017-11-29 15:15:00"
IOP,0.00037363,"2017-11-29 15:20:00"
IOP,0.00035,"2017-11-29 15:25:00"
IOP,0.00035451,"2017-11-29 15:30:00"
IOP,0.000352,"2017-11-29 15:35:00"
IOP,0.00035886,"2017-11-29 15:40:00"
IOP,0.00035584,"2017-11-29 15:45:00"
IOP,0.00035639,"2017-11-29 15:50:00"
IOP,0.00036197,"2017-11-29 15:55:00"
IOP,0.00036039,"2017-11-29 16:00:00"
IOP,0.00035787,"2017-11-29 16:05:00"
IOP,0.00035788,"2017-11-29 16:10:00"
IOP,0.00035786,"2017-11-29 16:15:00"
IOP,0.00035177,"2017-11-29 16:20:00"
IOP,0.0003505,"2017-11-29 16:25:00"
IOP,0.00034338,"2017-11-29 16:30:00"
IOP,0.00035,"2017-11-29 16:35:00"
IOP,0.00034362,"2017-11-29 16:40:00"
IOP,0.00034,"2017-11-29 16:45:00"
IOP,0.000336,"2017-11-29 16:50:00"
IOP,0.00033419,"2017-11-29 16:55:00"
IOP,0.000346,"2017-11-29 17:00:00"
IOP,0.000344,"2017-11-29 17:05:00"
IOP,0.0003493,"2017-11-29 17:10:00"
IOP,0.00034363,"2017-11-29 17:15:00"
IOP,0.000357,"2017-11-29 17:20:00"
IOP,0.000355,"2017-11-29 17:25:00"
IOP,0.00034559,"2017-11-29 17:30:00"
IOP,0.00035,"2017-11-29 17:35:00"
IOP,0.00034557,"2017-11-29 17:40:00"
IOP,0.00034124,"2017-11-29 17:45:00"
IOP,0.00033999,"2017-11-29 17:50:00"
IOP,0.000347,"2017-11-29 17:55:00"
IOP,0.00034699,"2017-11-29 18:00:00"
IOP,0.00033419,"2017-11-29 18:05:00"
IOP,0.00033466,"2017-11-29 18:10:00"
IOP,0.00032745,"2017-11-29 18:15:00"
IOP,0.00032603,"2017-11-29 18:20:00"
IOP,0.00032209,"2017-11-29 18:25:00"
IOP,0.00032017,"2017-11-29 18:30:00"
IOP,0.00032508,"2017-11-29 18:35:00"
IOP,0.0003247,"2017-11-29 18:40:00"
IOP,0.00032423,"2017-11-29 18:45:00"
IOP,0.00034175,"2017-11-29 18:50:00"
IOP,0.00034074,"2017-11-29 18:55:00"
IOP,0.00033605,"2017-11-29 19:00:00"
IOP,0.00033077,"2017-11-29 19:05:00"
IOP,0.0003334,"2017-11-29 19:10:00"
IOP,0.000333,"2017-11-29 19:15:00"
IOP,0.00033414,"2017-11-29 19:20:00"
IOP,0.00034421,"2017-11-29 19:25:00"
IOP,0.00036223,"2017-11-29 19:30:00"
IOP,0.00035695,"2017-11-29 19:35:00"
IOP,0.000354,"2017-11-29 19:40:00"
IOP,0.00036346,"2017-11-29 19:45:00"
IOP,0.00036804,"2017-11-29 19:50:00"
IOP,0.000371,"2017-11-29 19:55:00"
IOP,0.00037442,"2017-11-29 20:00:00"
IOP,0.00038551,"2017-11-29 20:05:00"
IOP,0.00037535,"2017-11-29 20:10:00"
IOP,0.00036,"2017-11-29 20:15:00"
IOP,0.00035439,"2017-11-29 20:20:00"
IOP,0.0003561,"2017-11-29 20:25:00"
IOP,0.00035428,"2017-11-29 20:30:00"
IOP,0.00033946,"2017-11-29 20:35:00"
IOP,0.00032681,"2017-11-29 20:40:00"
IOP,0.00032556,"2017-11-29 20:45:00"
IOP,0.00033,"2017-11-29 20:50:00"
IOP,0.00033172,"2017-11-29 20:55:00"
IOP,0.00033269,"2017-11-29 21:00:00"
IOP,0.00034615,"2017-11-29 21:05:00"
IOP,0.0003679,"2017-11-29 21:10:00"
IOP,0.000372,"2017-11-29 21:15:00"
IOP,0.00037002,"2017-11-29 21:20:00"
IOP,0.00036353,"2017-11-29 21:25:00"
IOP,0.0003516,"2017-11-29 21:30:00"
IOP,0.00034689,"2017-11-29 21:35:00"
IOP,0.00035054,"2017-11-29 21:40:00"
IOP,0.00035053,"2017-11-29 21:45:00"
IOP,0.00035,"2017-11-29 21:50:00"
IOP,0.0003446,"2017-11-29 21:55:00"
IOP,0.00033421,"2017-11-29 22:00:00"
IOP,0.00033999,"2017-11-29 22:05:00"
IOP,0.0003465,"2017-11-29 22:10:00"
IOP,0.00034869,"2017-11-29 22:15:00"
IOP,0.00034659,"2017-11-29 22:20:00"
IOP,0.00034347,"2017-11-29 22:25:00"
IOP,0.0003315,"2017-11-29 22:30:00"
IOP,0.00033085,"2017-11-29 22:35:00"
IOP,0.00032999,"2017-11-29 22:40:00"
IOP,0.00033005,"2017-11-29 22:45:00"
IOP,0.00032503,"2017-11-29 22:50:00"
IOP,0.00032684,"2017-11-29 22:55:00"
IOP,0.00032751,"2017-11-29 23:00:00"
IOP,0.00033242,"2017-11-29 23:05:00"
IOP,0.00031374,"2017-11-29 23:10:00"
IOP,0.00031758,"2017-11-29 23:15:00"
IOP,0.00032447,"2017-11-29 23:20:00"
IOP,0.00033011,"2017-11-29 23:25:00"
IOP,0.00032801,"2017-11-29 23:30:00"
IOP,0.00032801,"2017-11-29 23:35:00"
IOP,0.00031793,"2017-11-29 23:40:00"
IOP,0.00032675,"2017-11-29 23:45:00"
IOP,0.00031218,"2017-11-29 23:50:00"
IOP,0.00030813,"2017-11-29 23:55:00"
IOP,0.00031,"2017-11-30 00:00:00"
IOP,0.00031005,"2017-11-30 00:05:00"
IOP,0.00030172,"2017-11-30 00:10:00"
IOP,0.00029522,"2017-11-30 00:15:00"
IOP,0.00030616,"2017-11-30 00:20:00"
IOP,0.000306,"2017-11-30 00:25:00"
IOP,0.0003043,"2017-11-30 00:30:00"
IOP,0.000297,"2017-11-30 00:35:00"
IOP,0.00030801,"2017-11-30 00:40:00"
IOP,0.00032052,"2017-11-30 00:45:00"
IOP,0.00032172,"2017-11-30 00:50:00"
IOP,0.00032266,"2017-11-30 00:55:00"
IOP,0.00032267,"2017-11-30 01:00:00"
IOP,0.00031951,"2017-11-30 01:05:00"
IOP,0.00030208,"2017-11-30 01:10:00"
IOP,0.00029633,"2017-11-30 01:15:00"
IOP,0.00031111,"2017-11-30 01:20:00"
IOP,0.00029856,"2017-11-30 01:25:00"
IOP,0.000308,"2017-11-30 01:30:00"
IOP,0.000303,"2017-11-30 01:35:00"
IOP,0.0003052,"2017-11-30 01:40:00"
IOP,0.00030519,"2017-11-30 01:45:00"
IOP,0.0003068,"2017-11-30 01:50:00"
IOP,0.00031247,"2017-11-30 01:55:00"
IOP,0.00031025,"2017-11-30 02:00:00"
IOP,0.00031301,"2017-11-30 02:05:00"
IOP,0.000313,"2017-11-30 02:10:00"
IOP,0.000312,"2017-11-30 02:15:00"
IOP,0.0003162,"2017-11-30 02:20:00"
IOP,0.00031722,"2017-11-30 02:25:00"
IOP,0.0003175,"2017-11-30 02:30:00"
IOP,0.00031789,"2017-11-30 02:35:00"
IOP,0.00031787,"2017-11-30 02:40:00"
IOP,0.00032017,"2017-11-30 02:45:00"
IOP,0.00033458,"2017-11-30 02:50:00"
IOP,0.00033584,"2017-11-30 02:55:00"
IOP,0.00034698,"2017-11-30 03:00:00"
IOP,0.000345,"2017-11-30 03:05:00"
IOP,0.00034452,"2017-11-30 03:10:00"
IOP,0.0003397,"2017-11-30 03:15:00"
IOP,0.00034999,"2017-11-30 03:20:00"
IOP,0.00034954,"2017-11-30 03:25:00"
IOP,0.000375,"2017-11-30 03:30:00"
IOP,0.0003784,"2017-11-30 03:35:00"
IOP,0.000387,"2017-11-30 03:40:00"
IOP,0.00040449,"2017-11-30 03:45:00"
IOP,0.00039633,"2017-11-30 03:50:00"
IOP,0.00039292,"2017-11-30 03:55:00"
IOP,0.00038205,"2017-11-30 04:00:00"
IOP,0.00038934,"2017-11-30 04:05:00"
IOP,0.00038729,"2017-11-30 04:10:00"
IOP,0.000379,"2017-11-30 04:15:00"
IOP,0.00038845,"2017-11-30 04:20:00"
IOP,0.000418,"2017-11-30 04:25:00"
IOP,0.0004189,"2017-11-30 04:30:00"
IOP,0.0004091,"2017-11-30 04:35:00"
IOP,0.00039099,"2017-11-30 04:40:00"
IOP,0.00038,"2017-11-30 04:45:00"
IOP,0.00039094,"2017-11-30 04:50:00"
IOP,0.0003895,"2017-11-30 04:55:00"
IOP,0.00038501,"2017-11-30 05:00:00"
IOP,0.00038992,"2017-11-30 05:05:00"
IOP,0.00038501,"2017-11-30 05:10:00"
IOP,0.00038007,"2017-11-30 05:15:00"
IOP,0.00037126,"2017-11-30 05:20:00"
IOP,0.00036239,"2017-11-30 05:25:00"
IOP,0.0003599,"2017-11-30 05:30:00"
IOP,0.0003627,"2017-11-30 05:35:00"
IOP,0.000363,"2017-11-30 05:40:00"
IOP,0.00037,"2017-11-30 05:45:00"
IOP,0.00037152,"2017-11-30 05:50:00"
IOP,0.00035999,"2017-11-30 05:55:00"
IOP,0.00035338,"2017-11-30 06:00:00"
IOP,0.00036075,"2017-11-30 06:05:00"
IOP,0.0003629,"2017-11-30 06:10:00"
IOP,0.00035999,"2017-11-30 06:15:00"
IOP,0.00034782,"2017-11-30 06:20:00"
IOP,0.0003395,"2017-11-30 06:25:00"
IOP,0.00033743,"2017-11-30 06:30:00"
IOP,0.00033644,"2017-11-30 06:35:00"
IOP,0.0003353,"2017-11-30 06:40:00"
IOP,0.00033909,"2017-11-30 06:45:00"
IOP,0.000347,"2017-11-30 06:50:00"
IOP,0.00034527,"2017-11-30 06:55:00"
IOP,0.00034067,"2017-11-30 07:00:00"
IOP,0.00033738,"2017-11-30 07:05:00"
IOP,0.00033693,"2017-11-30 07:10:00"
IOP,0.00033,"2017-11-30 07:15:00"
IOP,0.00032631,"2017-11-30 07:20:00"
IOP,0.00032479,"2017-11-30 07:25:00"
IOP,0.00033056,"2017-11-30 07:30:00"
IOP,0.000327,"2017-11-30 07:35:00"
IOP,0.00032375,"2017-11-30 07:40:00"
IOP,0.000326,"2017-11-30 07:45:00"
IOP,0.0003257,"2017-11-30 07:50:00"
IOP,0.00032585,"2017-11-30 07:55:00"
IOP,0.00033085,"2017-11-30 08:00:00"
IOP,0.00033192,"2017-11-30 08:05:00"
IOP,0.00033648,"2017-11-30 08:10:00"
IOP,0.00034208,"2017-11-30 08:15:00"
IOP,0.00034208,"2017-11-30 08:20:00"
IOP,0.00034,"2017-11-30 08:25:00"
IOP,0.000338,"2017-11-30 08:30:00"
IOP,0.00033798,"2017-11-30 08:35:00"
IOP,0.00033797,"2017-11-30 08:40:00"
IOP,0.00034487,"2017-11-30 08:45:00"
IOP,0.00034487,"2017-11-30 08:50:00"
IOP,0.00034018,"2017-11-30 08:55:00"
IOP,0.00035363,"2017-11-30 09:00:00"
IOP,0.00035355,"2017-11-30 09:05:00"
IOP,0.00035355,"2017-11-30 09:10:00"
IOP,0.00035355,"2017-11-30 09:15:00"
IOP,0.00035355,"2017-11-30 09:20:00"
IOP,0.00035355,"2017-11-30 09:25:00"
IOP,0.00035355,"2017-11-30 09:30:00"
IOP,0.00035355,"2017-11-30 09:35:00"
IOP,0.00035355,"2017-11-30 09:40:00"
IOP,0.00035355,"2017-11-30 09:45:00"
IOP,0.00035355,"2017-11-30 09:50:00"
IOP,0.00035355,"2017-11-30 09:55:00"
IOP,0.00035355,"2017-11-30 10:00:00"
IOP,0.0003394,"2017-11-30 10:05:00"
IOP,0.00033939,"2017-11-30 10:10:00"
IOP,0.00033852,"2017-11-30 10:15:00"
IOP,0.00033839,"2017-11-30 10:20:00"
IOP,0.00033,"2017-11-30 10:25:00"
IOP,0.000326,"2017-11-30 10:30:00"
IOP,0.00032001,"2017-11-30 10:35:00"
IOP,0.0003257,"2017-11-30 10:40:00"
IOP,0.00032513,"2017-11-30 10:45:00"
IOP,0.00032594,"2017-11-30 10:50:00"
IOP,0.00033966,"2017-11-30 10:55:00"
IOP,0.00032899,"2017-11-30 11:00:00"
IOP,0.00033517,"2017-11-30 11:05:00"
IOP,0.00033514,"2017-11-30 11:10:00"
IOP,0.0003351,"2017-11-30 11:15:00"
IOP,0.0003351,"2017-11-30 11:20:00"
IOP,0.0003351,"2017-11-30 11:25:00"
IOP,0.00033645,"2017-11-30 11:30:00"
IOP,0.00033,"2017-11-30 11:35:00"
IOP,0.00032259,"2017-11-30 11:40:00"
IOP,0.00032996,"2017-11-30 11:45:00"
IOP,0.00032259,"2017-11-30 11:50:00"
IOP,0.00032442,"2017-11-30 11:55:00"
IOP,0.00032215,"2017-11-30 12:00:00"
IOP,0.00031753,"2017-11-30 12:05:00"
IOP,0.00032056,"2017-11-30 12:10:00"
IOP,0.00033106,"2017-11-30 12:15:00"
IOP,0.00032699,"2017-11-30 12:20:00"
IOP,0.00032279,"2017-11-30 12:25:00"
IOP,0.00032675,"2017-11-30 12:30:00"
IOP,0.00032939,"2017-11-30 12:35:00"
IOP,0.00032591,"2017-11-30 12:40:00"
IOP,0.00033173,"2017-11-30 12:45:00"
IOP,0.00033387,"2017-11-30 12:50:00"
IOP,0.00033178,"2017-11-30 12:55:00"
IOP,0.00032613,"2017-11-30 13:00:00"
IOP,0.00032591,"2017-11-30 13:05:00"
IOP,0.00032935,"2017-11-30 13:10:00"
IOP,0.00033885,"2017-11-30 13:15:00"
IOP,0.00033949,"2017-11-30 13:20:00"
IOP,0.00034103,"2017-11-30 13:25:00"
IOP,0.00033002,"2017-11-30 13:30:00"
IOP,0.00033593,"2017-11-30 13:35:00"
IOP,0.00032999,"2017-11-30 13:40:00"
IOP,0.00032234,"2017-11-30 13:45:00"
IOP,0.00032549,"2017-11-30 13:50:00"
IOP,0.00031655,"2017-11-30 13:55:00"
IOP,0.00031896,"2017-11-30 14:00:00"
IOP,0.00032734,"2017-11-30 14:05:00"
IOP,0.00032735,"2017-11-30 14:10:00"
IOP,0.00032092,"2017-11-30 14:15:00"
IOP,0.00032178,"2017-11-30 14:20:00"
IOP,0.00032666,"2017-11-30 14:25:00"
IOP,0.00032389,"2017-11-30 14:30:00"
IOP,0.00031912,"2017-11-30 14:35:00"
IOP,0.00032014,"2017-11-30 14:40:00"
IOP,0.00030985,"2017-11-30 14:45:00"
IOP,0.00030836,"2017-11-30 14:50:00"
IOP,0.00030527,"2017-11-30 14:55:00"
IOP,0.000305,"2017-11-30 15:00:00"
IOP,0.000305,"2017-11-30 15:05:00"
IOP,0.00030919,"2017-11-30 15:10:00"
IOP,0.00031074,"2017-11-30 15:15:00"
IOP,0.00031183,"2017-11-30 15:20:00"
IOP,0.00031219,"2017-11-30 15:25:00"
IOP,0.00031558,"2017-11-30 15:30:00"
IOP,0.00030622,"2017-11-30 15:35:00"
IOP,0.0003078,"2017-11-30 15:40:00"
IOP,0.00030764,"2017-11-30 15:45:00"
IOP,0.00030401,"2017-11-30 15:50:00"
IOP,0.00030333,"2017-11-30 15:55:00"
IOP,0.00030615,"2017-11-30 16:00:00"
IOP,0.00030422,"2017-11-30 16:05:00"
IOP,0.00030236,"2017-11-30 16:10:00"
IOP,0.00030253,"2017-11-30 16:15:00"
IOP,0.0003047,"2017-11-30 16:20:00"
IOP,0.00030441,"2017-11-30 16:25:00"
IOP,0.00030203,"2017-11-30 16:30:00"
IOP,0.00030443,"2017-11-30 16:35:00"
IOP,0.00030417,"2017-11-30 16:40:00"
IOP,0.000302,"2017-11-30 16:45:00"
IOP,0.000294,"2017-11-30 16:50:00"
IOP,0.00029636,"2017-11-30 16:55:00"
IOP,0.00030074,"2017-11-30 17:00:00"
IOP,0.00030369,"2017-11-30 17:05:00"
IOP,0.00031007,"2017-11-30 17:10:00"
IOP,0.00031001,"2017-11-30 17:15:00"
IOP,0.00031241,"2017-11-30 17:20:00"
IOP,0.00030691,"2017-11-30 17:25:00"
IOP,0.000314,"2017-11-30 17:30:00"
IOP,0.000315,"2017-11-30 17:35:00"
IOP,0.00030989,"2017-11-30 17:40:00"
IOP,0.0003126,"2017-11-30 17:45:00"
IOP,0.0003126,"2017-11-30 17:50:00"
IOP,0.00031426,"2017-11-30 17:55:00"
IOP,0.00032246,"2017-11-30 18:00:00"
IOP,0.00031991,"2017-11-30 18:05:00"
IOP,0.00031526,"2017-11-30 18:10:00"
IOP,0.00031456,"2017-11-30 18:15:00"
IOP,0.0003152,"2017-11-30 18:20:00"
IOP,0.00031861,"2017-11-30 18:25:00"
IOP,0.0003153,"2017-11-30 18:30:00"
IOP,0.00031322,"2017-11-30 18:35:00"
IOP,0.00030814,"2017-11-30 18:40:00"
IOP,0.00030851,"2017-11-30 18:45:00"
IOP,0.00032,"2017-11-30 18:50:00"
IOP,0.00032,"2017-11-30 18:55:00"
IOP,0.00032,"2017-11-30 19:00:00"
IOP,0.00032,"2017-11-30 19:05:00"
IOP,0.00032,"2017-11-30 19:10:00"
IOP,0.0003225,"2017-11-30 19:15:00"
IOP,0.000312,"2017-11-30 19:20:00"
IOP,0.00031271,"2017-11-30 19:25:00"
IOP,0.0003162,"2017-11-30 19:30:00"
IOP,0.0003162,"2017-11-30 19:35:00"
IOP,0.0003162,"2017-11-30 19:40:00"
IOP,0.00031167,"2017-11-30 19:45:00"
IOP,0.00031413,"2017-11-30 19:50:00"
IOP,0.00030964,"2017-11-30 19:55:00"
IOP,0.00031,"2017-11-30 20:00:00"
IOP,0.0003096,"2017-11-30 20:05:00"
IOP,0.00031031,"2017-11-30 20:10:00"
IOP,0.00030335,"2017-11-30 20:15:00"
IOP,0.00030746,"2017-11-30 20:20:00"
IOP,0.00030186,"2017-11-30 20:25:00"
IOP,0.00030581,"2017-11-30 20:30:00"
IOP,0.00030811,"2017-11-30 20:35:00"
IOP,0.00031155,"2017-11-30 20:40:00"
IOP,0.00031143,"2017-11-30 20:45:00"
IOP,0.00031145,"2017-11-30 20:50:00"
IOP,0.00031147,"2017-11-30 20:55:00"
IOP,0.00031,"2017-11-30 21:00:00"
IOP,0.00031301,"2017-11-30 21:05:00"
IOP,0.00032319,"2017-11-30 21:10:00"
IOP,0.00032548,"2017-11-30 21:15:00"
IOP,0.00033372,"2017-11-30 21:20:00"
IOP,0.00033535,"2017-11-30 21:25:00"
IOP,0.00034,"2017-11-30 21:30:00"
IOP,0.00033951,"2017-11-30 21:35:00"
IOP,0.000341,"2017-11-30 21:40:00"
IOP,0.00034051,"2017-11-30 21:45:00"
IOP,0.00033375,"2017-11-30 21:50:00"
IOP,0.00032977,"2017-11-30 21:55:00"
IOP,0.00033094,"2017-11-30 22:00:00"
IOP,0.00033102,"2017-11-30 22:05:00"
IOP,0.00033201,"2017-11-30 22:10:00"
IOP,0.00032457,"2017-11-30 22:15:00"
IOP,0.00032,"2017-11-30 22:20:00"
IOP,0.00032108,"2017-11-30 22:25:00"
IOP,0.00032182,"2017-11-30 22:30:00"
IOP,0.000322,"2017-11-30 22:35:00"
IOP,0.00032949,"2017-11-30 22:40:00"
IOP,0.0003239,"2017-11-30 22:45:00"
IOP,0.00032868,"2017-11-30 22:50:00"
IOP,0.000325,"2017-11-30 22:55:00"
IOP,0.00032502,"2017-11-30 23:00:00"
IOP,0.00031966,"2017-11-30 23:05:00"
IOP,0.00032814,"2017-11-30 23:10:00"
IOP,0.00033091,"2017-11-30 23:15:00"
IOP,0.00033183,"2017-11-30 23:20:00"
IOP,0.00033183,"2017-11-30 23:25:00"
IOP,0.0003341,"2017-11-30 23:30:00"
IOP,0.00033141,"2017-11-30 23:35:00"
IOP,0.00033584,"2017-11-30 23:40:00"
IOP,0.00033583,"2017-11-30 23:45:00"
IOP,0.00033584,"2017-11-30 23:50:00"
IOP,0.00033167,"2017-11-30 23:55:00"
IOP,0.00032803,"2017-12-01 00:00:00"
IOP,0.0003276,"2017-12-01 00:05:00"
IOP,0.00032761,"2017-12-01 00:10:00"
IOP,0.00032677,"2017-12-01 00:15:00"
IOP,0.00032205,"2017-12-01 00:20:00"
IOP,0.00032126,"2017-12-01 00:25:00"
IOP,0.00032514,"2017-12-01 00:30:00"
IOP,0.00033124,"2017-12-01 00:35:00"
IOP,0.00032712,"2017-12-01 00:40:00"
IOP,0.00033131,"2017-12-01 00:45:00"
IOP,0.00033502,"2017-12-01 00:50:00"
IOP,0.00033134,"2017-12-01 00:55:00"
IOP,0.0003279,"2017-12-01 01:00:00"
IOP,0.00033424,"2017-12-01 01:05:00"
IOP,0.00032966,"2017-12-01 01:10:00"
IOP,0.0003296,"2017-12-01 01:15:00"
IOP,0.00032239,"2017-12-01 01:20:00"
IOP,0.00032537,"2017-12-01 01:25:00"
IOP,0.00032168,"2017-12-01 01:30:00"
IOP,0.00032168,"2017-12-01 01:35:00"
IOP,0.0003213,"2017-12-01 01:40:00"
IOP,0.00031868,"2017-12-01 01:45:00"
IOP,0.00031868,"2017-12-01 01:50:00"
IOP,0.00031742,"2017-12-01 01:55:00"
IOP,0.00031741,"2017-12-01 02:00:00"
IOP,0.00031351,"2017-12-01 02:05:00"
IOP,0.0003155,"2017-12-01 02:10:00"
IOP,0.00031393,"2017-12-01 02:15:00"
IOP,0.0003135,"2017-12-01 02:20:00"
IOP,0.0003156,"2017-12-01 02:25:00"
IOP,0.00031735,"2017-12-01 02:30:00"
IOP,0.00031147,"2017-12-01 02:35:00"
IOP,0.00031635,"2017-12-01 02:40:00"
IOP,0.0003118,"2017-12-01 02:45:00"
IOP,0.00031626,"2017-12-01 02:50:00"
IOP,0.00031626,"2017-12-01 02:55:00"
IOP,0.00031301,"2017-12-01 03:00:00"
IOP,0.00031501,"2017-12-01 03:05:00"
IOP,0.00032053,"2017-12-01 03:10:00"
IOP,0.00032167,"2017-12-01 03:15:00"
IOP,0.00032167,"2017-12-01 03:20:00"
IOP,0.00032167,"2017-12-01 03:25:00"
IOP,0.00032167,"2017-12-01 03:30:00"
IOP,0.00032166,"2017-12-01 03:35:00"
IOP,0.00031524,"2017-12-01 03:40:00"
IOP,0.0003201,"2017-12-01 03:45:00"
IOP,0.0003147,"2017-12-01 03:50:00"
IOP,0.00031448,"2017-12-01 03:55:00"
IOP,0.00031301,"2017-12-01 04:00:00"
IOP,0.00031444,"2017-12-01 04:05:00"
IOP,0.00031444,"2017-12-01 04:10:00"
IOP,0.00031444,"2017-12-01 04:15:00"
IOP,0.000316,"2017-12-01 04:20:00"
IOP,0.00031445,"2017-12-01 04:25:00"
IOP,0.00031444,"2017-12-01 04:30:00"
IOP,0.00031695,"2017-12-01 04:35:00"
IOP,0.0003169,"2017-12-01 04:40:00"
IOP,0.00031685,"2017-12-01 04:45:00"
IOP,0.0003148,"2017-12-01 04:50:00"
IOP,0.00031685,"2017-12-01 04:55:00"
IOP,0.00031482,"2017-12-01 05:00:00"
IOP,0.00031647,"2017-12-01 05:05:00"
IOP,0.00031547,"2017-12-01 05:10:00"
IOP,0.00031833,"2017-12-01 05:15:00"
IOP,0.00031913,"2017-12-01 05:20:00"
IOP,0.00032116,"2017-12-01 05:25:00"
IOP,0.00031924,"2017-12-01 05:30:00"
IOP,0.00031768,"2017-12-01 05:35:00"
IOP,0.00031785,"2017-12-01 05:40:00"
IOP,0.000315,"2017-12-01 05:45:00"
IOP,0.00031501,"2017-12-01 05:50:00"
IOP,0.00031784,"2017-12-01 05:55:00"
IOP,0.00031015,"2017-12-01 06:00:00"
IOP,0.00031203,"2017-12-01 06:05:00"
IOP,0.00031698,"2017-12-01 06:10:00"
IOP,0.00031499,"2017-12-01 06:15:00"
IOP,0.0003157,"2017-12-01 06:20:00"
IOP,0.00031695,"2017-12-01 06:25:00"
IOP,0.000315,"2017-12-01 06:30:00"
IOP,0.00031431,"2017-12-01 06:35:00"
IOP,0.0003159,"2017-12-01 06:40:00"
IOP,0.00031421,"2017-12-01 06:45:00"
IOP,0.0003141,"2017-12-01 06:50:00"
IOP,0.00031431,"2017-12-01 06:55:00"
IOP,0.00031431,"2017-12-01 07:00:00"
IOP,0.0003141,"2017-12-01 07:05:00"
IOP,0.00031228,"2017-12-01 07:10:00"
IOP,0.000309,"2017-12-01 07:15:00"
IOP,0.00030642,"2017-12-01 07:20:00"
IOP,0.00030642,"2017-12-01 07:25:00"
IOP,0.0003049,"2017-12-01 07:30:00"
IOP,0.00030634,"2017-12-01 07:35:00"
IOP,0.00030744,"2017-12-01 07:40:00"
IOP,0.00030744,"2017-12-01 07:45:00"
IOP,0.0003077,"2017-12-01 07:50:00"
IOP,0.0003123,"2017-12-01 07:55:00"
IOP,0.00031391,"2017-12-01 08:00:00"
IOP,0.00031391,"2017-12-01 08:05:00"
IOP,0.00030762,"2017-12-01 08:10:00"
IOP,0.00031102,"2017-12-01 08:15:00"
IOP,0.000313,"2017-12-01 08:20:00"
IOP,0.00031104,"2017-12-01 08:25:00"
IOP,0.00030467,"2017-12-01 08:30:00"
IOP,0.000305,"2017-12-01 08:35:00"
IOP,0.0003094,"2017-12-01 08:40:00"
IOP,0.00030813,"2017-12-01 08:45:00"
IOP,0.00030532,"2017-12-01 08:50:00"
IOP,0.00030532,"2017-12-01 08:55:00"
IOP,0.00030716,"2017-12-01 09:00:00"
IOP,0.0003035,"2017-12-01 09:05:00"
IOP,0.00030351,"2017-12-01 09:10:00"
IOP,0.00030669,"2017-12-01 09:15:00"
IOP,0.000305,"2017-12-01 09:20:00"
IOP,0.00030502,"2017-12-01 09:25:00"
IOP,0.0003077,"2017-12-01 09:30:00"
IOP,0.00030782,"2017-12-01 09:35:00"
IOP,0.00030924,"2017-12-01 09:40:00"
IOP,0.00030976,"2017-12-01 09:45:00"
IOP,0.00030854,"2017-12-01 09:50:00"
IOP,0.0003086,"2017-12-01 09:55:00"
IOP,0.00031,"2017-12-01 10:00:00"
IOP,0.00031002,"2017-12-01 10:05:00"
IOP,0.00031468,"2017-12-01 10:10:00"
IOP,0.00031431,"2017-12-01 10:15:00"
IOP,0.000319,"2017-12-01 10:20:00"
IOP,0.0003182,"2017-12-01 10:25:00"
IOP,0.000313,"2017-12-01 10:30:00"
IOP,0.000314,"2017-12-01 10:35:00"
IOP,0.0003212,"2017-12-01 10:40:00"
IOP,0.0003217,"2017-12-01 10:45:00"
IOP,0.00032171,"2017-12-01 10:50:00"
IOP,0.0003184,"2017-12-01 10:55:00"
IOP,0.00032171,"2017-12-01 11:00:00"
IOP,0.0003207,"2017-12-01 11:05:00"
IOP,0.000316,"2017-12-01 11:10:00"
IOP,0.00032037,"2017-12-01 11:15:00"
IOP,0.00032039,"2017-12-01 11:20:00"
IOP,0.00032027,"2017-12-01 11:25:00"
IOP,0.00031986,"2017-12-01 11:30:00"
IOP,0.00032034,"2017-12-01 11:35:00"
IOP,0.00032099,"2017-12-01 11:40:00"
IOP,0.00032099,"2017-12-01 11:45:00"
IOP,0.0003244,"2017-12-01 11:50:00"
IOP,0.00032482,"2017-12-01 11:55:00"
IOP,0.00032478,"2017-12-01 12:00:00"
IOP,0.00032284,"2017-12-01 12:05:00"
IOP,0.00032484,"2017-12-01 12:10:00"
IOP,0.00032618,"2017-12-01 12:15:00"
IOP,0.00032879,"2017-12-01 12:20:00"
IOP,0.000326,"2017-12-01 12:25:00"
IOP,0.0003265,"2017-12-01 12:30:00"
IOP,0.00032997,"2017-12-01 12:35:00"
IOP,0.00033015,"2017-12-01 12:40:00"
IOP,0.00033018,"2017-12-01 12:45:00"
IOP,0.00032736,"2017-12-01 12:50:00"
IOP,0.00032976,"2017-12-01 12:55:00"
IOP,0.0003323,"2017-12-01 13:00:00"
IOP,0.0003324,"2017-12-01 13:05:00"
IOP,0.00032981,"2017-12-01 13:10:00"
IOP,0.00032847,"2017-12-01 13:15:00"
IOP,0.000331,"2017-12-01 13:20:00"
IOP,0.00033,"2017-12-01 13:25:00"
IOP,0.00033282,"2017-12-01 13:30:00"
IOP,0.00033,"2017-12-01 13:35:00"
IOP,0.00033021,"2017-12-01 13:40:00"
IOP,0.0003333,"2017-12-01 13:45:00"
IOP,0.0003333,"2017-12-01 13:50:00"
IOP,0.0003302,"2017-12-01 13:55:00"
IOP,0.00032845,"2017-12-01 14:00:00"
IOP,0.00032845,"2017-12-01 14:05:00"
IOP,0.00032705,"2017-12-01 14:10:00"
IOP,0.0003251,"2017-12-01 14:15:00"
IOP,0.00032149,"2017-12-01 14:20:00"
IOP,0.00032159,"2017-12-01 14:25:00"
IOP,0.00032467,"2017-12-01 14:30:00"
IOP,0.00032788,"2017-12-01 14:35:00"
IOP,0.00032,"2017-12-01 14:40:00"
IOP,0.00031621,"2017-12-01 14:45:00"
IOP,0.000324,"2017-12-01 14:50:00"
IOP,0.00032339,"2017-12-01 14:55:00"
IOP,0.00031514,"2017-12-01 15:00:00"
IOP,0.00032012,"2017-12-01 15:05:00"
IOP,0.00031729,"2017-12-01 15:10:00"
IOP,0.00031276,"2017-12-01 15:15:00"
IOP,0.00031779,"2017-12-01 15:20:00"
IOP,0.0003225,"2017-12-01 15:25:00"
IOP,0.00032298,"2017-12-01 15:30:00"
IOP,0.00032165,"2017-12-01 15:35:00"
IOP,0.00032165,"2017-12-01 15:40:00"
IOP,0.00031842,"2017-12-01 15:45:00"
IOP,0.00032428,"2017-12-01 15:50:00"
IOP,0.0003233,"2017-12-01 15:55:00"
IOP,0.000323,"2017-12-01 16:00:00"
IOP,0.00031821,"2017-12-01 16:05:00"
IOP,0.00032206,"2017-12-01 16:10:00"
IOP,0.00032206,"2017-12-01 16:15:00"
IOP,0.00032125,"2017-12-01 16:20:00"
IOP,0.00031991,"2017-12-01 16:25:00"
IOP,0.000321,"2017-12-01 16:30:00"
IOP,0.00032141,"2017-12-01 16:35:00"
IOP,0.00032874,"2017-12-01 16:40:00"
IOP,0.00032671,"2017-12-01 16:45:00"
IOP,0.0003295,"2017-12-01 16:50:00"
IOP,0.00032999,"2017-12-01 16:55:00"
IOP,0.000333,"2017-12-01 17:00:00"
IOP,0.00032791,"2017-12-01 17:05:00"
IOP,0.0003286,"2017-12-01 17:10:00"
IOP,0.00032857,"2017-12-01 17:15:00"
IOP,0.00032049,"2017-12-01 17:20:00"
IOP,0.00032049,"2017-12-01 17:25:00"
IOP,0.0003191,"2017-12-01 17:30:00"
IOP,0.00032789,"2017-12-01 17:35:00"
IOP,0.00032771,"2017-12-01 17:40:00"
IOP,0.00032342,"2017-12-01 17:45:00"
IOP,0.00032723,"2017-12-01 17:50:00"
IOP,0.00032698,"2017-12-01 17:55:00"
IOP,0.00032723,"2017-12-01 18:00:00"
IOP,0.00032742,"2017-12-01 18:05:00"
IOP,0.00032407,"2017-12-01 18:10:00"
IOP,0.00032415,"2017-12-01 18:15:00"
IOP,0.00032423,"2017-12-01 18:20:00"
IOP,0.00032787,"2017-12-01 18:25:00"
IOP,0.00032522,"2017-12-01 18:30:00"
IOP,0.000325,"2017-12-01 18:35:00"
IOP,0.000325,"2017-12-01 18:40:00"
IOP,0.000325,"2017-12-01 18:45:00"
IOP,0.000326,"2017-12-01 18:50:00"
IOP,0.00032642,"2017-12-01 18:55:00"
IOP,0.00032308,"2017-12-01 19:00:00"
IOP,0.00032708,"2017-12-01 19:05:00"
IOP,0.00032243,"2017-12-01 19:10:00"
IOP,0.00032243,"2017-12-01 19:15:00"
IOP,0.00032564,"2017-12-01 19:20:00"
IOP,0.00032245,"2017-12-01 19:25:00"
IOP,0.00032202,"2017-12-01 19:30:00"
IOP,0.00032536,"2017-12-01 19:35:00"
IOP,0.000327,"2017-12-01 19:40:00"
IOP,0.00033146,"2017-12-01 19:45:00"
IOP,0.00033165,"2017-12-01 19:50:00"
IOP,0.00033165,"2017-12-01 19:55:00"
IOP,0.00033255,"2017-12-01 20:00:00"
IOP,0.00033618,"2017-12-01 20:05:00"
IOP,0.000345,"2017-12-01 20:10:00"
IOP,0.00033465,"2017-12-01 20:15:00"
IOP,0.000341,"2017-12-01 20:20:00"
IOP,0.00035075,"2017-12-01 20:25:00"
IOP,0.000366,"2017-12-01 20:30:00"
IOP,0.00036361,"2017-12-01 20:35:00"
IOP,0.00036361,"2017-12-01 20:40:00"
IOP,0.00036511,"2017-12-01 20:45:00"
IOP,0.0003591,"2017-12-01 20:50:00"
IOP,0.00034286,"2017-12-01 20:55:00"
IOP,0.00035768,"2017-12-01 21:00:00"
IOP,0.00034727,"2017-12-01 21:05:00"
IOP,0.0003522,"2017-12-01 21:10:00"
IOP,0.00034479,"2017-12-01 21:15:00"
IOP,0.0003407,"2017-12-01 21:20:00"
IOP,0.00035,"2017-12-01 21:25:00"
IOP,0.00035801,"2017-12-01 21:30:00"
IOP,0.00035259,"2017-12-01 21:35:00"
IOP,0.00034413,"2017-12-01 21:40:00"
IOP,0.00034,"2017-12-01 21:45:00"
IOP,0.00033535,"2017-12-01 21:50:00"
IOP,0.00034282,"2017-12-01 21:55:00"
IOP,0.00034717,"2017-12-01 22:00:00"
IOP,0.0003492,"2017-12-01 22:05:00"
IOP,0.00034901,"2017-12-01 22:10:00"
IOP,0.00034917,"2017-12-01 22:15:00"
IOP,0.00034906,"2017-12-01 22:20:00"
IOP,0.00034002,"2017-12-01 22:25:00"
IOP,0.0003476,"2017-12-01 22:30:00"
IOP,0.0003536,"2017-12-01 22:35:00"
IOP,0.00035209,"2017-12-01 22:40:00"
IOP,0.00035191,"2017-12-01 22:45:00"
IOP,0.00034801,"2017-12-01 22:50:00"
IOP,0.00035997,"2017-12-01 22:55:00"
IOP,0.00035989,"2017-12-01 23:00:00"
IOP,0.00035572,"2017-12-01 23:05:00"
IOP,0.00035279,"2017-12-01 23:10:00"
IOP,0.00035169,"2017-12-01 23:15:00"
IOP,0.00035169,"2017-12-01 23:20:00"
IOP,0.00034201,"2017-12-01 23:25:00"
IOP,0.00034661,"2017-12-01 23:30:00"
IOP,0.00034156,"2017-12-01 23:35:00"
IOP,0.0003413,"2017-12-01 23:40:00"
IOP,0.00033832,"2017-12-01 23:45:00"
IOP,0.00033815,"2017-12-01 23:50:00"
IOP,0.0003371,"2017-12-01 23:55:00"
IOP,0.0003389,"2017-12-02 00:00:00"
IOP,0.0003359,"2017-12-02 00:05:00"
IOP,0.00033723,"2017-12-02 00:10:00"
IOP,0.00034688,"2017-12-02 00:15:00"
IOP,0.00034688,"2017-12-02 00:20:00"
IOP,0.00035206,"2017-12-02 00:25:00"
IOP,0.00035583,"2017-12-02 00:30:00"
IOP,0.00035,"2017-12-02 00:35:00"
IOP,0.00034939,"2017-12-02 00:40:00"
IOP,0.00035513,"2017-12-02 00:45:00"
IOP,0.00034785,"2017-12-02 00:50:00"
IOP,0.00034756,"2017-12-02 00:55:00"
IOP,0.00034306,"2017-12-02 01:00:00"
IOP,0.000341,"2017-12-02 01:05:00"
IOP,0.00034025,"2017-12-02 01:10:00"
IOP,0.00034089,"2017-12-02 01:15:00"
IOP,0.00035085,"2017-12-02 01:20:00"
IOP,0.0003413,"2017-12-02 01:25:00"
IOP,0.0003429,"2017-12-02 01:30:00"
IOP,0.00034524,"2017-12-02 01:35:00"
IOP,0.00035798,"2017-12-02 01:40:00"
IOP,0.0003766,"2017-12-02 01:45:00"
IOP,0.00037305,"2017-12-02 01:50:00"
IOP,0.000358,"2017-12-02 01:55:00"
IOP,0.00034796,"2017-12-02 02:00:00"
IOP,0.00035184,"2017-12-02 02:05:00"
IOP,0.0003589,"2017-12-02 02:10:00"
IOP,0.00035985,"2017-12-02 02:15:00"
IOP,0.00036001,"2017-12-02 02:20:00"
IOP,0.000367,"2017-12-02 02:25:00"
IOP,0.00037332,"2017-12-02 02:30:00"
IOP,0.00037564,"2017-12-02 02:35:00"
IOP,0.00036746,"2017-12-02 02:40:00"
IOP,0.00036,"2017-12-02 02:45:00"
IOP,0.00035496,"2017-12-02 02:50:00"
IOP,0.00036415,"2017-12-02 02:55:00"
IOP,0.00036422,"2017-12-02 03:00:00"
IOP,0.00036398,"2017-12-02 03:05:00"
IOP,0.00035938,"2017-12-02 03:10:00"
IOP,0.0003592,"2017-12-02 03:15:00"
IOP,0.00036428,"2017-12-02 03:20:00"
IOP,0.0003778,"2017-12-02 03:25:00"
IOP,0.000395,"2017-12-02 03:30:00"
IOP,0.00038168,"2017-12-02 03:35:00"
IOP,0.00037505,"2017-12-02 03:40:00"
IOP,0.0003811,"2017-12-02 03:45:00"
IOP,0.00036633,"2017-12-02 03:50:00"
IOP,0.00037406,"2017-12-02 03:55:00"
IOP,0.00037751,"2017-12-02 04:00:00"
IOP,0.0003902,"2017-12-02 04:05:00"
IOP,0.00039189,"2017-12-02 04:10:00"
IOP,0.00039354,"2017-12-02 04:15:00"
IOP,0.00038277,"2017-12-02 04:20:00"
IOP,0.00037569,"2017-12-02 04:25:00"
IOP,0.00038003,"2017-12-02 04:30:00"
IOP,0.00038724,"2017-12-02 04:35:00"
IOP,0.00038687,"2017-12-02 04:40:00"
IOP,0.0003829,"2017-12-02 04:45:00"
IOP,0.00038205,"2017-12-02 04:50:00"
IOP,0.00038108,"2017-12-02 04:55:00"
IOP,0.00038109,"2017-12-02 05:00:00"
IOP,0.00037825,"2017-12-02 05:05:00"
IOP,0.00037719,"2017-12-02 05:10:00"
IOP,0.00037499,"2017-12-02 05:15:00"
IOP,0.0003702,"2017-12-02 05:20:00"
IOP,0.0003677,"2017-12-02 05:25:00"
IOP,0.00037317,"2017-12-02 05:30:00"
IOP,0.00037085,"2017-12-02 05:35:00"
IOP,0.00037105,"2017-12-02 05:40:00"
IOP,0.000367,"2017-12-02 05:45:00"
IOP,0.00037325,"2017-12-02 05:50:00"
IOP,0.00037322,"2017-12-02 05:55:00"
IOP,0.00037322,"2017-12-02 06:00:00"
IOP,0.00037328,"2017-12-02 06:05:00"
IOP,0.00036996,"2017-12-02 06:10:00"
IOP,0.00036996,"2017-12-02 06:15:00"
IOP,0.00036752,"2017-12-02 06:20:00"
IOP,0.00036704,"2017-12-02 06:25:00"
IOP,0.00035829,"2017-12-02 06:30:00"
IOP,0.000363,"2017-12-02 06:35:00"
IOP,0.000363,"2017-12-02 06:40:00"
IOP,0.00036309,"2017-12-02 06:45:00"
IOP,0.000365,"2017-12-02 06:50:00"
IOP,0.00036591,"2017-12-02 06:55:00"
IOP,0.00036999,"2017-12-02 07:00:00"
IOP,0.00037112,"2017-12-02 07:05:00"
IOP,0.00037149,"2017-12-02 07:10:00"
IOP,0.00037151,"2017-12-02 07:15:00"
IOP,0.000365,"2017-12-02 07:20:00"
IOP,0.00037,"2017-12-02 07:25:00"
IOP,0.000375,"2017-12-02 07:30:00"
IOP,0.00037669,"2017-12-02 07:35:00"
IOP,0.00038001,"2017-12-02 07:40:00"
IOP,0.00038038,"2017-12-02 07:45:00"
IOP,0.0003814,"2017-12-02 07:50:00"
IOP,0.00037751,"2017-12-02 07:55:00"
IOP,0.00037402,"2017-12-02 08:00:00"
IOP,0.00037404,"2017-12-02 08:05:00"
IOP,0.000371,"2017-12-02 08:10:00"
IOP,0.00037109,"2017-12-02 08:15:00"
IOP,0.0003664,"2017-12-02 08:20:00"
IOP,0.00036691,"2017-12-02 08:25:00"
IOP,0.00037006,"2017-12-02 08:30:00"
IOP,0.00036991,"2017-12-02 08:35:00"
IOP,0.00037006,"2017-12-02 08:40:00"
IOP,0.00037006,"2017-12-02 08:45:00"
IOP,0.0003745,"2017-12-02 08:50:00"
IOP,0.0003744,"2017-12-02 08:55:00"
IOP,0.0003711,"2017-12-02 09:00:00"
IOP,0.00037111,"2017-12-02 09:05:00"
IOP,0.00036978,"2017-12-02 09:10:00"
IOP,0.000371,"2017-12-02 09:15:00"
IOP,0.0003772,"2017-12-02 09:20:00"
IOP,0.00037761,"2017-12-02 09:25:00"
IOP,0.00037933,"2017-12-02 09:30:00"
IOP,0.00038036,"2017-12-02 09:35:00"
IOP,0.00038143,"2017-12-02 09:40:00"
IOP,0.00037618,"2017-12-02 09:45:00"
IOP,0.0003758,"2017-12-02 09:50:00"
IOP,0.0003758,"2017-12-02 09:55:00"
IOP,0.00037578,"2017-12-02 10:00:00"
IOP,0.00037577,"2017-12-02 10:05:00"
IOP,0.0003758,"2017-12-02 10:10:00"
IOP,0.0003758,"2017-12-02 10:15:00"
IOP,0.00037581,"2017-12-02 10:20:00"
IOP,0.0003758,"2017-12-02 10:25:00"
IOP,0.000372,"2017-12-02 10:30:00"
IOP,0.00037,"2017-12-02 10:35:00"
IOP,0.00036631,"2017-12-02 10:40:00"
IOP,0.000375,"2017-12-02 10:45:00"
IOP,0.00037999,"2017-12-02 10:50:00"
IOP,0.00038,"2017-12-02 10:55:00"
IOP,0.000382,"2017-12-02 11:00:00"
IOP,0.000391,"2017-12-02 11:05:00"
IOP,0.0003966,"2017-12-02 11:10:00"
IOP,0.000386,"2017-12-02 11:15:00"
IOP,0.00039003,"2017-12-02 11:20:00"
IOP,0.00039494,"2017-12-02 11:25:00"
IOP,0.0003935,"2017-12-02 11:30:00"
IOP,0.00038875,"2017-12-02 11:35:00"
IOP,0.000395,"2017-12-02 11:40:00"
IOP,0.00039997,"2017-12-02 11:45:00"
IOP,0.00039997,"2017-12-02 11:50:00"
IOP,0.00040166,"2017-12-02 11:55:00"
IOP,0.0004035,"2017-12-02 12:00:00"
IOP,0.00041283,"2017-12-02 12:05:00"
IOP,0.00042485,"2017-12-02 12:10:00"
IOP,0.0004187,"2017-12-02 12:15:00"
IOP,0.000412,"2017-12-02 12:20:00"
IOP,0.00039605,"2017-12-02 12:25:00"
IOP,0.00039599,"2017-12-02 12:30:00"
IOP,0.00039517,"2017-12-02 12:35:00"
IOP,0.000399,"2017-12-02 12:40:00"
IOP,0.00039965,"2017-12-02 12:45:00"
IOP,0.000396,"2017-12-02 12:50:00"
IOP,0.00039699,"2017-12-02 12:55:00"
IOP,0.0004019,"2017-12-02 13:00:00"
IOP,0.000407,"2017-12-02 13:05:00"
IOP,0.00040349,"2017-12-02 13:10:00"
IOP,0.00040376,"2017-12-02 13:15:00"
IOP,0.00040123,"2017-12-02 13:20:00"
IOP,0.00039247,"2017-12-02 13:25:00"
IOP,0.00039486,"2017-12-02 13:30:00"
IOP,0.00039296,"2017-12-02 13:35:00"
IOP,0.00039001,"2017-12-02 13:40:00"
IOP,0.00041,"2017-12-02 13:45:00"
IOP,0.00040579,"2017-12-02 13:50:00"
IOP,0.00040633,"2017-12-02 13:55:00"
IOP,0.00040833,"2017-12-02 14:00:00"
IOP,0.00041485,"2017-12-02 14:05:00"
IOP,0.000435,"2017-12-02 14:10:00"
IOP,0.00041815,"2017-12-02 14:15:00"
IOP,0.00041816,"2017-12-02 14:20:00"
IOP,0.00042201,"2017-12-02 14:25:00"
IOP,0.000421,"2017-12-02 14:30:00"
IOP,0.00042101,"2017-12-02 14:35:00"
IOP,0.0004291,"2017-12-02 14:40:00"
IOP,0.00042611,"2017-12-02 14:45:00"
IOP,0.000419,"2017-12-02 14:50:00"
IOP,0.00042095,"2017-12-02 14:55:00"
IOP,0.00042739,"2017-12-02 15:00:00"
IOP,0.000426,"2017-12-02 15:05:00"
IOP,0.00042201,"2017-12-02 15:10:00"
IOP,0.00042149,"2017-12-02 15:15:00"
IOP,0.00042149,"2017-12-02 15:20:00"
IOP,0.000416,"2017-12-02 15:25:00"
IOP,0.00041505,"2017-12-02 15:30:00"
IOP,0.0004194,"2017-12-02 15:35:00"
IOP,0.00041439,"2017-12-02 15:40:00"
IOP,0.00041,"2017-12-02 15:45:00"
IOP,0.00041003,"2017-12-02 15:50:00"
IOP,0.00041561,"2017-12-02 15:55:00"
IOP,0.00041,"2017-12-02 16:00:00"
IOP,0.00041,"2017-12-02 16:05:00"
IOP,0.00041459,"2017-12-02 16:10:00"
IOP,0.00041,"2017-12-02 16:15:00"
IOP,0.00040304,"2017-12-02 16:20:00"
IOP,0.00040311,"2017-12-02 16:25:00"
IOP,0.00040896,"2017-12-02 16:30:00"
IOP,0.00041642,"2017-12-02 16:35:00"
IOP,0.00041597,"2017-12-02 16:40:00"
IOP,0.00041597,"2017-12-02 16:45:00"
IOP,0.00041397,"2017-12-02 16:50:00"
IOP,0.00041799,"2017-12-02 16:55:00"
IOP,0.00042,"2017-12-02 17:00:00"
IOP,0.00042149,"2017-12-02 17:05:00"
IOP,0.00043,"2017-12-02 17:10:00"
IOP,0.000426,"2017-12-02 17:15:00"
IOP,0.000431,"2017-12-02 17:20:00"
IOP,0.00044496,"2017-12-02 17:25:00"
IOP,0.00044444,"2017-12-02 17:30:00"
IOP,0.000448,"2017-12-02 17:35:00"
IOP,0.0004451,"2017-12-02 17:40:00"
IOP,0.00045555,"2017-12-02 17:45:00"
IOP,0.0004591,"2017-12-02 17:50:00"
IOP,0.00045408,"2017-12-02 17:55:00"
IOP,0.00044038,"2017-12-02 18:00:00"
IOP,0.0004498,"2017-12-02 18:05:00"
IOP,0.00046011,"2017-12-02 18:10:00"
IOP,0.00045391,"2017-12-02 18:15:00"
IOP,0.0004717,"2017-12-02 18:20:00"
IOP,0.000467,"2017-12-02 18:25:00"
IOP,0.000463,"2017-12-02 18:30:00"
IOP,0.00046,"2017-12-02 18:35:00"
IOP,0.00046299,"2017-12-02 18:40:00"
IOP,0.00045928,"2017-12-02 18:45:00"
IOP,0.00044987,"2017-12-02 18:50:00"
IOP,0.00046233,"2017-12-02 18:55:00"
IOP,0.00048201,"2017-12-02 19:00:00"
IOP,0.00046592,"2017-12-02 19:05:00"
IOP,0.00046701,"2017-12-02 19:10:00"
IOP,0.00046999,"2017-12-02 19:15:00"
IOP,0.00046594,"2017-12-02 19:20:00"
IOP,0.00046,"2017-12-02 19:25:00"
IOP,0.000454,"2017-12-02 19:30:00"
IOP,0.00045005,"2017-12-02 19:35:00"
IOP,0.00045383,"2017-12-02 19:40:00"
IOP,0.00045111,"2017-12-02 19:45:00"
IOP,0.00044996,"2017-12-02 19:50:00"
IOP,0.00043527,"2017-12-02 19:55:00"
IOP,0.00043,"2017-12-02 20:00:00"
IOP,0.00043088,"2017-12-02 20:05:00"
IOP,0.00044311,"2017-12-02 20:10:00"
IOP,0.00044311,"2017-12-02 20:15:00"
IOP,0.00044684,"2017-12-02 20:20:00"
IOP,0.0004472,"2017-12-02 20:25:00"
IOP,0.00044018,"2017-12-02 20:30:00"
IOP,0.00044117,"2017-12-02 20:35:00"
IOP,0.000427,"2017-12-02 20:40:00"
IOP,0.00042737,"2017-12-02 20:45:00"
IOP,0.00042223,"2017-12-02 20:50:00"
IOP,0.00042803,"2017-12-02 20:55:00"
IOP,0.00042262,"2017-12-02 21:00:00"
IOP,0.0004292,"2017-12-02 21:05:00"
IOP,0.00042996,"2017-12-02 21:10:00"
IOP,0.00043636,"2017-12-02 21:15:00"
IOP,0.000433,"2017-12-02 21:20:00"
IOP,0.00044105,"2017-12-02 21:25:00"
IOP,0.000445,"2017-12-02 21:30:00"
IOP,0.00043762,"2017-12-02 21:35:00"
IOP,0.00043495,"2017-12-02 21:40:00"
IOP,0.00043681,"2017-12-02 21:45:00"
IOP,0.00044512,"2017-12-02 21:50:00"
IOP,0.00043301,"2017-12-02 21:55:00"
IOP,0.00043648,"2017-12-02 22:00:00"
IOP,0.00043231,"2017-12-02 22:05:00"
IOP,0.00043326,"2017-12-02 22:10:00"
IOP,0.00042693,"2017-12-02 22:15:00"
IOP,0.000432,"2017-12-02 22:20:00"
IOP,0.00043325,"2017-12-02 22:25:00"
IOP,0.00043029,"2017-12-02 22:30:00"
IOP,0.00044001,"2017-12-02 22:35:00"
IOP,0.00044003,"2017-12-02 22:40:00"
IOP,0.000443,"2017-12-02 22:45:00"
IOP,0.0004411,"2017-12-02 22:50:00"
IOP,0.00044255,"2017-12-02 22:55:00"
IOP,0.00044004,"2017-12-02 23:00:00"
IOP,0.00044292,"2017-12-02 23:05:00"
IOP,0.00044543,"2017-12-02 23:10:00"
IOP,0.00044663,"2017-12-02 23:15:00"
IOP,0.00044206,"2017-12-02 23:20:00"
IOP,0.00044986,"2017-12-02 23:25:00"
IOP,0.00044219,"2017-12-02 23:30:00"
IOP,0.000445,"2017-12-02 23:35:00"
IOP,0.0004569,"2017-12-02 23:40:00"
IOP,0.00046999,"2017-12-02 23:45:00"
IOP,0.00045999,"2017-12-02 23:50:00"
IOP,0.00046281,"2017-12-02 23:55:00"
IOP,0.0004607,"2017-12-03 00:00:00"
IOP,0.00045201,"2017-12-03 00:05:00"
IOP,0.000455,"2017-12-03 00:10:00"
IOP,0.00046308,"2017-12-03 00:15:00"
IOP,0.00044142,"2017-12-03 00:20:00"
IOP,0.00044678,"2017-12-03 00:25:00"
IOP,0.000445,"2017-12-03 00:30:00"
IOP,0.00044478,"2017-12-03 00:35:00"
IOP,0.00043067,"2017-12-03 00:40:00"
IOP,0.00044844,"2017-12-03 00:45:00"
IOP,0.00043851,"2017-12-03 00:50:00"
IOP,0.00043886,"2017-12-03 00:55:00"
IOP,0.00044539,"2017-12-03 01:00:00"
IOP,0.00043887,"2017-12-03 01:05:00"
IOP,0.00043857,"2017-12-03 01:10:00"
IOP,0.000437,"2017-12-03 01:15:00"
IOP,0.00043957,"2017-12-03 01:20:00"
IOP,0.000432,"2017-12-03 01:25:00"
IOP,0.00042258,"2017-12-03 01:30:00"
IOP,0.0004179,"2017-12-03 01:35:00"
IOP,0.00041542,"2017-12-03 01:40:00"
IOP,0.00043065,"2017-12-03 01:45:00"
IOP,0.0004299,"2017-12-03 01:50:00"
IOP,0.0004234,"2017-12-03 01:55:00"
IOP,0.00041448,"2017-12-03 02:00:00"
IOP,0.0004262,"2017-12-03 02:05:00"
IOP,0.00042699,"2017-12-03 02:10:00"
IOP,0.0004171,"2017-12-03 02:15:00"
IOP,0.000411,"2017-12-03 02:20:00"
IOP,0.00041056,"2017-12-03 02:25:00"
IOP,0.00041499,"2017-12-03 02:30:00"
IOP,0.00041698,"2017-12-03 02:35:00"
IOP,0.00041914,"2017-12-03 02:40:00"
IOP,0.00041725,"2017-12-03 02:45:00"
IOP,0.00041353,"2017-12-03 02:50:00"
IOP,0.00041936,"2017-12-03 02:55:00"
IOP,0.00042111,"2017-12-03 03:00:00"
IOP,0.0004313,"2017-12-03 03:05:00"
IOP,0.00043452,"2017-12-03 03:10:00"
IOP,0.00043447,"2017-12-03 03:15:00"
IOP,0.0004309,"2017-12-03 03:20:00"
IOP,0.00041909,"2017-12-03 03:25:00"
IOP,0.00042942,"2017-12-03 03:30:00"
IOP,0.000436,"2017-12-03 03:35:00"
IOP,0.00043535,"2017-12-03 03:40:00"
IOP,0.00043671,"2017-12-03 03:45:00"
IOP,0.00044486,"2017-12-03 03:50:00"
IOP,0.00044374,"2017-12-03 03:55:00"
IOP,0.00044624,"2017-12-03 04:00:00"
IOP,0.000449,"2017-12-03 04:05:00"
IOP,0.00045509,"2017-12-03 04:10:00"
IOP,0.00046601,"2017-12-03 04:15:00"
IOP,0.000484,"2017-12-03 04:20:00"
IOP,0.00049942,"2017-12-03 04:25:00"
IOP,0.00050203,"2017-12-03 04:30:00"
IOP,0.00049011,"2017-12-03 04:35:00"
IOP,0.00047744,"2017-12-03 04:40:00"
IOP,0.00049174,"2017-12-03 04:45:00"
IOP,0.000476,"2017-12-03 04:50:00"
IOP,0.00047501,"2017-12-03 04:55:00"
IOP,0.00046,"2017-12-03 05:00:00"
IOP,0.000481,"2017-12-03 05:05:00"
IOP,0.00048599,"2017-12-03 05:10:00"
IOP,0.00049,"2017-12-03 05:15:00"
IOP,0.0005097,"2017-12-03 05:20:00"
IOP,0.00050009,"2017-12-03 05:25:00"
IOP,0.00049,"2017-12-03 05:30:00"
IOP,0.00048598,"2017-12-03 05:35:00"
IOP,0.00048893,"2017-12-03 05:40:00"
IOP,0.00048,"2017-12-03 05:45:00"
IOP,0.00048211,"2017-12-03 05:50:00"
IOP,0.00047584,"2017-12-03 05:55:00"
IOP,0.000466,"2017-12-03 06:00:00"
IOP,0.00046191,"2017-12-03 06:05:00"
IOP,0.00045571,"2017-12-03 06:10:00"
IOP,0.00045332,"2017-12-03 06:15:00"
IOP,0.000462,"2017-12-03 06:20:00"
IOP,0.00046885,"2017-12-03 06:25:00"
IOP,0.00045774,"2017-12-03 06:30:00"
IOP,0.00046392,"2017-12-03 06:35:00"
IOP,0.00046057,"2017-12-03 06:40:00"
IOP,0.00046005,"2017-12-03 06:45:00"
IOP,0.00046061,"2017-12-03 06:50:00"
IOP,0.0004606,"2017-12-03 06:55:00"
IOP,0.0004606,"2017-12-03 07:00:00"
IOP,0.00046058,"2017-12-03 07:05:00"
IOP,0.00046,"2017-12-03 07:10:00"
IOP,0.00045716,"2017-12-03 07:15:00"
IOP,0.000458,"2017-12-03 07:20:00"
IOP,0.00045825,"2017-12-03 07:25:00"
IOP,0.00046745,"2017-12-03 07:30:00"
IOP,0.0004668,"2017-12-03 07:35:00"
IOP,0.0004671,"2017-12-03 07:40:00"
IOP,0.00046864,"2017-12-03 07:45:00"
IOP,0.00047006,"2017-12-03 07:50:00"
IOP,0.00047778,"2017-12-03 07:55:00"
IOP,0.00048249,"2017-12-03 08:00:00"
IOP,0.00048,"2017-12-03 08:05:00"
IOP,0.000482,"2017-12-03 08:10:00"
IOP,0.0004805,"2017-12-03 08:15:00"
IOP,0.00047416,"2017-12-03 08:20:00"
IOP,0.00047304,"2017-12-03 08:25:00"
IOP,0.00046313,"2017-12-03 08:30:00"
IOP,0.00046107,"2017-12-03 08:35:00"
IOP,0.00045565,"2017-12-03 08:40:00"
IOP,0.00047499,"2017-12-03 08:45:00"
IOP,0.00046999,"2017-12-03 08:50:00"
IOP,0.000468,"2017-12-03 08:55:00"
IOP,0.00047,"2017-12-03 09:00:00"
IOP,0.00047,"2017-12-03 09:05:00"
IOP,0.00046804,"2017-12-03 09:10:00"
IOP,0.00046803,"2017-12-03 09:15:00"
IOP,0.00046803,"2017-12-03 09:20:00"
IOP,0.0004705,"2017-12-03 09:25:00"
IOP,0.00047496,"2017-12-03 09:30:00"
IOP,0.00047805,"2017-12-03 09:35:00"
IOP,0.00047197,"2017-12-03 09:40:00"
IOP,0.00047078,"2017-12-03 09:45:00"
IOP,0.00047091,"2017-12-03 09:50:00"
IOP,0.00047797,"2017-12-03 09:55:00"
IOP,0.00047789,"2017-12-03 10:00:00"
IOP,0.00046801,"2017-12-03 10:05:00"
IOP,0.00046775,"2017-12-03 10:10:00"
IOP,0.00046391,"2017-12-03 10:15:00"
IOP,0.00046744,"2017-12-03 10:20:00"
IOP,0.00046799,"2017-12-03 10:25:00"
IOP,0.0004626,"2017-12-03 10:30:00"
IOP,0.00046241,"2017-12-03 10:35:00"
IOP,0.00045512,"2017-12-03 10:40:00"
IOP,0.00046175,"2017-12-03 10:45:00"
IOP,0.00046153,"2017-12-03 10:50:00"
IOP,0.00046696,"2017-12-03 10:55:00"
IOP,0.00046885,"2017-12-03 11:00:00"
IOP,0.00046405,"2017-12-03 11:05:00"
IOP,0.00046405,"2017-12-03 11:10:00"
IOP,0.00045467,"2017-12-03 11:15:00"
IOP,0.0004558,"2017-12-03 11:20:00"
IOP,0.00045314,"2017-12-03 11:25:00"
IOP,0.00045001,"2017-12-03 11:30:00"
IOP,0.00043673,"2017-12-03 11:35:00"
IOP,0.00044001,"2017-12-03 11:40:00"
IOP,0.00044457,"2017-12-03 11:45:00"
IOP,0.00043662,"2017-12-03 11:50:00"
IOP,0.00043663,"2017-12-03 11:55:00"
IOP,0.00043615,"2017-12-03 12:00:00"
IOP,0.000445,"2017-12-03 12:05:00"
IOP,0.000435,"2017-12-03 12:10:00"
IOP,0.00043784,"2017-12-03 12:15:00"
IOP,0.00045112,"2017-12-03 12:20:00"
IOP,0.00044938,"2017-12-03 12:25:00"
IOP,0.00045237,"2017-12-03 12:30:00"
IOP,0.00045595,"2017-12-03 12:35:00"
IOP,0.00044498,"2017-12-03 12:40:00"
IOP,0.00044597,"2017-12-03 12:45:00"
IOP,0.00043456,"2017-12-03 12:50:00"
IOP,0.00044258,"2017-12-03 12:55:00"
IOP,0.00043371,"2017-12-03 13:00:00"
IOP,0.00042842,"2017-12-03 13:05:00"
IOP,0.00042696,"2017-12-03 13:10:00"
IOP,0.00042702,"2017-12-03 13:15:00"
IOP,0.00042694,"2017-12-03 13:20:00"
IOP,0.00042701,"2017-12-03 13:25:00"
IOP,0.0004315,"2017-12-03 13:30:00"
IOP,0.000429,"2017-12-03 13:35:00"
IOP,0.00043657,"2017-12-03 13:40:00"
IOP,0.00043667,"2017-12-03 13:45:00"
IOP,0.000436,"2017-12-03 13:50:00"
IOP,0.000435,"2017-12-03 13:55:00"
IOP,0.00043431,"2017-12-03 14:00:00"
IOP,0.00044724,"2017-12-03 14:05:00"
IOP,0.000449,"2017-12-03 14:10:00"
IOP,0.00044894,"2017-12-03 14:15:00"
IOP,0.000467,"2017-12-03 14:20:00"
IOP,0.0004709,"2017-12-03 14:25:00"
IOP,0.000461,"2017-12-03 14:30:00"
IOP,0.00047293,"2017-12-03 14:35:00"
IOP,0.00048187,"2017-12-03 14:40:00"
IOP,0.00047771,"2017-12-03 14:45:00"
IOP,0.000475,"2017-12-03 14:50:00"
IOP,0.00047095,"2017-12-03 14:55:00"
IOP,0.00047286,"2017-12-03 15:00:00"
IOP,0.000478,"2017-12-03 15:05:00"
IOP,0.00047998,"2017-12-03 15:10:00"
IOP,0.000475,"2017-12-03 15:15:00"
IOP,0.000475,"2017-12-03 15:20:00"
IOP,0.000468,"2017-12-03 15:25:00"
IOP,0.0004675,"2017-12-03 15:30:00"
IOP,0.00047,"2017-12-03 15:35:00"
IOP,0.00047587,"2017-12-03 15:40:00"
IOP,0.00047999,"2017-12-03 15:45:00"
IOP,0.0004899,"2017-12-03 15:50:00"
IOP,0.00048113,"2017-12-03 15:55:00"
IOP,0.00048,"2017-12-03 16:00:00"
IOP,0.00047663,"2017-12-03 16:05:00"
IOP,0.00047601,"2017-12-03 16:10:00"
IOP,0.00046999,"2017-12-03 16:15:00"
IOP,0.00045807,"2017-12-03 16:20:00"
IOP,0.00046041,"2017-12-03 16:25:00"
IOP,0.0004658,"2017-12-03 16:30:00"
IOP,0.00046049,"2017-12-03 16:35:00"
IOP,0.000453,"2017-12-03 16:40:00"
IOP,0.000469,"2017-12-03 16:45:00"
IOP,0.00046969,"2017-12-03 16:50:00"
IOP,0.00046,"2017-12-03 16:55:00"
IOP,0.00046921,"2017-12-03 17:00:00"
IOP,0.00046842,"2017-12-03 17:05:00"
IOP,0.00046841,"2017-12-03 17:10:00"
IOP,0.00046812,"2017-12-03 17:15:00"
IOP,0.00046557,"2017-12-03 17:20:00"
IOP,0.00046185,"2017-12-03 17:25:00"
IOP,0.0004677,"2017-12-03 17:30:00"
IOP,0.000466,"2017-12-03 17:35:00"
IOP,0.0004677,"2017-12-03 17:40:00"
IOP,0.00046768,"2017-12-03 17:45:00"
IOP,0.00047,"2017-12-03 17:50:00"
IOP,0.00046639,"2017-12-03 17:55:00"
IOP,0.00047103,"2017-12-03 18:00:00"
IOP,0.000473,"2017-12-03 18:05:00"
IOP,0.00048663,"2017-12-03 18:10:00"
IOP,0.000518,"2017-12-03 18:15:00"
IOP,0.00049596,"2017-12-03 18:20:00"
IOP,0.00050061,"2017-12-03 18:25:00"
IOP,0.000518,"2017-12-03 18:30:00"
IOP,0.0005169,"2017-12-03 18:35:00"
IOP,0.00051988,"2017-12-03 18:40:00"
IOP,0.00052942,"2017-12-03 18:45:00"
IOP,0.00052098,"2017-12-03 18:50:00"
IOP,0.000516,"2017-12-03 18:55:00"
IOP,0.0004949,"2017-12-03 19:00:00"
IOP,0.000515,"2017-12-03 19:05:00"
IOP,0.0005192,"2017-12-03 19:10:00"
IOP,0.0005151,"2017-12-03 19:15:00"
IOP,0.00051809,"2017-12-03 19:20:00"
IOP,0.0005193,"2017-12-03 19:25:00"
IOP,0.00052356,"2017-12-03 19:30:00"
IOP,0.000525,"2017-12-03 19:35:00"
IOP,0.000525,"2017-12-03 19:40:00"
IOP,0.0005255,"2017-12-03 19:45:00"
IOP,0.00050871,"2017-12-03 19:50:00"
IOP,0.00051187,"2017-12-03 19:55:00"
IOP,0.00051,"2017-12-03 20:00:00"
IOP,0.000509,"2017-12-03 20:05:00"
IOP,0.00051161,"2017-12-03 20:10:00"
IOP,0.00051,"2017-12-03 20:15:00"
IOP,0.0005244,"2017-12-03 20:20:00"
IOP,0.000526,"2017-12-03 20:25:00"
IOP,0.0005215,"2017-12-03 20:30:00"
IOP,0.00052602,"2017-12-03 20:35:00"
IOP,0.00053301,"2017-12-03 20:40:00"
IOP,0.00054696,"2017-12-03 20:45:00"
IOP,0.000539,"2017-12-03 20:50:00"
IOP,0.00056,"2017-12-03 20:55:00"
IOP,0.00055565,"2017-12-03 21:00:00"
IOP,0.000563,"2017-12-03 21:05:00"
IOP,0.0005692,"2017-12-03 21:10:00"
IOP,0.00055818,"2017-12-03 21:15:00"
IOP,0.000543,"2017-12-03 21:20:00"
IOP,0.00054181,"2017-12-03 21:25:00"
IOP,0.00054823,"2017-12-03 21:30:00"
IOP,0.00055,"2017-12-03 21:35:00"
IOP,0.00055579,"2017-12-03 21:40:00"
IOP,0.0005675,"2017-12-03 21:45:00"
IOP,0.000564,"2017-12-03 21:50:00"
IOP,0.00055,"2017-12-03 21:55:00"
IOP,0.00055812,"2017-12-03 22:00:00"
IOP,0.00055995,"2017-12-03 22:05:00"
IOP,0.00055997,"2017-12-03 22:10:00"
IOP,0.000563,"2017-12-03 22:15:00"
IOP,0.000555,"2017-12-03 22:20:00"
IOP,0.00055499,"2017-12-03 22:25:00"
IOP,0.00055,"2017-12-03 22:30:00"
IOP,0.000535,"2017-12-03 22:35:00"
IOP,0.00053,"2017-12-03 22:40:00"
IOP,0.00053468,"2017-12-03 22:45:00"
IOP,0.00052973,"2017-12-03 22:50:00"
IOP,0.00051921,"2017-12-03 22:55:00"
IOP,0.00052496,"2017-12-03 23:00:00"
IOP,0.00052551,"2017-12-03 23:05:00"
IOP,0.00053212,"2017-12-03 23:10:00"
IOP,0.0005421,"2017-12-03 23:15:00"
IOP,0.00055691,"2017-12-03 23:20:00"
IOP,0.00054075,"2017-12-03 23:25:00"
IOP,0.000544,"2017-12-03 23:30:00"
IOP,0.00053903,"2017-12-03 23:35:00"
IOP,0.00055631,"2017-12-03 23:40:00"
IOP,0.00055561,"2017-12-03 23:45:00"
IOP,0.00056,"2017-12-03 23:50:00"
IOP,0.0005705,"2017-12-03 23:55:00"
IOP,0.000573,"2017-12-04 00:00:00"
IOP,0.00057195,"2017-12-04 00:05:00"
IOP,0.00057492,"2017-12-04 00:10:00"
IOP,0.00057787,"2017-12-04 00:15:00"
IOP,0.00057999,"2017-12-04 00:20:00"
IOP,0.00059918,"2017-12-04 00:25:00"
IOP,0.00061183,"2017-12-04 00:30:00"
IOP,0.00060835,"2017-12-04 00:35:00"
IOP,0.00059105,"2017-12-04 00:40:00"
IOP,0.000605,"2017-12-04 00:45:00"
IOP,0.00061733,"2017-12-04 00:50:00"
IOP,0.000636,"2017-12-04 00:55:00"
IOP,0.00063997,"2017-12-04 01:00:00"
IOP,0.00063,"2017-12-04 01:05:00"
IOP,0.00062589,"2017-12-04 01:10:00"
IOP,0.00063103,"2017-12-04 01:15:00"
IOP,0.00060961,"2017-12-04 01:20:00"
IOP,0.000608,"2017-12-04 01:25:00"
IOP,0.000624,"2017-12-04 01:30:00"
IOP,0.00062401,"2017-12-04 01:35:00"
IOP,0.0006126,"2017-12-04 01:40:00"
IOP,0.00063,"2017-12-04 01:45:00"
IOP,0.0006423,"2017-12-04 01:50:00"
IOP,0.000664,"2017-12-04 01:55:00"
IOP,0.0006689,"2017-12-04 02:00:00"
IOP,0.0006743,"2017-12-04 02:05:00"
IOP,0.0006999,"2017-12-04 02:10:00"
IOP,0.00067,"2017-12-04 02:15:00"
IOP,0.00066,"2017-12-04 02:20:00"
IOP,0.00065101,"2017-12-04 02:25:00"
IOP,0.00065497,"2017-12-04 02:30:00"
IOP,0.00064979,"2017-12-04 02:35:00"
IOP,0.000632,"2017-12-04 02:40:00"
IOP,0.00063277,"2017-12-04 02:45:00"
IOP,0.00064979,"2017-12-04 02:50:00"
IOP,0.00063636,"2017-12-04 02:55:00"
IOP,0.00062679,"2017-12-04 03:00:00"
IOP,0.00062345,"2017-12-04 03:05:00"
IOP,0.00062184,"2017-12-04 03:10:00"
IOP,0.00063499,"2017-12-04 03:15:00"
IOP,0.00064562,"2017-12-04 03:20:00"
IOP,0.00064212,"2017-12-04 03:25:00"
IOP,0.00063498,"2017-12-04 03:30:00"
IOP,0.000638,"2017-12-04 03:35:00"
IOP,0.00063498,"2017-12-04 03:40:00"
IOP,0.00062287,"2017-12-04 03:45:00"
IOP,0.00061363,"2017-12-04 03:50:00"
IOP,0.00059999,"2017-12-04 03:55:00"
IOP,0.0006363,"2017-12-04 04:00:00"
IOP,0.00064057,"2017-12-04 04:05:00"
IOP,0.00062348,"2017-12-04 04:10:00"
IOP,0.00063502,"2017-12-04 04:15:00"
IOP,0.000615,"2017-12-04 04:20:00"
IOP,0.00061999,"2017-12-04 04:25:00"
IOP,0.00060679,"2017-12-04 04:30:00"
IOP,0.00061693,"2017-12-04 04:35:00"
IOP,0.00060001,"2017-12-04 04:40:00"
IOP,0.00059615,"2017-12-04 04:45:00"
IOP,0.00058617,"2017-12-04 04:50:00"
IOP,0.00059,"2017-12-04 04:55:00"
IOP,0.00059,"2017-12-04 05:00:00"
IOP,0.00059559,"2017-12-04 05:05:00"
IOP,0.00061478,"2017-12-04 05:10:00"
IOP,0.00062105,"2017-12-04 05:15:00"
IOP,0.00060535,"2017-12-04 05:20:00"
IOP,0.00061702,"2017-12-04 05:25:00"
IOP,0.00061499,"2017-12-04 05:30:00"
IOP,0.0006199,"2017-12-04 05:35:00"
IOP,0.00060634,"2017-12-04 05:40:00"
IOP,0.0006063,"2017-12-04 05:45:00"
IOP,0.00060634,"2017-12-04 05:50:00"
IOP,0.00060633,"2017-12-04 05:55:00"
IOP,0.00059893,"2017-12-04 06:00:00"
IOP,0.00060389,"2017-12-04 06:05:00"
IOP,0.00060484,"2017-12-04 06:10:00"
IOP,0.000607,"2017-12-04 06:15:00"
IOP,0.00060264,"2017-12-04 06:20:00"
IOP,0.0006084,"2017-12-04 06:25:00"
IOP,0.00060518,"2017-12-04 06:30:00"
IOP,0.0006051,"2017-12-04 06:35:00"
IOP,0.00059882,"2017-12-04 06:40:00"
IOP,0.00059105,"2017-12-04 06:45:00"
IOP,0.00059399,"2017-12-04 06:50:00"
IOP,0.00058701,"2017-12-04 06:55:00"
IOP,0.0005811,"2017-12-04 07:00:00"
IOP,0.00057983,"2017-12-04 07:05:00"
IOP,0.00058475,"2017-12-04 07:10:00"
IOP,0.00058477,"2017-12-04 07:15:00"
IOP,0.00057606,"2017-12-04 07:20:00"
IOP,0.000581,"2017-12-04 07:25:00"
IOP,0.00057294,"2017-12-04 07:30:00"
IOP,0.00057982,"2017-12-04 07:35:00"
IOP,0.00058265,"2017-12-04 07:40:00"
IOP,0.00058006,"2017-12-04 07:45:00"
IOP,0.00058285,"2017-12-04 07:50:00"
IOP,0.00057981,"2017-12-04 07:55:00"
IOP,0.0005798,"2017-12-04 08:00:00"
IOP,0.00057365,"2017-12-04 08:05:00"
IOP,0.00057934,"2017-12-04 08:10:00"
IOP,0.00057981,"2017-12-04 08:15:00"
IOP,0.00058089,"2017-12-04 08:20:00"
IOP,0.0006471,"2017-12-04 08:25:00"
IOP,0.00062992,"2017-12-04 08:30:00"
IOP,0.00060609,"2017-12-04 08:35:00"
IOP,0.00063001,"2017-12-04 08:40:00"
IOP,0.0006205,"2017-12-04 08:45:00"
IOP,0.00061978,"2017-12-04 08:50:00"
IOP,0.000625,"2017-12-04 08:55:00"
IOP,0.00063796,"2017-12-04 09:00:00"
IOP,0.00063797,"2017-12-04 09:05:00"
IOP,0.00063096,"2017-12-04 09:10:00"
IOP,0.00060615,"2017-12-04 09:15:00"
IOP,0.000613,"2017-12-04 09:20:00"
IOP,0.00061201,"2017-12-04 09:25:00"
IOP,0.000613,"2017-12-04 09:30:00"
IOP,0.0006236,"2017-12-04 09:35:00"
IOP,0.00061938,"2017-12-04 09:40:00"
IOP,0.00061839,"2017-12-04 09:45:00"
IOP,0.00062181,"2017-12-04 09:50:00"
IOP,0.00061103,"2017-12-04 09:55:00"
IOP,0.00061739,"2017-12-04 10:00:00"
IOP,0.00062509,"2017-12-04 10:05:00"
IOP,0.0006167,"2017-12-04 10:10:00"
IOP,0.00061,"2017-12-04 10:15:00"
IOP,0.00060018,"2017-12-04 10:20:00"
IOP,0.00060199,"2017-12-04 10:25:00"
IOP,0.00060201,"2017-12-04 10:30:00"
IOP,0.00059689,"2017-12-04 10:35:00"
IOP,0.0006,"2017-12-04 10:40:00"
IOP,0.00060589,"2017-12-04 10:45:00"
IOP,0.00060414,"2017-12-04 10:50:00"
IOP,0.00059439,"2017-12-04 10:55:00"
IOP,0.00059301,"2017-12-04 11:00:00"
IOP,0.00059676,"2017-12-04 11:05:00"
IOP,0.00059871,"2017-12-04 11:10:00"
IOP,0.00060566,"2017-12-04 11:15:00"
IOP,0.00060935,"2017-12-04 11:20:00"
IOP,0.00061,"2017-12-04 11:25:00"
IOP,0.00060988,"2017-12-04 11:30:00"
IOP,0.00060983,"2017-12-04 11:35:00"
IOP,0.00059607,"2017-12-04 11:40:00"
IOP,0.00059785,"2017-12-04 11:45:00"
IOP,0.00060085,"2017-12-04 11:50:00"
IOP,0.00060605,"2017-12-04 11:55:00"
IOP,0.000601,"2017-12-04 12:00:00"
IOP,0.000607,"2017-12-04 12:05:00"
IOP,0.00060624,"2017-12-04 12:10:00"
IOP,0.00060624,"2017-12-04 12:15:00"
IOP,0.00060624,"2017-12-04 12:20:00"
IOP,0.000597,"2017-12-04 12:25:00"
IOP,0.00059705,"2017-12-04 12:30:00"
IOP,0.00059699,"2017-12-04 12:35:00"
IOP,0.000595,"2017-12-04 12:40:00"
IOP,0.000593,"2017-12-04 12:45:00"
IOP,0.00059486,"2017-12-04 12:50:00"
IOP,0.00059345,"2017-12-04 12:55:00"
IOP,0.00058921,"2017-12-04 13:00:00"
IOP,0.00058535,"2017-12-04 13:05:00"
IOP,0.00059,"2017-12-04 13:10:00"
IOP,0.00059143,"2017-12-04 13:15:00"
IOP,0.00059187,"2017-12-04 13:20:00"
IOP,0.00059188,"2017-12-04 13:25:00"
IOP,0.00059262,"2017-12-04 13:30:00"
IOP,0.00059536,"2017-12-04 13:35:00"
IOP,0.00059691,"2017-12-04 13:40:00"
IOP,0.00060553,"2017-12-04 13:45:00"
IOP,0.000622,"2017-12-04 13:50:00"
IOP,0.0006499,"2017-12-04 13:55:00"
IOP,0.00066448,"2017-12-04 14:00:00"
IOP,0.00064546,"2017-12-04 14:05:00"
IOP,0.00063201,"2017-12-04 14:10:00"
IOP,0.000615,"2017-12-04 14:15:00"
IOP,0.00062512,"2017-12-04 14:20:00"
IOP,0.0006229,"2017-12-04 14:25:00"
IOP,0.00062122,"2017-12-04 14:30:00"
IOP,0.00062114,"2017-12-04 14:35:00"
IOP,0.00062145,"2017-12-04 14:40:00"
IOP,0.00062142,"2017-12-04 14:45:00"
IOP,0.000636,"2017-12-04 14:50:00"
IOP,0.00062807,"2017-12-04 14:55:00"
IOP,0.00061156,"2017-12-04 15:00:00"
IOP,0.00061494,"2017-12-04 15:05:00"
IOP,0.00061639,"2017-12-04 15:10:00"
IOP,0.00061006,"2017-12-04 15:15:00"
IOP,0.00060874,"2017-12-04 15:20:00"
IOP,0.00061618,"2017-12-04 15:25:00"
IOP,0.00060744,"2017-12-04 15:30:00"
IOP,0.00060046,"2017-12-04 15:35:00"
IOP,0.00060835,"2017-12-04 15:40:00"
IOP,0.000609,"2017-12-04 15:45:00"
IOP,0.00061401,"2017-12-04 15:50:00"
IOP,0.0006145,"2017-12-04 15:55:00"
IOP,0.0006165,"2017-12-04 16:00:00"
IOP,0.0006165,"2017-12-04 16:05:00"
IOP,0.00061499,"2017-12-04 16:10:00"
IOP,0.00061415,"2017-12-04 16:15:00"
IOP,0.00060884,"2017-12-04 16:20:00"
IOP,0.00060759,"2017-12-04 16:25:00"
IOP,0.00060604,"2017-12-04 16:30:00"
IOP,0.00060676,"2017-12-04 16:35:00"
IOP,0.00059503,"2017-12-04 16:40:00"
IOP,0.00059183,"2017-12-04 16:45:00"
IOP,0.000585,"2017-12-04 16:50:00"
IOP,0.00058401,"2017-12-04 16:55:00"
IOP,0.00058407,"2017-12-04 17:00:00"
IOP,0.00060751,"2017-12-04 17:05:00"
IOP,0.00059538,"2017-12-04 17:10:00"
IOP,0.00059526,"2017-12-04 17:15:00"
IOP,0.00059519,"2017-12-04 17:20:00"
IOP,0.000585,"2017-12-04 17:25:00"
IOP,0.0005846,"2017-12-04 17:30:00"
IOP,0.00058472,"2017-12-04 17:35:00"
IOP,0.00058888,"2017-12-04 17:40:00"
IOP,0.0005898,"2017-12-04 17:45:00"
IOP,0.00058987,"2017-12-04 17:50:00"
IOP,0.00059542,"2017-12-04 17:55:00"
IOP,0.00060602,"2017-12-04 18:00:00"
IOP,0.00059,"2017-12-04 18:05:00"
IOP,0.000597,"2017-12-04 18:10:00"
IOP,0.000592,"2017-12-04 18:15:00"
IOP,0.0005899,"2017-12-04 18:20:00"
IOP,0.0005897,"2017-12-04 18:25:00"
IOP,0.00058918,"2017-12-04 18:30:00"
IOP,0.00058919,"2017-12-04 18:35:00"
IOP,0.0005833,"2017-12-04 18:40:00"
IOP,0.00058692,"2017-12-04 18:45:00"
IOP,0.00058298,"2017-12-04 18:50:00"
IOP,0.00058921,"2017-12-04 18:55:00"
IOP,0.00059204,"2017-12-04 19:00:00"
IOP,0.00059567,"2017-12-04 19:05:00"
IOP,0.00060888,"2017-12-04 19:10:00"
IOP,0.00058921,"2017-12-04 19:15:00"
IOP,0.00060228,"2017-12-04 19:20:00"
IOP,0.00059827,"2017-12-04 19:25:00"
IOP,0.00059053,"2017-12-04 19:30:00"
IOP,0.00059063,"2017-12-04 19:35:00"
IOP,0.00058893,"2017-12-04 19:40:00"
IOP,0.00059962,"2017-12-04 19:45:00"
IOP,0.0006,"2017-12-04 19:50:00"
IOP,0.00059976,"2017-12-04 19:55:00"
IOP,0.00058669,"2017-12-04 20:00:00"
IOP,0.00058926,"2017-12-04 20:05:00"
IOP,0.00058968,"2017-12-04 20:10:00"
IOP,0.00059535,"2017-12-04 20:15:00"
IOP,0.0006,"2017-12-04 20:20:00"
IOP,0.0006,"2017-12-04 20:25:00"
IOP,0.0006,"2017-12-04 20:30:00"
IOP,0.0006,"2017-12-04 20:35:00"
IOP,0.0006,"2017-12-04 20:40:00"
IOP,0.000592,"2017-12-04 20:45:00"
IOP,0.00059,"2017-12-04 20:50:00"
IOP,0.0005845,"2017-12-04 20:55:00"
IOP,0.000589,"2017-12-04 21:00:00"
IOP,0.00059977,"2017-12-04 21:05:00"
IOP,0.000599,"2017-12-04 21:10:00"
IOP,0.00058553,"2017-12-04 21:15:00"
IOP,0.000589,"2017-12-04 21:20:00"
IOP,0.00058798,"2017-12-04 21:25:00"
IOP,0.00058999,"2017-12-04 21:30:00"
IOP,0.00058999,"2017-12-04 21:35:00"
IOP,0.00058217,"2017-12-04 21:40:00"
IOP,0.00057064,"2017-12-04 21:45:00"
IOP,0.00058088,"2017-12-04 21:50:00"
IOP,0.00058,"2017-12-04 21:55:00"
IOP,0.000581,"2017-12-04 22:00:00"
IOP,0.00056738,"2017-12-04 22:05:00"
IOP,0.00056702,"2017-12-04 22:10:00"
IOP,0.000575,"2017-12-04 22:15:00"
IOP,0.00057999,"2017-12-04 22:20:00"
IOP,0.00058,"2017-12-04 22:25:00"
IOP,0.00058499,"2017-12-04 22:30:00"
IOP,0.000577,"2017-12-04 22:35:00"
IOP,0.00057338,"2017-12-04 22:40:00"
IOP,0.0005686,"2017-12-04 22:45:00"
IOP,0.0005672,"2017-12-04 22:50:00"
IOP,0.00056743,"2017-12-04 22:55:00"
IOP,0.000563,"2017-12-04 23:00:00"
IOP,0.000563,"2017-12-04 23:05:00"
IOP,0.00057357,"2017-12-04 23:10:00"
IOP,0.00057357,"2017-12-04 23:15:00"
IOP,0.00056531,"2017-12-04 23:20:00"
IOP,0.00056989,"2017-12-04 23:25:00"
IOP,0.00057015,"2017-12-04 23:30:00"
IOP,0.00057013,"2017-12-04 23:35:00"
IOP,0.00056878,"2017-12-04 23:40:00"
IOP,0.0005725,"2017-12-04 23:45:00"
IOP,0.00057268,"2017-12-04 23:50:00"
IOP,0.0005535,"2017-12-04 23:55:00"
IOP,0.00056871,"2017-12-05 00:00:00"
IOP,0.00056051,"2017-12-05 00:05:00"
IOP,0.00054682,"2017-12-05 00:10:00"
IOP,0.00054546,"2017-12-05 00:15:00"
IOP,0.00054272,"2017-12-05 00:20:00"
IOP,0.00052972,"2017-12-05 00:25:00"
IOP,0.00053205,"2017-12-05 00:30:00"
IOP,0.0005405,"2017-12-05 00:35:00"
IOP,0.0005461,"2017-12-05 00:40:00"
IOP,0.000536,"2017-12-05 00:45:00"
IOP,0.000544,"2017-12-05 00:50:00"
IOP,0.000544,"2017-12-05 00:55:00"
IOP,0.00054855,"2017-12-05 01:00:00"
IOP,0.00055444,"2017-12-05 01:05:00"
IOP,0.00054,"2017-12-05 01:10:00"
IOP,0.000543,"2017-12-05 01:15:00"
IOP,0.000536,"2017-12-05 01:20:00"
IOP,0.00054191,"2017-12-05 01:25:00"
IOP,0.0005418,"2017-12-05 01:30:00"
IOP,0.00053542,"2017-12-05 01:35:00"
IOP,0.00053905,"2017-12-05 01:40:00"
IOP,0.00053543,"2017-12-05 01:45:00"
IOP,0.00053234,"2017-12-05 01:50:00"
IOP,0.00053475,"2017-12-05 01:55:00"
IOP,0.0005275,"2017-12-05 02:00:00"
IOP,0.000521,"2017-12-05 02:05:00"
IOP,0.00051368,"2017-12-05 02:10:00"
IOP,0.0005148,"2017-12-05 02:15:00"
IOP,0.00051355,"2017-12-05 02:20:00"
IOP,0.00051141,"2017-12-05 02:25:00"
IOP,0.00051257,"2017-12-05 02:30:00"
IOP,0.00050573,"2017-12-05 02:35:00"
IOP,0.000505,"2017-12-05 02:40:00"
IOP,0.00051546,"2017-12-05 02:45:00"
IOP,0.00051797,"2017-12-05 02:50:00"
IOP,0.00052,"2017-12-05 02:55:00"
IOP,0.00052321,"2017-12-05 03:00:00"
IOP,0.00051231,"2017-12-05 03:05:00"
IOP,0.000495,"2017-12-05 03:10:00"
IOP,0.0005003,"2017-12-05 03:15:00"
IOP,0.000509,"2017-12-05 03:20:00"
IOP,0.00050313,"2017-12-05 03:25:00"
IOP,0.00050319,"2017-12-05 03:30:00"
IOP,0.00050782,"2017-12-05 03:35:00"
IOP,0.00051469,"2017-12-05 03:40:00"
IOP,0.00050314,"2017-12-05 03:45:00"
IOP,0.00050801,"2017-12-05 03:50:00"
IOP,0.00050528,"2017-12-05 03:55:00"
IOP,0.00050967,"2017-12-05 04:00:00"
IOP,0.00051196,"2017-12-05 04:05:00"
IOP,0.00050704,"2017-12-05 04:10:00"
IOP,0.00051181,"2017-12-05 04:15:00"
IOP,0.00052455,"2017-12-05 04:20:00"
IOP,0.0005174,"2017-12-05 04:25:00"
IOP,0.00052242,"2017-12-05 04:30:00"
IOP,0.00052392,"2017-12-05 04:35:00"
IOP,0.00052877,"2017-12-05 04:40:00"
IOP,0.0005284,"2017-12-05 04:45:00"
IOP,0.00052365,"2017-12-05 04:50:00"
IOP,0.000513,"2017-12-05 04:55:00"
IOP,0.00051018,"2017-12-05 05:00:00"
IOP,0.00051271,"2017-12-05 05:05:00"
IOP,0.00051741,"2017-12-05 05:10:00"
IOP,0.00051748,"2017-12-05 05:15:00"
IOP,0.00051749,"2017-12-05 05:20:00"
IOP,0.000514,"2017-12-05 05:25:00"
IOP,0.00051299,"2017-12-05 05:30:00"
IOP,0.00051298,"2017-12-05 05:35:00"
IOP,0.000511,"2017-12-05 05:40:00"
IOP,0.0005175,"2017-12-05 05:45:00"
IOP,0.00051877,"2017-12-05 05:50:00"
IOP,0.00051718,"2017-12-05 05:55:00"
IOP,0.00051742,"2017-12-05 06:00:00"
IOP,0.000518,"2017-12-05 06:05:00"
IOP,0.00051958,"2017-12-05 06:10:00"
IOP,0.00052365,"2017-12-05 06:15:00"
IOP,0.00052859,"2017-12-05 06:20:00"
IOP,0.00052999,"2017-12-05 06:25:00"
IOP,0.00052999,"2017-12-05 06:30:00"
IOP,0.00052523,"2017-12-05 06:35:00"
IOP,0.00053359,"2017-12-05 06:40:00"
IOP,0.00052779,"2017-12-05 06:45:00"
IOP,0.00052815,"2017-12-05 06:50:00"
IOP,0.00053269,"2017-12-05 06:55:00"
IOP,0.00053001,"2017-12-05 07:00:00"
IOP,0.00053002,"2017-12-05 07:05:00"
IOP,0.00053128,"2017-12-05 07:10:00"
IOP,0.00052,"2017-12-05 07:15:00"
IOP,0.00051971,"2017-12-05 07:20:00"
IOP,0.00052102,"2017-12-05 07:25:00"
IOP,0.00052067,"2017-12-05 07:30:00"
IOP,0.0005208,"2017-12-05 07:35:00"
IOP,0.00052161,"2017-12-05 07:40:00"
IOP,0.00051625,"2017-12-05 07:45:00"
IOP,0.00051943,"2017-12-05 07:50:00"
IOP,0.00051942,"2017-12-05 07:55:00"
IOP,0.0005185,"2017-12-05 08:00:00"
IOP,0.00051943,"2017-12-05 08:05:00"
IOP,0.0005151,"2017-12-05 08:10:00"
IOP,0.00052117,"2017-12-05 08:15:00"
IOP,0.0005252,"2017-12-05 08:20:00"
IOP,0.00052937,"2017-12-05 08:25:00"
IOP,0.00053278,"2017-12-05 08:30:00"
IOP,0.00052691,"2017-12-05 08:35:00"
IOP,0.00053239,"2017-12-05 08:40:00"
IOP,0.00052735,"2017-12-05 08:45:00"
IOP,0.00053598,"2017-12-05 08:50:00"
IOP,0.00052906,"2017-12-05 08:55:00"
IOP,0.000535,"2017-12-05 09:00:00"
IOP,0.00054183,"2017-12-05 09:05:00"
IOP,0.000535,"2017-12-05 09:10:00"
IOP,0.00053101,"2017-12-05 09:15:00"
IOP,0.000531,"2017-12-05 09:20:00"
IOP,0.00053111,"2017-12-05 09:25:00"
IOP,0.00052999,"2017-12-05 09:30:00"
IOP,0.00052349,"2017-12-05 09:35:00"
IOP,0.00051997,"2017-12-05 09:40:00"
IOP,0.00051141,"2017-12-05 09:45:00"
IOP,0.00050049,"2017-12-05 09:50:00"
IOP,0.000509,"2017-12-05 09:55:00"
IOP,0.00051931,"2017-12-05 10:00:00"
IOP,0.00050707,"2017-12-05 10:05:00"
IOP,0.0005125,"2017-12-05 10:10:00"
IOP,0.00050658,"2017-12-05 10:15:00"
IOP,0.00050281,"2017-12-05 10:20:00"
IOP,0.000503,"2017-12-05 10:25:00"
IOP,0.00050281,"2017-12-05 10:30:00"
IOP,0.000485,"2017-12-05 10:35:00"
IOP,0.00048514,"2017-12-05 10:40:00"
IOP,0.00049444,"2017-12-05 10:45:00"
IOP,0.00049082,"2017-12-05 10:50:00"
IOP,0.000495,"2017-12-05 10:55:00"
IOP,0.00050297,"2017-12-05 11:00:00"
IOP,0.00049908,"2017-12-05 11:05:00"
IOP,0.00049498,"2017-12-05 11:10:00"
IOP,0.000471,"2017-12-05 11:15:00"
IOP,0.00048,"2017-12-05 11:20:00"
IOP,0.00048677,"2017-12-05 11:25:00"
IOP,0.000472,"2017-12-05 11:30:00"
IOP,0.000475,"2017-12-05 11:35:00"
IOP,0.00047353,"2017-12-05 11:40:00"
IOP,0.00047399,"2017-12-05 11:45:00"
IOP,0.00047975,"2017-12-05 11:50:00"
IOP,0.0004907,"2017-12-05 11:55:00"
IOP,0.00049,"2017-12-05 12:00:00"
IOP,0.00049203,"2017-12-05 12:05:00"
IOP,0.00049719,"2017-12-05 12:10:00"
IOP,0.0005025,"2017-12-05 12:15:00"
IOP,0.0005,"2017-12-05 12:20:00"
IOP,0.00049795,"2017-12-05 12:25:00"
IOP,0.00048763,"2017-12-05 12:30:00"
IOP,0.00048,"2017-12-05 12:35:00"
IOP,0.00048713,"2017-12-05 12:40:00"
IOP,0.000485,"2017-12-05 12:45:00"
IOP,0.00048001,"2017-12-05 12:50:00"
IOP,0.000477,"2017-12-05 12:55:00"
IOP,0.00048252,"2017-12-05 13:00:00"
IOP,0.000486,"2017-12-05 13:05:00"
IOP,0.00048844,"2017-12-05 13:10:00"
IOP,0.00048868,"2017-12-05 13:15:00"
IOP,0.0004845,"2017-12-05 13:20:00"
IOP,0.00048754,"2017-12-05 13:25:00"
IOP,0.00049264,"2017-12-05 13:30:00"
IOP,0.00049,"2017-12-05 13:35:00"
IOP,0.00049,"2017-12-05 13:40:00"
IOP,0.00048812,"2017-12-05 13:45:00"
IOP,0.00049024,"2017-12-05 13:50:00"
IOP,0.00048753,"2017-12-05 13:55:00"
IOP,0.0004851,"2017-12-05 14:00:00"
IOP,0.0004827,"2017-12-05 14:05:00"
IOP,0.00048112,"2017-12-05 14:10:00"
IOP,0.000479,"2017-12-05 14:15:00"
IOP,0.00047099,"2017-12-05 14:20:00"
IOP,0.0004713,"2017-12-05 14:25:00"
IOP,0.00047001,"2017-12-05 14:30:00"
IOP,0.00047021,"2017-12-05 14:35:00"
IOP,0.00047021,"2017-12-05 14:40:00"
IOP,0.00047,"2017-12-05 14:45:00"
IOP,0.00047029,"2017-12-05 14:50:00"
IOP,0.00047076,"2017-12-05 14:55:00"
IOP,0.00047076,"2017-12-05 15:00:00"
IOP,0.0004707,"2017-12-05 15:05:00"
IOP,0.00047076,"2017-12-05 15:10:00"
IOP,0.00047442,"2017-12-05 15:15:00"
IOP,0.00048215,"2017-12-05 15:20:00"
IOP,0.00047843,"2017-12-05 15:25:00"
IOP,0.00047801,"2017-12-05 15:30:00"
IOP,0.00048,"2017-12-05 15:35:00"
IOP,0.00047154,"2017-12-05 15:40:00"
IOP,0.00047154,"2017-12-05 15:45:00"
IOP,0.00047651,"2017-12-05 15:50:00"
IOP,0.0004726,"2017-12-05 15:55:00"
IOP,0.00047261,"2017-12-05 16:00:00"
IOP,0.00047162,"2017-12-05 16:05:00"
IOP,0.00046875,"2017-12-05 16:10:00"
IOP,0.00046637,"2017-12-05 16:15:00"
IOP,0.00046364,"2017-12-05 16:20:00"
IOP,0.000461,"2017-12-05 16:25:00"
IOP,0.00044855,"2017-12-05 16:30:00"
IOP,0.00045,"2017-12-05 16:35:00"
IOP,0.00044974,"2017-12-05 16:40:00"
IOP,0.000443,"2017-12-05 16:45:00"
IOP,0.00045202,"2017-12-05 16:50:00"
IOP,0.000452,"2017-12-05 16:55:00"
IOP,0.00045829,"2017-12-05 17:00:00"
IOP,0.0004571,"2017-12-05 17:05:00"
IOP,0.00045829,"2017-12-05 17:10:00"
IOP,0.0004567,"2017-12-05 17:15:00"
IOP,0.00045999,"2017-12-05 17:20:00"
IOP,0.00046653,"2017-12-05 17:25:00"
IOP,0.00047128,"2017-12-05 17:30:00"
IOP,0.00049079,"2017-12-05 17:35:00"
IOP,0.00051335,"2017-12-05 17:40:00"
IOP,0.00049102,"2017-12-05 17:45:00"
IOP,0.0004999,"2017-12-05 17:50:00"
IOP,0.00049381,"2017-12-05 17:55:00"
IOP,0.00048055,"2017-12-05 18:00:00"
IOP,0.00047665,"2017-12-05 18:05:00"
IOP,0.00048258,"2017-12-05 18:10:00"
IOP,0.00048915,"2017-12-05 18:15:00"
IOP,0.0005,"2017-12-05 18:20:00"
IOP,0.00049035,"2017-12-05 18:25:00"
IOP,0.0004904,"2017-12-05 18:30:00"
IOP,0.0004903,"2017-12-05 18:35:00"
IOP,0.00048941,"2017-12-05 18:40:00"
IOP,0.00048793,"2017-12-05 18:45:00"
IOP,0.00048799,"2017-12-05 18:50:00"
IOP,0.00048531,"2017-12-05 18:55:00"
IOP,0.00048531,"2017-12-05 19:00:00"
IOP,0.00048532,"2017-12-05 19:05:00"
IOP,0.0004918,"2017-12-05 19:10:00"
IOP,0.00049973,"2017-12-05 19:15:00"
IOP,0.00049972,"2017-12-05 19:20:00"
IOP,0.000494,"2017-12-05 19:25:00"
IOP,0.00050198,"2017-12-05 19:30:00"
IOP,0.0005,"2017-12-05 19:35:00"
IOP,0.0005,"2017-12-05 19:40:00"
IOP,0.00050429,"2017-12-05 19:45:00"
IOP,0.0005088,"2017-12-05 19:50:00"
IOP,0.000506,"2017-12-05 19:55:00"
IOP,0.0005098,"2017-12-05 20:00:00"
IOP,0.0005115,"2017-12-05 20:05:00"
IOP,0.00051134,"2017-12-05 20:10:00"
IOP,0.000505,"2017-12-05 20:15:00"
IOP,0.0005,"2017-12-05 20:20:00"
IOP,0.000492,"2017-12-05 20:25:00"
IOP,0.00049323,"2017-12-05 20:30:00"
IOP,0.00049323,"2017-12-05 20:35:00"
IOP,0.00049324,"2017-12-05 20:40:00"
IOP,0.000492,"2017-12-05 20:45:00"
IOP,0.00048568,"2017-12-05 20:50:00"
IOP,0.00049568,"2017-12-05 20:55:00"
IOP,0.0005,"2017-12-05 21:00:00"
IOP,0.0005105,"2017-12-05 21:05:00"
IOP,0.0005058,"2017-12-05 21:10:00"
IOP,0.00050711,"2017-12-05 21:15:00"
IOP,0.00050711,"2017-12-05 21:20:00"
IOP,0.00051055,"2017-12-05 21:25:00"
IOP,0.00051481,"2017-12-05 21:30:00"
IOP,0.00052253,"2017-12-05 21:35:00"
IOP,0.000514,"2017-12-05 21:40:00"
IOP,0.00052425,"2017-12-05 21:45:00"
IOP,0.00052561,"2017-12-05 21:50:00"
IOP,0.00053561,"2017-12-05 21:55:00"
IOP,0.00052415,"2017-12-05 22:00:00"
IOP,0.00051165,"2017-12-05 22:05:00"
IOP,0.00051446,"2017-12-05 22:10:00"
IOP,0.00052188,"2017-12-05 22:15:00"
IOP,0.000523,"2017-12-05 22:20:00"
IOP,0.00051396,"2017-12-05 22:25:00"
IOP,0.00051003,"2017-12-05 22:30:00"
IOP,0.0005105,"2017-12-05 22:35:00"
IOP,0.00051401,"2017-12-05 22:40:00"
IOP,0.00050709,"2017-12-05 22:45:00"
IOP,0.00050875,"2017-12-05 22:50:00"
IOP,0.00050882,"2017-12-05 22:55:00"
IOP,0.00051317,"2017-12-05 23:00:00"
IOP,0.00050923,"2017-12-05 23:05:00"
IOP,0.00050922,"2017-12-05 23:10:00"
IOP,0.00050922,"2017-12-05 23:15:00"
IOP,0.0005071,"2017-12-05 23:20:00"
IOP,0.00050709,"2017-12-05 23:25:00"
IOP,0.00050902,"2017-12-05 23:30:00"
IOP,0.00051796,"2017-12-05 23:35:00"
IOP,0.0005237,"2017-12-05 23:40:00"
IOP,0.00052755,"2017-12-05 23:45:00"
IOP,0.00051325,"2017-12-05 23:50:00"
IOP,0.00050898,"2017-12-05 23:55:00"
IOP,0.0005,"2017-12-06 00:00:00"
IOP,0.00049593,"2017-12-06 00:05:00"
IOP,0.00049239,"2017-12-06 00:10:00"
IOP,0.000485,"2017-12-06 00:15:00"
IOP,0.000487,"2017-12-06 00:20:00"
IOP,0.00048785,"2017-12-06 00:25:00"
IOP,0.00049689,"2017-12-06 00:30:00"
IOP,0.00048988,"2017-12-06 00:35:00"
IOP,0.00049221,"2017-12-06 00:40:00"
IOP,0.00048715,"2017-12-06 00:45:00"
IOP,0.000488,"2017-12-06 00:50:00"
IOP,0.00049527,"2017-12-06 00:55:00"
IOP,0.0004949,"2017-12-06 01:00:00"
IOP,0.00049002,"2017-12-06 01:05:00"
IOP,0.00048884,"2017-12-06 01:10:00"
IOP,0.0004853,"2017-12-06 01:15:00"
IOP,0.0004853,"2017-12-06 01:20:00"
IOP,0.00049001,"2017-12-06 01:25:00"
IOP,0.00050674,"2017-12-06 01:30:00"
IOP,0.00051006,"2017-12-06 01:35:00"
IOP,0.00050894,"2017-12-06 01:40:00"
IOP,0.00049335,"2017-12-06 01:45:00"
IOP,0.00048765,"2017-12-06 01:50:00"
IOP,0.00048114,"2017-12-06 01:55:00"
IOP,0.0004708,"2017-12-06 02:00:00"
IOP,0.00046221,"2017-12-06 02:06:00"
IOP,0.00046093,"2017-12-06 02:10:00"
IOP,0.00046463,"2017-12-06 02:15:00"
IOP,0.00046231,"2017-12-06 02:20:00"
IOP,0.00046081,"2017-12-06 02:25:00"
IOP,0.00045321,"2017-12-06 02:30:00"
IOP,0.00045996,"2017-12-06 02:35:00"
IOP,0.00045251,"2017-12-06 02:40:00"
IOP,0.00045823,"2017-12-06 02:45:00"
IOP,0.00045736,"2017-12-06 02:50:00"
IOP,0.00045734,"2017-12-06 02:55:00"
IOP,0.00045649,"2017-12-06 03:00:00"
IOP,0.00045757,"2017-12-06 03:05:00"
IOP,0.00046099,"2017-12-06 03:10:00"
IOP,0.000461,"2017-12-06 03:15:00"
IOP,0.00046505,"2017-12-06 03:20:00"
IOP,0.00046547,"2017-12-06 03:25:00"
IOP,0.00046546,"2017-12-06 03:30:00"
IOP,0.00045308,"2017-12-06 03:35:00"
IOP,0.00045711,"2017-12-06 03:40:00"
IOP,0.00045209,"2017-12-06 03:45:00"
IOP,0.00044995,"2017-12-06 03:50:00"
IOP,0.00044089,"2017-12-06 03:55:00"
IOP,0.00044107,"2017-12-06 04:00:00"
IOP,0.00044033,"2017-12-06 04:05:00"
IOP,0.00044087,"2017-12-06 04:10:00"
IOP,0.00043982,"2017-12-06 04:15:00"
IOP,0.00042158,"2017-12-06 04:20:00"
IOP,0.00041833,"2017-12-06 04:25:00"
IOP,0.0004175,"2017-12-06 04:30:00"
IOP,0.00041772,"2017-12-06 04:35:00"
IOP,0.0004233,"2017-12-06 04:40:00"
IOP,0.00043926,"2017-12-06 04:45:00"
IOP,0.000435,"2017-12-06 04:50:00"
IOP,0.00043991,"2017-12-06 04:55:00"
IOP,0.00043832,"2017-12-06 05:00:00"
IOP,0.00043253,"2017-12-06 05:05:00"
IOP,0.00042789,"2017-12-06 05:10:00"
IOP,0.00043761,"2017-12-06 05:15:00"
IOP,0.00043949,"2017-12-06 05:20:00"
IOP,0.00044627,"2017-12-06 05:25:00"
IOP,0.00044,"2017-12-06 05:30:00"
IOP,0.00044515,"2017-12-06 05:35:00"
IOP,0.00045076,"2017-12-06 05:40:00"
IOP,0.00045002,"2017-12-06 05:45:00"
IOP,0.00044064,"2017-12-06 05:50:00"
IOP,0.00044,"2017-12-06 05:55:00"
IOP,0.00044,"2017-12-06 06:00:00"
IOP,0.00044004,"2017-12-06 06:05:00"
IOP,0.00044005,"2017-12-06 06:10:00"
IOP,0.00044002,"2017-12-06 06:15:00"
IOP,0.00043721,"2017-12-06 06:20:00"
IOP,0.0004356,"2017-12-06 06:25:00"
IOP,0.000432,"2017-12-06 06:30:00"
IOP,0.00043019,"2017-12-06 06:35:00"
IOP,0.0004278,"2017-12-06 06:40:00"
IOP,0.00042389,"2017-12-06 06:45:00"
IOP,0.00041295,"2017-12-06 06:50:00"
IOP,0.00041549,"2017-12-06 06:55:00"
IOP,0.000394,"2017-12-06 07:00:00"
IOP,0.00040531,"2017-12-06 07:05:00"
IOP,0.0004075,"2017-12-06 07:10:00"
IOP,0.00040531,"2017-12-06 07:15:00"
IOP,0.00039636,"2017-12-06 07:20:00"
IOP,0.00040132,"2017-12-06 07:25:00"
IOP,0.00038925,"2017-12-06 07:30:00"
IOP,0.00039269,"2017-12-06 07:35:00"
IOP,0.00040055,"2017-12-06 07:40:00"
IOP,0.00040701,"2017-12-06 07:45:00"
IOP,0.00039692,"2017-12-06 07:50:00"
IOP,0.00039,"2017-12-06 07:55:00"
IOP,0.00038314,"2017-12-06 08:00:00"
IOP,0.00039027,"2017-12-06 08:05:00"
IOP,0.0003999,"2017-12-06 08:10:00"
IOP,0.00039301,"2017-12-06 08:15:00"
IOP,0.00039416,"2017-12-06 08:20:00"
IOP,0.00039371,"2017-12-06 08:25:00"
IOP,0.00039347,"2017-12-06 08:30:00"
IOP,0.00039414,"2017-12-06 08:35:00"
IOP,0.00039582,"2017-12-06 08:40:00"
IOP,0.00039841,"2017-12-06 08:45:00"
IOP,0.00040095,"2017-12-06 08:50:00"
IOP,0.00041087,"2017-12-06 08:55:00"
IOP,0.00041048,"2017-12-06 09:00:00"
IOP,0.0004079,"2017-12-06 09:05:00"
IOP,0.0004009,"2017-12-06 09:10:00"
IOP,0.00040134,"2017-12-06 09:15:00"
IOP,0.00040753,"2017-12-06 09:20:00"
IOP,0.000403,"2017-12-06 09:25:00"
IOP,0.0004013,"2017-12-06 09:30:00"
IOP,0.000402,"2017-12-06 09:35:00"
IOP,0.0004024,"2017-12-06 09:40:00"
IOP,0.00040604,"2017-12-06 09:45:00"
IOP,0.00040614,"2017-12-06 09:50:00"
IOP,0.00040555,"2017-12-06 09:55:00"
IOP,0.0004013,"2017-12-06 10:00:00"
IOP,0.00040258,"2017-12-06 10:05:00"
IOP,0.00040345,"2017-12-06 10:10:00"
IOP,0.000412,"2017-12-06 10:15:00"
IOP,0.00041956,"2017-12-06 10:20:00"
IOP,0.0004274,"2017-12-06 10:25:00"
IOP,0.00042028,"2017-12-06 10:30:00"
IOP,0.00041599,"2017-12-06 10:35:00"
IOP,0.00041896,"2017-12-06 10:40:00"
IOP,0.00041897,"2017-12-06 10:45:00"
IOP,0.0004193,"2017-12-06 10:50:00"
IOP,0.0003889,"2017-12-06 10:55:00"
IOP,0.00039175,"2017-12-06 11:00:00"
IOP,0.00039234,"2017-12-06 11:05:00"
IOP,0.00039984,"2017-12-06 11:10:00"
IOP,0.0003987,"2017-12-06 11:15:00"
IOP,0.00039395,"2017-12-06 11:20:00"
IOP,0.00039453,"2017-12-06 11:25:00"
IOP,0.0003945,"2017-12-06 11:30:00"
IOP,0.000393,"2017-12-06 11:35:00"
IOP,0.0003875,"2017-12-06 11:40:00"
IOP,0.00039216,"2017-12-06 11:45:00"
IOP,0.00038725,"2017-12-06 11:50:00"
IOP,0.00036419,"2017-12-06 11:55:00"
IOP,0.00035849,"2017-12-06 12:00:00"
IOP,0.00034897,"2017-12-06 12:05:00"
IOP,0.000375,"2017-12-06 12:10:00"
IOP,0.00036495,"2017-12-06 12:15:00"
IOP,0.00036485,"2017-12-06 12:20:00"
IOP,0.00037243,"2017-12-06 12:25:00"
IOP,0.00038,"2017-12-06 12:30:00"
IOP,0.000378,"2017-12-06 12:35:00"
IOP,0.0003564,"2017-12-06 12:40:00"
IOP,0.00039129,"2017-12-06 12:45:00"
IOP,0.00037948,"2017-12-06 12:50:00"
IOP,0.00037544,"2017-12-06 12:55:00"
IOP,0.00036596,"2017-12-06 13:00:00"
IOP,0.00036901,"2017-12-06 13:05:00"
IOP,0.00036744,"2017-12-06 13:10:00"
IOP,0.00037912,"2017-12-06 13:15:00"
IOP,0.00037,"2017-12-06 13:20:00"
IOP,0.00036697,"2017-12-06 13:25:00"
IOP,0.00037021,"2017-12-06 13:30:00"
IOP,0.00037103,"2017-12-06 13:35:00"
IOP,0.00036835,"2017-12-06 13:40:00"
IOP,0.00037912,"2017-12-06 13:45:00"
IOP,0.00036642,"2017-12-06 13:50:00"
IOP,0.00037173,"2017-12-06 13:55:00"
IOP,0.00036643,"2017-12-06 14:00:00"
IOP,0.00036954,"2017-12-06 14:05:00"
IOP,0.00036643,"2017-12-06 14:10:00"
IOP,0.00036494,"2017-12-06 14:15:00"
IOP,0.00036467,"2017-12-06 14:20:00"
IOP,0.00036438,"2017-12-06 14:25:00"
IOP,0.00036213,"2017-12-06 14:30:00"
IOP,0.00036213,"2017-12-06 14:35:00"
IOP,0.0003612,"2017-12-06 14:40:00"
IOP,0.00036119,"2017-12-06 14:45:00"
IOP,0.00036214,"2017-12-06 14:50:00"
IOP,0.00037045,"2017-12-06 14:55:00"
IOP,0.00037092,"2017-12-06 15:00:00"
IOP,0.00037278,"2017-12-06 15:05:00"
IOP,0.00037472,"2017-12-06 15:10:00"
IOP,0.00038,"2017-12-06 15:15:00"
IOP,0.00037092,"2017-12-06 15:20:00"
IOP,0.00037399,"2017-12-06 15:25:00"
IOP,0.00037249,"2017-12-06 15:30:00"
IOP,0.000362,"2017-12-06 15:35:00"
IOP,0.00036207,"2017-12-06 15:40:00"
IOP,0.00037188,"2017-12-06 15:45:00"
IOP,0.00036898,"2017-12-06 15:50:00"
IOP,0.00036254,"2017-12-06 15:55:00"
IOP,0.00036703,"2017-12-06 16:00:00"
IOP,0.00039,"2017-12-06 16:05:00"
IOP,0.00039696,"2017-12-06 16:10:00"
IOP,0.00040315,"2017-12-06 16:15:00"
IOP,0.00041317,"2017-12-06 16:20:00"
IOP,0.00040376,"2017-12-06 16:25:00"
IOP,0.0004242,"2017-12-06 16:30:00"
IOP,0.00042807,"2017-12-06 16:35:00"
IOP,0.00042798,"2017-12-06 16:40:00"
IOP,0.00044111,"2017-12-06 16:45:00"
IOP,0.00043722,"2017-12-06 16:50:00"
IOP,0.0004399,"2017-12-06 16:55:00"
IOP,0.00041021,"2017-12-06 17:00:00"
IOP,0.00043,"2017-12-06 17:05:00"
IOP,0.00043508,"2017-12-06 17:10:00"
IOP,0.0004335,"2017-12-06 17:15:00"
IOP,0.00044025,"2017-12-06 17:20:00"
IOP,0.000454,"2017-12-06 17:25:00"
IOP,0.000453,"2017-12-06 17:30:00"
IOP,0.00044687,"2017-12-06 17:35:00"
IOP,0.00043299,"2017-12-06 17:40:00"
IOP,0.00042258,"2017-12-06 17:45:00"
IOP,0.00042257,"2017-12-06 17:50:00"
IOP,0.00042825,"2017-12-06 17:55:00"
IOP,0.00042,"2017-12-06 18:00:00"
IOP,0.00041968,"2017-12-06 18:05:00"
IOP,0.00041575,"2017-12-06 18:10:00"
IOP,0.00042172,"2017-12-06 18:15:00"
IOP,0.000415,"2017-12-06 18:20:00"
IOP,0.00042,"2017-12-06 18:25:00"
IOP,0.00041814,"2017-12-06 18:30:00"
IOP,0.00041101,"2017-12-06 18:35:00"
IOP,0.00041132,"2017-12-06 18:40:00"
IOP,0.00041131,"2017-12-06 18:45:00"
IOP,0.00041053,"2017-12-06 18:50:00"
IOP,0.00041516,"2017-12-06 18:55:00"
IOP,0.00042432,"2017-12-06 19:00:00"
IOP,0.00041802,"2017-12-06 19:05:00"
IOP,0.00041833,"2017-12-06 19:10:00"
IOP,0.00041997,"2017-12-06 19:15:00"
IOP,0.00041508,"2017-12-06 19:20:00"
IOP,0.000415,"2017-12-06 19:25:00"
IOP,0.00041171,"2017-12-06 19:30:00"
IOP,0.00041158,"2017-12-06 19:35:00"
IOP,0.00041157,"2017-12-06 19:40:00"
IOP,0.0004103,"2017-12-06 19:45:00"
IOP,0.00041027,"2017-12-06 19:50:00"
IOP,0.00040416,"2017-12-06 19:55:00"
IOP,0.00040294,"2017-12-06 20:00:00"
IOP,0.00040201,"2017-12-06 20:05:00"
IOP,0.00040083,"2017-12-06 20:10:00"
IOP,0.00040191,"2017-12-06 20:15:00"
IOP,0.00040196,"2017-12-06 20:20:00"
IOP,0.00040001,"2017-12-06 20:25:00"
IOP,0.0004,"2017-12-06 20:30:00"
IOP,0.00040195,"2017-12-06 20:35:00"
IOP,0.00040704,"2017-12-06 20:40:00"
IOP,0.00039939,"2017-12-06 20:45:00"
IOP,0.00038486,"2017-12-06 20:50:00"
IOP,0.00038472,"2017-12-06 20:55:00"
IOP,0.0003785,"2017-12-06 21:00:00"
IOP,0.00039081,"2017-12-06 21:05:00"
IOP,0.00037825,"2017-12-06 21:10:00"
IOP,0.00038492,"2017-12-06 21:15:00"
IOP,0.00037798,"2017-12-06 21:20:00"
IOP,0.00038,"2017-12-06 21:25:00"
IOP,0.00038588,"2017-12-06 21:30:00"
IOP,0.000379,"2017-12-06 21:35:00"
IOP,0.00037001,"2017-12-06 21:40:00"
IOP,0.00037089,"2017-12-06 21:45:00"
IOP,0.00037241,"2017-12-06 21:50:00"
IOP,0.00038124,"2017-12-06 21:55:00"
IOP,0.00037427,"2017-12-06 22:00:00"
IOP,0.00037201,"2017-12-06 22:05:00"
IOP,0.00036829,"2017-12-06 22:10:00"
IOP,0.00036725,"2017-12-06 22:15:00"
IOP,0.00037089,"2017-12-06 22:20:00"
IOP,0.00037569,"2017-12-06 22:25:00"
IOP,0.00037999,"2017-12-06 22:30:00"
IOP,0.00037568,"2017-12-06 22:35:00"
IOP,0.00037572,"2017-12-06 22:40:00"
IOP,0.00039519,"2017-12-06 22:45:00"
IOP,0.000391,"2017-12-06 22:50:00"
IOP,0.0003852,"2017-12-06 22:55:00"
IOP,0.00038,"2017-12-06 23:00:00"
IOP,0.00038024,"2017-12-06 23:05:00"
IOP,0.000393,"2017-12-06 23:10:00"
IOP,0.00038652,"2017-12-06 23:15:00"
IOP,0.00038555,"2017-12-06 23:20:00"
IOP,0.00037704,"2017-12-06 23:25:00"
IOP,0.000377,"2017-12-06 23:30:00"
IOP,0.00036743,"2017-12-06 23:35:00"
IOP,0.00035907,"2017-12-06 23:40:00"
IOP,0.00035494,"2017-12-06 23:45:00"
IOP,0.00035412,"2017-12-06 23:50:00"
IOP,0.00035451,"2017-12-06 23:55:00"
IOP,0.00035809,"2017-12-07 00:00:00"
IOP,0.00035251,"2017-12-07 00:05:00"
IOP,0.00035275,"2017-12-07 00:10:00"
IOP,0.000358,"2017-12-07 00:15:00"
IOP,0.00035998,"2017-12-07 00:20:00"
IOP,0.00035998,"2017-12-07 00:25:00"
IOP,0.0003564,"2017-12-07 00:30:00"
IOP,0.00036291,"2017-12-07 00:35:00"
IOP,0.00036001,"2017-12-07 00:40:00"
IOP,0.00036001,"2017-12-07 00:45:00"
IOP,0.0003555,"2017-12-07 00:50:00"
IOP,0.000355,"2017-12-07 00:55:00"
IOP,0.00035,"2017-12-07 01:00:00"
IOP,0.00034839,"2017-12-07 01:05:00"
IOP,0.00034608,"2017-12-07 01:10:00"
IOP,0.00033732,"2017-12-07 01:15:00"
IOP,0.000337,"2017-12-07 01:20:00"
IOP,0.00033269,"2017-12-07 01:25:00"
IOP,0.0003315,"2017-12-07 01:30:00"
IOP,0.00032002,"2017-12-07 01:35:00"
IOP,0.000319,"2017-12-07 01:40:00"
IOP,0.0003101,"2017-12-07 01:45:00"
IOP,0.00031047,"2017-12-07 01:50:00"
IOP,0.00031047,"2017-12-07 01:55:00"
IOP,0.00030511,"2017-12-07 02:00:00"
IOP,0.00030498,"2017-12-07 02:05:00"
IOP,0.00030965,"2017-12-07 02:10:00"
IOP,0.00030998,"2017-12-07 02:15:00"
IOP,0.00029984,"2017-12-07 02:20:00"
IOP,0.0002995,"2017-12-07 02:25:00"
IOP,0.000304,"2017-12-07 02:30:00"
IOP,0.00030555,"2017-12-07 02:35:00"
IOP,0.00029865,"2017-12-07 02:40:00"
IOP,0.00030393,"2017-12-07 02:45:00"
IOP,0.00030299,"2017-12-07 02:50:00"
IOP,0.00031379,"2017-12-07 02:55:00"
IOP,0.0003201,"2017-12-07 03:00:00"
IOP,0.00032651,"2017-12-07 03:05:00"
IOP,0.00033134,"2017-12-07 03:10:00"
IOP,0.00032652,"2017-12-07 03:15:00"
IOP,0.00031785,"2017-12-07 03:20:00"
IOP,0.00033609,"2017-12-07 03:25:00"
IOP,0.00033608,"2017-12-07 03:30:00"
IOP,0.00033634,"2017-12-07 03:35:00"
IOP,0.00033887,"2017-12-07 03:40:00"
IOP,0.00033886,"2017-12-07 03:45:00"
IOP,0.00033,"2017-12-07 03:50:00"
IOP,0.00033171,"2017-12-07 03:55:00"
IOP,0.000325,"2017-12-07 04:00:00"
IOP,0.000325,"2017-12-07 04:05:00"
IOP,0.000325,"2017-12-07 04:10:00"
IOP,0.00032795,"2017-12-07 04:15:00"
IOP,0.00033192,"2017-12-07 04:20:00"
IOP,0.00033191,"2017-12-07 04:25:00"
IOP,0.00032562,"2017-12-07 04:30:00"
IOP,0.00032702,"2017-12-07 04:35:00"
IOP,0.00033178,"2017-12-07 04:40:00"
IOP,0.00033177,"2017-12-07 04:45:00"
IOP,0.00033246,"2017-12-07 04:50:00"
IOP,0.0003362,"2017-12-07 04:55:00"
IOP,0.00034069,"2017-12-07 05:00:00"
IOP,0.00033626,"2017-12-07 05:05:00"
IOP,0.00033177,"2017-12-07 05:10:00"
IOP,0.00032717,"2017-12-07 05:15:00"
IOP,0.00033445,"2017-12-07 05:20:00"
IOP,0.00032759,"2017-12-07 05:25:00"
IOP,0.00032759,"2017-12-07 05:30:00"
IOP,0.00033281,"2017-12-07 05:35:00"
IOP,0.00033085,"2017-12-07 05:40:00"
IOP,0.00033144,"2017-12-07 05:45:00"
IOP,0.00032817,"2017-12-07 05:50:00"
IOP,0.00033369,"2017-12-07 05:55:00"
IOP,0.00033127,"2017-12-07 06:00:00"
IOP,0.00033872,"2017-12-07 06:05:00"
IOP,0.0003313,"2017-12-07 06:10:00"
IOP,0.00032756,"2017-12-07 06:15:00"
IOP,0.00031821,"2017-12-07 06:20:00"
IOP,0.00032261,"2017-12-07 06:25:00"
IOP,0.00032499,"2017-12-07 06:30:00"
IOP,0.00032499,"2017-12-07 06:35:00"
IOP,0.00032583,"2017-12-07 06:40:00"
IOP,0.00032702,"2017-12-07 06:45:00"
IOP,0.000327,"2017-12-07 06:50:00"
IOP,0.00032834,"2017-12-07 06:55:00"
IOP,0.0003301,"2017-12-07 07:00:00"
IOP,0.0003301,"2017-12-07 07:05:00"
IOP,0.0003301,"2017-12-07 07:10:00"
IOP,0.00033011,"2017-12-07 07:15:00"
IOP,0.00033011,"2017-12-07 07:20:00"
IOP,0.00033011,"2017-12-07 07:25:00"
IOP,0.00033011,"2017-12-07 07:30:00"
IOP,0.000324,"2017-12-07 07:35:00"
IOP,0.00032,"2017-12-07 07:40:00"
IOP,0.00032561,"2017-12-07 07:45:00"
IOP,0.00031463,"2017-12-07 07:50:00"
IOP,0.00031763,"2017-12-07 07:55:00"
IOP,0.00031797,"2017-12-07 08:00:00"
IOP,0.0003199,"2017-12-07 08:05:00"
IOP,0.0003182,"2017-12-07 08:10:00"
IOP,0.00032355,"2017-12-07 08:15:00"
IOP,0.0003199,"2017-12-07 08:20:00"
IOP,0.0003199,"2017-12-07 08:25:00"
IOP,0.00031093,"2017-12-07 08:30:00"
IOP,0.00030897,"2017-12-07 08:35:00"
IOP,0.00031089,"2017-12-07 08:40:00"
IOP,0.00031105,"2017-12-07 08:45:00"
IOP,0.00031894,"2017-12-07 08:50:00"
IOP,0.00031693,"2017-12-07 08:55:00"
IOP,0.00031693,"2017-12-07 09:00:00"
IOP,0.00031691,"2017-12-07 09:05:00"
IOP,0.00030871,"2017-12-07 09:10:00"
IOP,0.00030926,"2017-12-07 09:15:00"
IOP,0.00030639,"2017-12-07 09:20:00"
IOP,0.00030705,"2017-12-07 09:25:00"
IOP,0.00030862,"2017-12-07 09:30:00"
IOP,0.0003077,"2017-12-07 09:35:00"
IOP,0.00030861,"2017-12-07 09:40:00"
IOP,0.00029666,"2017-12-07 09:45:00"
IOP,0.00029674,"2017-12-07 09:50:00"
IOP,0.00029224,"2017-12-07 09:55:00"
IOP,0.00029,"2017-12-07 10:00:00"
IOP,0.00030399,"2017-12-07 10:05:00"
IOP,0.000314,"2017-12-07 10:10:00"
IOP,0.00030565,"2017-12-07 10:15:00"
IOP,0.00030204,"2017-12-07 10:20:00"
IOP,0.00029906,"2017-12-07 10:25:00"
IOP,0.00029901,"2017-12-07 10:30:00"
IOP,0.00029645,"2017-12-07 10:35:00"
IOP,0.00029644,"2017-12-07 10:40:00"
IOP,0.00029602,"2017-12-07 10:45:00"
IOP,0.00029602,"2017-12-07 10:50:00"
IOP,0.00029603,"2017-12-07 10:55:00"
IOP,0.0002964,"2017-12-07 11:00:00"
IOP,0.0002964,"2017-12-07 11:05:00"
IOP,0.0002958,"2017-12-07 11:10:00"
IOP,0.00029497,"2017-12-07 11:15:00"
IOP,0.00029591,"2017-12-07 11:20:00"
IOP,0.00030384,"2017-12-07 11:25:00"
IOP,0.00031053,"2017-12-07 11:30:00"
IOP,0.00030532,"2017-12-07 11:35:00"
IOP,0.00029801,"2017-12-07 11:40:00"
IOP,0.00028969,"2017-12-07 11:45:00"
IOP,0.00029,"2017-12-07 11:50:00"
IOP,0.00029,"2017-12-07 11:55:00"
IOP,0.00029015,"2017-12-07 12:00:00"
IOP,0.00028924,"2017-12-07 12:05:00"
IOP,0.00028884,"2017-12-07 12:10:00"
IOP,0.00029004,"2017-12-07 12:15:00"
IOP,0.00029001,"2017-12-07 12:20:00"
IOP,0.00029001,"2017-12-07 12:25:00"
IOP,0.0002899,"2017-12-07 12:30:00"
IOP,0.00028782,"2017-12-07 12:35:00"
IOP,0.0002849,"2017-12-07 12:40:00"
IOP,0.00028445,"2017-12-07 12:45:00"
IOP,0.00028982,"2017-12-07 12:50:00"
IOP,0.00029,"2017-12-07 12:55:00"
IOP,0.00029385,"2017-12-07 13:00:00"
IOP,0.00029139,"2017-12-07 13:05:00"
IOP,0.00029295,"2017-12-07 13:10:00"
IOP,0.00028485,"2017-12-07 13:15:00"
IOP,0.00029165,"2017-12-07 13:20:00"
IOP,0.00029164,"2017-12-07 13:25:00"
IOP,0.00028719,"2017-12-07 13:30:00"
IOP,0.00029249,"2017-12-07 13:35:00"
IOP,0.00029419,"2017-12-07 13:40:00"
IOP,0.00029414,"2017-12-07 13:45:00"
IOP,0.00029398,"2017-12-07 13:50:00"
IOP,0.00028339,"2017-12-07 13:55:00"
IOP,0.0002915,"2017-12-07 14:00:00"
IOP,0.0002905,"2017-12-07 14:05:00"
IOP,0.00029392,"2017-12-07 14:10:00"
IOP,0.00029388,"2017-12-07 14:15:00"
IOP,0.00028801,"2017-12-07 14:20:00"
IOP,0.00029366,"2017-12-07 14:25:00"
IOP,0.0002925,"2017-12-07 14:30:00"
IOP,0.00028995,"2017-12-07 14:35:00"
IOP,0.00029,"2017-12-07 14:40:00"
IOP,0.00029403,"2017-12-07 14:45:00"
IOP,0.00029097,"2017-12-07 14:50:00"
IOP,0.00029096,"2017-12-07 14:55:00"
IOP,0.00029248,"2017-12-07 15:00:00"
IOP,0.00029426,"2017-12-07 15:05:00"
IOP,0.0002971,"2017-12-07 15:10:00"
IOP,0.00029802,"2017-12-07 15:15:00"
IOP,0.00029721,"2017-12-07 15:20:00"
IOP,0.000288,"2017-12-07 15:25:00"
IOP,0.000283,"2017-12-07 15:30:00"
IOP,0.000283,"2017-12-07 15:35:00"
IOP,0.000284,"2017-12-07 15:40:00"
IOP,0.00029717,"2017-12-07 15:45:00"
IOP,0.000285,"2017-12-07 15:50:00"
IOP,0.000288,"2017-12-07 15:55:00"
IOP,0.00029263,"2017-12-07 16:00:00"
IOP,0.00028863,"2017-12-07 16:05:00"
IOP,0.00028403,"2017-12-07 16:10:00"
IOP,0.00028395,"2017-12-07 16:15:00"
IOP,0.00028159,"2017-12-07 16:20:00"
IOP,0.00028,"2017-12-07 16:25:00"
IOP,0.00027,"2017-12-07 16:30:00"
IOP,0.00026685,"2017-12-07 16:35:00"
IOP,0.00026901,"2017-12-07 16:40:00"
IOP,0.00026503,"2017-12-07 16:45:00"
IOP,0.0002649,"2017-12-07 16:50:00"
IOP,0.00026153,"2017-12-07 16:55:00"
IOP,0.00026359,"2017-12-07 17:00:00"
IOP,0.00025962,"2017-12-07 17:05:00"
IOP,0.00026271,"2017-12-07 17:10:00"
IOP,0.00025961,"2017-12-07 17:15:00"
IOP,0.00025472,"2017-12-07 17:20:00"
IOP,0.00025362,"2017-12-07 17:25:00"
IOP,0.00024396,"2017-12-07 17:30:00"
IOP,0.00025349,"2017-12-07 17:35:00"
IOP,0.00025552,"2017-12-07 17:40:00"
IOP,0.00025903,"2017-12-07 17:45:00"
IOP,0.0002638,"2017-12-07 17:50:00"
IOP,0.00026379,"2017-12-07 17:55:00"
IOP,0.00026549,"2017-12-07 18:00:00"
IOP,0.00027144,"2017-12-07 18:05:00"
IOP,0.0002731,"2017-12-07 18:10:00"
IOP,0.00027206,"2017-12-07 18:15:00"
IOP,0.00027521,"2017-12-07 18:20:00"
IOP,0.00027726,"2017-12-07 18:25:00"
IOP,0.00027798,"2017-12-07 18:30:00"
IOP,0.00027832,"2017-12-07 18:35:00"
IOP,0.00027027,"2017-12-07 18:40:00"
IOP,0.0002743,"2017-12-07 18:45:00"
IOP,0.0002712,"2017-12-07 18:50:00"
IOP,0.00027042,"2017-12-07 18:55:00"
IOP,0.00027027,"2017-12-07 19:00:00"
IOP,0.00027027,"2017-12-07 19:05:00"
IOP,0.00027417,"2017-12-07 19:10:00"
IOP,0.00026057,"2017-12-07 19:15:00"
IOP,0.00025381,"2017-12-07 19:20:00"
IOP,0.0002542,"2017-12-07 19:25:00"
IOP,0.000254,"2017-12-07 19:30:00"
IOP,0.00025415,"2017-12-07 19:35:00"
IOP,0.00026036,"2017-12-07 19:40:00"
IOP,0.00025519,"2017-12-07 19:45:00"
IOP,0.00025519,"2017-12-07 19:50:00"
IOP,0.00025211,"2017-12-07 19:55:00"
IOP,0.00025213,"2017-12-07 20:00:00"
IOP,0.00025081,"2017-12-07 20:05:00"
IOP,0.00025449,"2017-12-07 20:10:00"
IOP,0.000256,"2017-12-07 20:15:00"
IOP,0.00025946,"2017-12-07 20:20:00"
IOP,0.0002594,"2017-12-07 20:25:00"
IOP,0.00025944,"2017-12-07 20:30:00"
IOP,0.00025946,"2017-12-07 20:35:00"
IOP,0.000272,"2017-12-07 20:40:00"
IOP,0.000271,"2017-12-07 20:45:00"
IOP,0.00026182,"2017-12-07 20:50:00"
IOP,0.00026748,"2017-12-07 20:55:00"
IOP,0.00026994,"2017-12-07 21:00:00"
IOP,0.00025743,"2017-12-07 21:05:00"
IOP,0.00026202,"2017-12-07 21:10:00"
IOP,0.00027,"2017-12-07 21:15:00"
IOP,0.00026975,"2017-12-07 21:20:00"
IOP,0.00026666,"2017-12-07 21:25:00"
IOP,0.00026666,"2017-12-07 21:30:00"
IOP,0.00027,"2017-12-07 21:35:00"
IOP,0.0002719,"2017-12-07 21:40:00"
IOP,0.0002732,"2017-12-07 21:45:00"
IOP,0.00027007,"2017-12-07 21:50:00"
IOP,0.00027008,"2017-12-07 21:55:00"
IOP,0.00026953,"2017-12-07 22:00:00"
IOP,0.00026953,"2017-12-07 22:05:00"
IOP,0.00026954,"2017-12-07 22:10:00"
IOP,0.00026954,"2017-12-07 22:15:00"
IOP,0.00026954,"2017-12-07 22:20:00"
IOP,0.00026999,"2017-12-07 22:25:00"
IOP,0.00026999,"2017-12-07 22:30:00"
IOP,0.00026954,"2017-12-07 22:35:00"
IOP,0.00026666,"2017-12-07 22:40:00"
IOP,0.00026553,"2017-12-07 22:45:00"
IOP,0.00026147,"2017-12-07 22:50:00"
IOP,0.00026124,"2017-12-07 22:55:00"
IOP,0.000258,"2017-12-07 23:00:00"
IOP,0.00025607,"2017-12-07 23:05:00"
IOP,0.0002525,"2017-12-07 23:10:00"
IOP,0.00024533,"2017-12-07 23:15:00"
IOP,0.0002469,"2017-12-07 23:20:00"
IOP,0.00024457,"2017-12-07 23:25:00"
IOP,0.0002444,"2017-12-07 23:30:00"
IOP,0.00024296,"2017-12-07 23:35:00"
IOP,0.00023415,"2017-12-07 23:40:00"
IOP,0.00022953,"2017-12-07 23:45:00"
IOP,0.00022384,"2017-12-07 23:50:00"
IOP,0.000215,"2017-12-07 23:55:00"
IOP,0.000228,"2017-12-08 00:00:00"
IOP,0.00022314,"2017-12-08 00:05:00"
IOP,0.00022678,"2017-12-08 00:10:00"
IOP,0.00021396,"2017-12-08 00:15:00"
IOP,0.0002141,"2017-12-08 00:20:00"
IOP,0.00021263,"2017-12-08 00:25:00"
IOP,0.00021291,"2017-12-08 00:30:00"
IOP,0.00021577,"2017-12-08 00:35:00"
IOP,0.00022024,"2017-12-08 00:40:00"
IOP,0.0002168,"2017-12-08 00:45:00"
IOP,0.0002168,"2017-12-08 00:50:00"
IOP,0.00021681,"2017-12-08 00:55:00"
IOP,0.00021687,"2017-12-08 01:00:00"
IOP,0.00021,"2017-12-08 01:05:00"
IOP,0.00020997,"2017-12-08 01:10:00"
IOP,0.00020997,"2017-12-08 01:15:00"
IOP,0.00020997,"2017-12-08 01:20:00"
IOP,0.00020997,"2017-12-08 01:25:00"
IOP,0.00020997,"2017-12-08 01:30:00"
IOP,0.0002126,"2017-12-08 01:35:00"
IOP,0.00021127,"2017-12-08 01:40:00"
IOP,0.00021261,"2017-12-08 01:45:00"
IOP,0.00020996,"2017-12-08 01:50:00"
IOP,0.00021252,"2017-12-08 01:55:00"
IOP,0.0002052,"2017-12-08 02:00:00"
IOP,0.00020542,"2017-12-08 02:05:00"
IOP,0.0001953,"2017-12-08 02:10:00"
IOP,0.00019948,"2017-12-08 02:15:00"
IOP,0.00019289,"2017-12-08 02:20:00"
IOP,0.000193,"2017-12-08 02:25:00"
IOP,0.0001995,"2017-12-08 02:30:00"
IOP,0.00018976,"2017-12-08 02:35:00"
IOP,0.00018977,"2017-12-08 02:40:00"
IOP,0.00019119,"2017-12-08 02:45:00"
IOP,0.00018897,"2017-12-08 02:50:00"
IOP,0.00020245,"2017-12-08 02:55:00"
IOP,0.0001995,"2017-12-08 03:00:00"
IOP,0.00019901,"2017-12-08 03:05:00"
IOP,0.0001995,"2017-12-08 03:10:00"
IOP,0.00020031,"2017-12-08 03:15:00"
IOP,0.00020528,"2017-12-08 03:20:00"
IOP,0.00020528,"2017-12-08 03:25:00"
IOP,0.00020792,"2017-12-08 03:30:00"
IOP,0.00020529,"2017-12-08 03:35:00"
IOP,0.00021,"2017-12-08 03:40:00"
IOP,0.00021,"2017-12-08 03:45:00"
IOP,0.00021302,"2017-12-08 03:50:00"
IOP,0.00021366,"2017-12-08 03:55:00"
IOP,0.00022305,"2017-12-08 04:00:00"
IOP,0.00022305,"2017-12-08 04:05:00"
IOP,0.00022444,"2017-12-08 04:10:00"
IOP,0.0002232,"2017-12-08 04:15:00"
IOP,0.00022622,"2017-12-08 04:20:00"
IOP,0.00022516,"2017-12-08 04:25:00"
IOP,0.00022732,"2017-12-08 04:30:00"
IOP,0.0002273,"2017-12-08 04:35:00"
IOP,0.0002273,"2017-12-08 04:40:00"
IOP,0.00022731,"2017-12-08 04:45:00"
IOP,0.00022917,"2017-12-08 04:50:00"
IOP,0.000225,"2017-12-08 04:55:00"
IOP,0.00022506,"2017-12-08 05:00:00"
IOP,0.00022504,"2017-12-08 05:05:00"
IOP,0.00022389,"2017-12-08 05:10:00"
IOP,0.00021694,"2017-12-08 05:15:00"
IOP,0.00021306,"2017-12-08 05:20:00"
IOP,0.0002131,"2017-12-08 05:25:00"
IOP,0.00021472,"2017-12-08 05:30:00"
IOP,0.00021481,"2017-12-08 05:35:00"
IOP,0.00021478,"2017-12-08 05:40:00"
IOP,0.00021888,"2017-12-08 05:45:00"
IOP,0.00021887,"2017-12-08 05:50:00"
IOP,0.00021908,"2017-12-08 05:55:00"
IOP,0.00021937,"2017-12-08 06:00:00"
IOP,0.000232,"2017-12-08 06:05:00"
IOP,0.000229,"2017-12-08 06:10:00"
IOP,0.00023192,"2017-12-08 06:15:00"
IOP,0.00023194,"2017-12-08 06:20:00"
IOP,0.00023194,"2017-12-08 06:25:00"
IOP,0.00023357,"2017-12-08 06:30:00"
IOP,0.00023432,"2017-12-08 06:35:00"
IOP,0.00023194,"2017-12-08 06:40:00"
IOP,0.00023528,"2017-12-08 06:45:00"
IOP,0.00023529,"2017-12-08 06:50:00"
IOP,0.00023001,"2017-12-08 06:55:00"
IOP,0.00023001,"2017-12-08 07:00:00"
IOP,0.00022414,"2017-12-08 07:05:00"
IOP,0.0002297,"2017-12-08 07:10:00"
IOP,0.00022722,"2017-12-08 07:15:00"
IOP,0.00023901,"2017-12-08 07:20:00"
IOP,0.0002353,"2017-12-08 07:25:00"
IOP,0.00024,"2017-12-08 07:30:00"
IOP,0.00024,"2017-12-08 07:35:00"
IOP,0.00023411,"2017-12-08 07:40:00"
IOP,0.0002341,"2017-12-08 07:45:00"
IOP,0.0002341,"2017-12-08 07:50:00"
IOP,0.00023628,"2017-12-08 07:55:00"
IOP,0.00023628,"2017-12-08 08:00:00"
IOP,0.00023629,"2017-12-08 08:05:00"
IOP,0.000234,"2017-12-08 08:10:00"
IOP,0.00023401,"2017-12-08 08:15:00"
IOP,0.00023465,"2017-12-08 08:20:00"
IOP,0.00023401,"2017-12-08 08:25:00"
IOP,0.000234,"2017-12-08 08:30:00"
IOP,0.000234,"2017-12-08 08:35:00"
IOP,0.00023462,"2017-12-08 08:40:00"
IOP,0.00023355,"2017-12-08 08:45:00"
IOP,0.00023301,"2017-12-08 08:50:00"
IOP,0.00023355,"2017-12-08 08:55:00"
IOP,0.00023489,"2017-12-08 09:00:00"
IOP,0.00023489,"2017-12-08 09:05:00"
IOP,0.0002353,"2017-12-08 09:10:00"
IOP,0.00023922,"2017-12-08 09:15:00"
IOP,0.00024152,"2017-12-08 09:20:00"
IOP,0.00024,"2017-12-08 09:25:00"
IOP,0.00024005,"2017-12-08 09:30:00"
IOP,0.00024139,"2017-12-08 09:35:00"
IOP,0.00024134,"2017-12-08 09:40:00"
IOP,0.00024134,"2017-12-08 09:45:00"
IOP,0.00024316,"2017-12-08 09:50:00"
IOP,0.00023786,"2017-12-08 09:55:00"
IOP,0.0002345,"2017-12-08 10:00:00"
IOP,0.000234,"2017-12-08 10:05:00"
IOP,0.00023628,"2017-12-08 10:10:00"
IOP,0.0002363,"2017-12-08 10:15:00"
IOP,0.00023656,"2017-12-08 10:20:00"
IOP,0.00023629,"2017-12-08 10:25:00"
IOP,0.00023628,"2017-12-08 10:30:00"
IOP,0.0002348,"2017-12-08 10:35:00"
IOP,0.00023331,"2017-12-08 10:40:00"
IOP,0.00022519,"2017-12-08 10:45:00"
IOP,0.00022735,"2017-12-08 10:50:00"
IOP,0.00023098,"2017-12-08 10:55:00"
IOP,0.00023098,"2017-12-08 11:00:00"
IOP,0.00022996,"2017-12-08 11:05:00"
IOP,0.0002273,"2017-12-08 11:10:00"
IOP,0.00023482,"2017-12-08 11:15:00"
IOP,0.00023487,"2017-12-08 11:20:00"
IOP,0.00024196,"2017-12-08 11:25:00"
IOP,0.00024015,"2017-12-08 11:30:00"
IOP,0.00023751,"2017-12-08 11:35:00"
IOP,0.00023801,"2017-12-08 11:40:00"
IOP,0.0002376,"2017-12-08 11:45:00"
IOP,0.0002376,"2017-12-08 11:50:00"
IOP,0.00023759,"2017-12-08 11:55:00"
IOP,0.00023513,"2017-12-08 12:00:00"
IOP,0.00023485,"2017-12-08 12:05:00"
IOP,0.00023485,"2017-12-08 12:10:00"
IOP,0.00023502,"2017-12-08 12:15:00"
IOP,0.00023521,"2017-12-08 12:20:00"
IOP,0.00023138,"2017-12-08 12:25:00"
IOP,0.00024743,"2017-12-08 12:30:00"
IOP,0.00031279,"2017-12-08 12:35:00"
IOP,0.000362,"2017-12-08 12:40:00"
IOP,0.00032576,"2017-12-08 12:45:00"
IOP,0.00030005,"2017-12-08 12:50:00"
IOP,0.0003085,"2017-12-08 12:55:00"
IOP,0.00038,"2017-12-08 13:00:00"
IOP,0.00035587,"2017-12-08 13:05:00"
IOP,0.00035822,"2017-12-08 13:10:00"
IOP,0.00035498,"2017-12-08 13:15:00"
IOP,0.00035493,"2017-12-08 13:20:00"
IOP,0.00035802,"2017-12-08 13:25:00"
IOP,0.00036,"2017-12-08 13:30:00"
IOP,0.0003599,"2017-12-08 13:35:00"
IOP,0.00036501,"2017-12-08 13:40:00"
IOP,0.00035148,"2017-12-08 13:45:00"
IOP,0.00035,"2017-12-08 13:50:00"
IOP,0.00036,"2017-12-08 13:55:00"
IOP,0.00037999,"2017-12-08 14:00:00"
IOP,0.0003769,"2017-12-08 14:05:00"
IOP,0.000365,"2017-12-08 14:10:00"
IOP,0.000365,"2017-12-08 14:15:00"
IOP,0.00036999,"2017-12-08 14:20:00"
IOP,0.00037,"2017-12-08 14:25:00"
IOP,0.000368,"2017-12-08 14:30:00"
IOP,0.00038002,"2017-12-08 14:35:00"
IOP,0.00036895,"2017-12-08 14:40:00"
IOP,0.00036277,"2017-12-08 14:45:00"
IOP,0.00037027,"2017-12-08 14:50:00"
IOP,0.00039099,"2017-12-08 14:55:00"
IOP,0.000385,"2017-12-08 15:00:00"
IOP,0.00038997,"2017-12-08 15:05:00"
IOP,0.000385,"2017-12-08 15:10:00"
IOP,0.000375,"2017-12-08 15:15:00"
IOP,0.00037001,"2017-12-08 15:20:00"
IOP,0.000385,"2017-12-08 15:25:00"
IOP,0.00038011,"2017-12-08 15:30:00"
IOP,0.00037076,"2017-12-08 15:35:00"
IOP,0.000375,"2017-12-08 15:40:00"
IOP,0.00038,"2017-12-08 15:45:00"
IOP,0.0003677,"2017-12-08 15:50:00"
IOP,0.000395,"2017-12-08 15:55:00"
IOP,0.00042,"2017-12-08 16:00:00"
IOP,0.00043675,"2017-12-08 16:05:00"
IOP,0.00041575,"2017-12-08 16:10:00"
IOP,0.000425,"2017-12-08 16:15:00"
IOP,0.000408,"2017-12-08 16:20:00"
IOP,0.00044,"2017-12-08 16:25:00"
IOP,0.00043601,"2017-12-08 16:30:00"
IOP,0.00041433,"2017-12-08 16:35:00"
IOP,0.00042497,"2017-12-08 16:40:00"
IOP,0.00041873,"2017-12-08 16:45:00"
IOP,0.00041,"2017-12-08 16:50:00"
IOP,0.00040892,"2017-12-08 16:55:00"
IOP,0.000418,"2017-12-08 17:00:00"
IOP,0.00041502,"2017-12-08 17:05:00"
IOP,0.000405,"2017-12-08 17:10:00"
IOP,0.00041295,"2017-12-08 17:15:00"
IOP,0.00041295,"2017-12-08 17:20:00"
IOP,0.00042298,"2017-12-08 17:25:00"
IOP,0.00043887,"2017-12-08 17:30:00"
IOP,0.0004312,"2017-12-08 17:35:00"
IOP,0.000413,"2017-12-08 17:40:00"
IOP,0.0004081,"2017-12-08 17:45:00"
IOP,0.000417,"2017-12-08 17:50:00"
IOP,0.00041901,"2017-12-08 17:55:00"
IOP,0.00041,"2017-12-08 18:00:00"
IOP,0.000411,"2017-12-08 18:05:00"
IOP,0.000406,"2017-12-08 18:10:00"
IOP,0.0004025,"2017-12-08 18:15:00"
IOP,0.00040102,"2017-12-08 18:20:00"
IOP,0.00043446,"2017-12-08 18:25:00"
IOP,0.00043992,"2017-12-08 18:30:00"
IOP,0.00046415,"2017-12-08 18:35:00"
IOP,0.00042999,"2017-12-08 18:40:00"
IOP,0.00042,"2017-12-08 18:45:00"
IOP,0.00041797,"2017-12-08 18:50:00"
IOP,0.00043,"2017-12-08 18:55:00"
IOP,0.00043015,"2017-12-08 19:00:00"
IOP,0.0004388,"2017-12-08 19:05:00"
IOP,0.00042551,"2017-12-08 19:10:00"
IOP,0.00041673,"2017-12-08 19:15:00"
IOP,0.00039,"2017-12-08 19:20:00"
IOP,0.00035212,"2017-12-08 19:25:00"
IOP,0.00035833,"2017-12-08 19:30:00"
IOP,0.0003719,"2017-12-08 19:35:00"
IOP,0.00037,"2017-12-08 19:40:00"
IOP,0.000365,"2017-12-08 19:45:00"
IOP,0.00035332,"2017-12-08 19:50:00"
IOP,0.00035497,"2017-12-08 19:55:00"
IOP,0.00036206,"2017-12-08 20:00:00"
IOP,0.00036418,"2017-12-08 20:05:00"
IOP,0.00036298,"2017-12-08 20:10:00"
IOP,0.00035382,"2017-12-08 20:15:00"
IOP,0.00035791,"2017-12-08 20:20:00"
IOP,0.00035573,"2017-12-08 20:25:00"
IOP,0.00035979,"2017-12-08 20:30:00"
IOP,0.000388,"2017-12-08 20:35:00"
IOP,0.00038123,"2017-12-08 20:40:00"
IOP,0.00037977,"2017-12-08 20:45:00"
IOP,0.00035776,"2017-12-08 20:50:00"
IOP,0.00035776,"2017-12-08 20:55:00"
IOP,0.00036599,"2017-12-08 21:00:00"
IOP,0.00037115,"2017-12-08 21:05:00"
IOP,0.00037496,"2017-12-08 21:10:00"
IOP,0.00036055,"2017-12-08 21:15:00"
IOP,0.00032758,"2017-12-08 21:20:00"
IOP,0.00031535,"2017-12-08 21:25:00"
IOP,0.00031149,"2017-12-08 21:30:00"
IOP,0.00032201,"2017-12-08 21:35:00"
IOP,0.000339,"2017-12-08 21:40:00"
IOP,0.00035086,"2017-12-08 21:45:00"
IOP,0.00033213,"2017-12-08 21:50:00"
IOP,0.00032035,"2017-12-08 21:55:00"
IOP,0.00032852,"2017-12-08 22:00:00"
IOP,0.00032988,"2017-12-08 22:05:00"
IOP,0.00033043,"2017-12-08 22:10:00"
IOP,0.00032105,"2017-12-08 22:15:00"
IOP,0.0003275,"2017-12-08 22:20:00"
IOP,0.0003221,"2017-12-08 22:25:00"
IOP,0.00032051,"2017-12-08 22:30:00"
IOP,0.00032031,"2017-12-08 22:35:00"
IOP,0.0003157,"2017-12-08 22:40:00"
IOP,0.00031563,"2017-12-08 22:45:00"
IOP,0.00031299,"2017-12-08 22:50:00"
IOP,0.000304,"2017-12-08 22:55:00"
IOP,0.0003073,"2017-12-08 23:00:00"
IOP,0.00030732,"2017-12-08 23:05:00"
IOP,0.0003085,"2017-12-08 23:10:00"
IOP,0.0002998,"2017-12-08 23:15:00"
IOP,0.00027818,"2017-12-08 23:20:00"
IOP,0.00028795,"2017-12-08 23:25:00"
IOP,0.000293,"2017-12-08 23:30:00"
IOP,0.00030599,"2017-12-08 23:35:00"
IOP,0.00029351,"2017-12-08 23:40:00"
IOP,0.00029967,"2017-12-08 23:45:00"
IOP,0.00029999,"2017-12-08 23:50:00"
IOP,0.00031027,"2017-12-08 23:55:00"
IOP,0.000303,"2017-12-09 00:00:00"
IOP,0.0003087,"2017-12-09 00:05:00"
IOP,0.00031507,"2017-12-09 00:10:00"
IOP,0.00031616,"2017-12-09 00:15:00"
IOP,0.00035445,"2017-12-09 00:20:00"
IOP,0.00034486,"2017-12-09 00:25:00"
IOP,0.00035008,"2017-12-09 00:30:00"
IOP,0.000344,"2017-12-09 00:35:00"
IOP,0.00031601,"2017-12-09 00:40:00"
IOP,0.0003197,"2017-12-09 00:45:00"
IOP,0.00030609,"2017-12-09 00:50:00"
IOP,0.00030777,"2017-12-09 00:55:00"
IOP,0.00031382,"2017-12-09 01:00:00"
IOP,0.00030743,"2017-12-09 01:05:00"
IOP,0.00030905,"2017-12-09 01:10:00"
IOP,0.00030192,"2017-12-09 01:15:00"
IOP,0.00030101,"2017-12-09 01:20:00"
IOP,0.0003,"2017-12-09 01:25:00"
IOP,0.000298,"2017-12-09 01:30:00"
IOP,0.00029548,"2017-12-09 01:35:00"
IOP,0.00030855,"2017-12-09 01:40:00"
IOP,0.00030874,"2017-12-09 01:45:00"
IOP,0.00030262,"2017-12-09 01:50:00"
IOP,0.00030236,"2017-12-09 01:55:00"
IOP,0.0003,"2017-12-09 02:00:00"
IOP,0.00030799,"2017-12-09 02:05:00"
IOP,0.00031377,"2017-12-09 02:10:00"
IOP,0.00031513,"2017-12-09 02:15:00"
IOP,0.000315,"2017-12-09 02:20:00"
IOP,0.00031474,"2017-12-09 02:25:00"
IOP,0.00030999,"2017-12-09 02:30:00"
IOP,0.00031401,"2017-12-09 02:35:00"
IOP,0.00031018,"2017-12-09 02:40:00"
IOP,0.00031002,"2017-12-09 02:45:00"
IOP,0.00031002,"2017-12-09 02:50:00"
IOP,0.00031003,"2017-12-09 02:55:00"
IOP,0.00031,"2017-12-09 03:00:00"
IOP,0.00031149,"2017-12-09 03:05:00"
IOP,0.00031387,"2017-12-09 03:10:00"
IOP,0.00031542,"2017-12-09 03:15:00"
IOP,0.00031781,"2017-12-09 03:20:00"
IOP,0.0003178,"2017-12-09 03:25:00"
IOP,0.000322,"2017-12-09 03:30:00"
IOP,0.00033503,"2017-12-09 03:35:00"
IOP,0.00033926,"2017-12-09 03:40:00"
IOP,0.00033197,"2017-12-09 03:45:00"
IOP,0.00034199,"2017-12-09 03:50:00"
IOP,0.00034339,"2017-12-09 03:55:00"
IOP,0.00033958,"2017-12-09 04:00:00"
IOP,0.00032208,"2017-12-09 04:05:00"
IOP,0.000332,"2017-12-09 04:10:00"
IOP,0.00032925,"2017-12-09 04:15:00"
IOP,0.00032673,"2017-12-09 04:20:00"
IOP,0.00033241,"2017-12-09 04:25:00"
IOP,0.00032671,"2017-12-09 04:30:00"
IOP,0.00033097,"2017-12-09 04:35:00"
IOP,0.00032,"2017-12-09 04:40:00"
IOP,0.00032355,"2017-12-09 04:45:00"
IOP,0.00032356,"2017-12-09 04:50:00"
IOP,0.00032791,"2017-12-09 04:55:00"
IOP,0.00031589,"2017-12-09 05:00:00"
IOP,0.000321,"2017-12-09 05:05:00"
IOP,0.00032142,"2017-12-09 05:10:00"
IOP,0.00032455,"2017-12-09 05:15:00"
IOP,0.00032398,"2017-12-09 05:20:00"
IOP,0.000324,"2017-12-09 05:25:00"
IOP,0.00032775,"2017-12-09 05:30:00"
IOP,0.00032755,"2017-12-09 05:35:00"
IOP,0.00033854,"2017-12-09 05:40:00"
IOP,0.00034,"2017-12-09 05:45:00"
IOP,0.00034611,"2017-12-09 05:50:00"
IOP,0.00034267,"2017-12-09 05:55:00"
IOP,0.00032758,"2017-12-09 06:00:00"
IOP,0.00033229,"2017-12-09 06:05:00"
IOP,0.0003323,"2017-12-09 06:10:00"
IOP,0.00032754,"2017-12-09 06:15:00"
IOP,0.00032023,"2017-12-09 06:20:00"
IOP,0.00032894,"2017-12-09 06:25:00"
IOP,0.000329,"2017-12-09 06:30:00"
IOP,0.00033347,"2017-12-09 06:35:00"
IOP,0.00033391,"2017-12-09 06:40:00"
IOP,0.00032703,"2017-12-09 06:45:00"
IOP,0.00032707,"2017-12-09 06:50:00"
IOP,0.0003271,"2017-12-09 06:55:00"
IOP,0.00033068,"2017-12-09 07:00:00"
IOP,0.00033375,"2017-12-09 07:05:00"
IOP,0.00033365,"2017-12-09 07:10:00"
IOP,0.00034128,"2017-12-09 07:15:00"
IOP,0.00033325,"2017-12-09 07:20:00"
IOP,0.00034265,"2017-12-09 07:25:00"
IOP,0.00034263,"2017-12-09 07:30:00"
IOP,0.00034267,"2017-12-09 07:35:00"
IOP,0.00034335,"2017-12-09 07:40:00"
IOP,0.00034265,"2017-12-09 07:45:00"
IOP,0.00034502,"2017-12-09 07:50:00"
IOP,0.00034246,"2017-12-09 07:55:00"
IOP,0.00034426,"2017-12-09 08:00:00"
IOP,0.000347,"2017-12-09 08:05:00"
IOP,0.00033602,"2017-12-09 08:10:00"
IOP,0.00033219,"2017-12-09 08:15:00"
IOP,0.00034864,"2017-12-09 08:20:00"
IOP,0.00034401,"2017-12-09 08:25:00"
IOP,0.00035465,"2017-12-09 08:30:00"
IOP,0.0003625,"2017-12-09 08:35:00"
IOP,0.00036198,"2017-12-09 08:40:00"
IOP,0.00036,"2017-12-09 08:45:00"
IOP,0.0003618,"2017-12-09 08:50:00"
IOP,0.00034003,"2017-12-09 08:55:00"
IOP,0.00035498,"2017-12-09 09:00:00"
IOP,0.000352,"2017-12-09 09:05:00"
IOP,0.00035002,"2017-12-09 09:10:00"
IOP,0.00034824,"2017-12-09 09:15:00"
IOP,0.00035626,"2017-12-09 09:20:00"
IOP,0.00035761,"2017-12-09 09:25:00"
IOP,0.0003504,"2017-12-09 09:30:00"
IOP,0.00034901,"2017-12-09 09:35:00"
IOP,0.00034904,"2017-12-09 09:40:00"
IOP,0.00034908,"2017-12-09 09:45:00"
IOP,0.00034904,"2017-12-09 09:50:00"
IOP,0.00034,"2017-12-09 09:55:00"
IOP,0.00034002,"2017-12-09 10:00:00"
IOP,0.0003325,"2017-12-09 10:05:00"
IOP,0.000335,"2017-12-09 10:10:00"
IOP,0.00033499,"2017-12-09 10:15:00"
IOP,0.00033,"2017-12-09 10:20:00"
IOP,0.00032635,"2017-12-09 10:25:00"
IOP,0.00033214,"2017-12-09 10:30:00"
IOP,0.00033171,"2017-12-09 10:35:00"
IOP,0.00033241,"2017-12-09 10:40:00"
IOP,0.0003299,"2017-12-09 10:45:00"
IOP,0.00032905,"2017-12-09 10:50:00"
IOP,0.00032812,"2017-12-09 10:55:00"
IOP,0.00032831,"2017-12-09 11:00:00"
IOP,0.00032906,"2017-12-09 11:05:00"
IOP,0.00032897,"2017-12-09 11:10:00"
IOP,0.00033302,"2017-12-09 11:15:00"
IOP,0.00033305,"2017-12-09 11:20:00"
IOP,0.00034467,"2017-12-09 11:25:00"
IOP,0.00035282,"2017-12-09 11:30:00"
IOP,0.00033354,"2017-12-09 11:35:00"
IOP,0.00033972,"2017-12-09 11:40:00"
IOP,0.0003397,"2017-12-09 11:45:00"
IOP,0.00033578,"2017-12-09 11:50:00"
IOP,0.00033318,"2017-12-09 11:55:00"
IOP,0.00033621,"2017-12-09 12:00:00"
IOP,0.000333,"2017-12-09 12:05:00"
IOP,0.000335,"2017-12-09 12:10:00"
IOP,0.0003331,"2017-12-09 12:15:00"
IOP,0.00033205,"2017-12-09 12:20:00"
IOP,0.00033408,"2017-12-09 12:25:00"
IOP,0.00033534,"2017-12-09 12:30:00"
IOP,0.00034131,"2017-12-09 12:35:00"
IOP,0.00033974,"2017-12-09 12:40:00"
IOP,0.00033838,"2017-12-09 12:45:00"
IOP,0.00034335,"2017-12-09 12:50:00"
IOP,0.0003411,"2017-12-09 12:55:00"
IOP,0.00034425,"2017-12-09 13:00:00"
IOP,0.00034599,"2017-12-09 13:05:00"
IOP,0.00034804,"2017-12-09 13:10:00"
IOP,0.00036318,"2017-12-09 13:15:00"
IOP,0.00035052,"2017-12-09 13:20:00"
IOP,0.000349,"2017-12-09 13:25:00"
IOP,0.00034266,"2017-12-09 13:30:00"
IOP,0.00034564,"2017-12-09 13:35:00"
IOP,0.00034564,"2017-12-09 13:40:00"
IOP,0.0003457,"2017-12-09 13:45:00"
IOP,0.00035123,"2017-12-09 13:50:00"
IOP,0.0003569,"2017-12-09 13:55:00"
IOP,0.00035275,"2017-12-09 14:00:00"
IOP,0.000353,"2017-12-09 14:05:00"
IOP,0.0003566,"2017-12-09 14:10:00"
IOP,0.00034206,"2017-12-09 14:15:00"
IOP,0.00034535,"2017-12-09 14:20:00"
IOP,0.00035,"2017-12-09 14:25:00"
IOP,0.000347,"2017-12-09 14:30:00"
IOP,0.00034608,"2017-12-09 14:35:00"
IOP,0.00034788,"2017-12-09 14:40:00"
IOP,0.0003469,"2017-12-09 14:45:00"
IOP,0.00034699,"2017-12-09 14:50:00"
IOP,0.00035489,"2017-12-09 14:55:00"
IOP,0.00036045,"2017-12-09 15:00:00"
IOP,0.00035513,"2017-12-09 15:05:00"
IOP,0.00035107,"2017-12-09 15:10:00"
IOP,0.0003545,"2017-12-09 15:15:00"
IOP,0.00035654,"2017-12-09 15:20:00"
IOP,0.000355,"2017-12-09 15:25:00"
IOP,0.0003545,"2017-12-09 15:30:00"
IOP,0.0003525,"2017-12-09 15:35:00"
IOP,0.00035113,"2017-12-09 15:40:00"
IOP,0.00035292,"2017-12-09 15:45:00"
IOP,0.000358,"2017-12-09 15:50:00"
IOP,0.00035667,"2017-12-09 15:55:00"
IOP,0.000358,"2017-12-09 16:00:00"
IOP,0.00036167,"2017-12-09 16:05:00"
IOP,0.00036501,"2017-12-09 16:10:00"
IOP,0.0003634,"2017-12-09 16:15:00"
IOP,0.000358,"2017-12-09 16:20:00"
IOP,0.00036323,"2017-12-09 16:25:00"
IOP,0.00036264,"2017-12-09 16:30:00"
IOP,0.00036298,"2017-12-09 16:35:00"
IOP,0.00036698,"2017-12-09 16:40:00"
IOP,0.00037168,"2017-12-09 16:45:00"
IOP,0.000376,"2017-12-09 16:50:00"
IOP,0.000374,"2017-12-09 16:55:00"
IOP,0.0003705,"2017-12-09 17:00:00"
IOP,0.000367,"2017-12-09 17:05:00"
IOP,0.00037145,"2017-12-09 17:10:00"
IOP,0.0003705,"2017-12-09 17:15:00"
IOP,0.00037161,"2017-12-09 17:20:00"
IOP,0.00037163,"2017-12-09 17:25:00"
IOP,0.0003756,"2017-12-09 17:30:00"
IOP,0.00037664,"2017-12-09 17:35:00"
IOP,0.00037227,"2017-12-09 17:40:00"
IOP,0.00037623,"2017-12-09 17:45:00"
IOP,0.00037612,"2017-12-09 17:50:00"
IOP,0.00036833,"2017-12-09 17:55:00"
IOP,0.000371,"2017-12-09 18:00:00"
IOP,0.00036749,"2017-12-09 18:05:00"
IOP,0.000368,"2017-12-09 18:10:00"
IOP,0.00037255,"2017-12-09 18:15:00"
IOP,0.00037479,"2017-12-09 18:20:00"
IOP,0.00036802,"2017-12-09 18:25:00"
IOP,0.000368,"2017-12-09 18:30:00"
IOP,0.00036445,"2017-12-09 18:35:00"
IOP,0.00033449,"2017-12-09 18:40:00"
IOP,0.00032849,"2017-12-09 18:45:00"
IOP,0.0003335,"2017-12-09 18:50:00"
IOP,0.00033491,"2017-12-09 18:55:00"
IOP,0.000319,"2017-12-09 19:00:00"
IOP,0.00033,"2017-12-09 19:05:00"
IOP,0.00032001,"2017-12-09 19:10:00"
IOP,0.00034384,"2017-12-09 19:15:00"
IOP,0.00033835,"2017-12-09 19:20:00"
IOP,0.00033945,"2017-12-09 19:25:00"
IOP,0.0003394,"2017-12-09 19:30:00"
IOP,0.00033,"2017-12-09 19:35:00"
IOP,0.00033938,"2017-12-09 19:40:00"
IOP,0.00033053,"2017-12-09 19:45:00"
IOP,0.00033898,"2017-12-09 19:50:00"
IOP,0.00033222,"2017-12-09 19:55:00"
IOP,0.00032554,"2017-12-09 20:00:00"
IOP,0.000335,"2017-12-09 20:05:00"
IOP,0.00033497,"2017-12-09 20:10:00"
IOP,0.00033497,"2017-12-09 20:15:00"
IOP,0.00033496,"2017-12-09 20:20:00"
IOP,0.00033496,"2017-12-09 20:25:00"
IOP,0.00033496,"2017-12-09 20:30:00"
IOP,0.000335,"2017-12-09 20:35:00"
IOP,0.000335,"2017-12-09 20:40:00"
IOP,0.00033489,"2017-12-09 20:45:00"
IOP,0.00032889,"2017-12-09 20:50:00"
IOP,0.00032927,"2017-12-09 20:55:00"
IOP,0.00032928,"2017-12-09 21:00:00"
IOP,0.00032927,"2017-12-09 21:05:00"
IOP,0.00033133,"2017-12-09 21:10:00"
IOP,0.00033306,"2017-12-09 21:15:00"
IOP,0.00033305,"2017-12-09 21:20:00"
IOP,0.00033407,"2017-12-09 21:25:00"
IOP,0.00034,"2017-12-09 21:30:00"
IOP,0.00033612,"2017-12-09 21:35:00"
IOP,0.00033612,"2017-12-09 21:40:00"
IOP,0.00033105,"2017-12-09 21:45:00"
IOP,0.00033271,"2017-12-09 21:50:00"
IOP,0.000334,"2017-12-09 21:55:00"
IOP,0.000334,"2017-12-09 22:00:00"
IOP,0.00033106,"2017-12-09 22:05:00"
IOP,0.00032927,"2017-12-09 22:10:00"
IOP,0.00032605,"2017-12-09 22:15:00"
IOP,0.00032604,"2017-12-09 22:20:00"
IOP,0.00032615,"2017-12-09 22:25:00"
IOP,0.00032931,"2017-12-09 22:30:00"
IOP,0.00033086,"2017-12-09 22:35:00"
IOP,0.00033333,"2017-12-09 22:40:00"
IOP,0.0003295,"2017-12-09 22:45:00"
IOP,0.0003333,"2017-12-09 22:50:00"
IOP,0.0003333,"2017-12-09 22:55:00"
IOP,0.00033601,"2017-12-09 23:00:00"
IOP,0.00033001,"2017-12-09 23:05:00"
IOP,0.00033703,"2017-12-09 23:10:00"
IOP,0.0003322,"2017-12-09 23:15:00"
IOP,0.000332,"2017-12-09 23:20:00"
IOP,0.00033228,"2017-12-09 23:25:00"
IOP,0.0003303,"2017-12-09 23:30:00"
IOP,0.00032498,"2017-12-09 23:35:00"
IOP,0.00032498,"2017-12-09 23:40:00"
IOP,0.00032575,"2017-12-09 23:45:00"
IOP,0.00032572,"2017-12-09 23:50:00"
IOP,0.00032893,"2017-12-09 23:55:00"
IOP,0.00032589,"2017-12-10 00:00:00"
IOP,0.00032993,"2017-12-10 00:05:00"
IOP,0.00032596,"2017-12-10 00:10:00"
IOP,0.00032935,"2017-12-10 00:15:00"
IOP,0.00032594,"2017-12-10 00:20:00"
IOP,0.00032213,"2017-12-10 00:25:00"
IOP,0.00032647,"2017-12-10 00:30:00"
IOP,0.00032647,"2017-12-10 00:35:00"
IOP,0.00032617,"2017-12-10 00:40:00"
IOP,0.00032617,"2017-12-10 00:45:00"
IOP,0.0003225,"2017-12-10 00:50:00"
IOP,0.0003245,"2017-12-10 00:55:00"
IOP,0.00032617,"2017-12-10 01:00:00"
IOP,0.00032617,"2017-12-10 01:05:00"
IOP,0.00033452,"2017-12-10 01:10:00"
IOP,0.00034519,"2017-12-10 01:15:00"
IOP,0.00034436,"2017-12-10 01:20:00"
IOP,0.00034887,"2017-12-10 01:25:00"
IOP,0.00034242,"2017-12-10 01:30:00"
IOP,0.00034761,"2017-12-10 01:35:00"
IOP,0.00034289,"2017-12-10 01:40:00"
IOP,0.00033863,"2017-12-10 01:45:00"
IOP,0.00033867,"2017-12-10 01:50:00"
IOP,0.00033459,"2017-12-10 01:55:00"
IOP,0.00032029,"2017-12-10 02:00:00"
IOP,0.00032056,"2017-12-10 02:05:00"
IOP,0.00033121,"2017-12-10 02:10:00"
IOP,0.00032631,"2017-12-10 02:15:00"
IOP,0.00032542,"2017-12-10 02:20:00"
IOP,0.00032081,"2017-12-10 02:25:00"
IOP,0.00032116,"2017-12-10 02:30:00"
IOP,0.00032465,"2017-12-10 02:35:00"
IOP,0.00032437,"2017-12-10 02:40:00"
IOP,0.00032245,"2017-12-10 02:45:00"
IOP,0.0003225,"2017-12-10 02:50:00"
IOP,0.00031137,"2017-12-10 02:55:00"
IOP,0.000308,"2017-12-10 03:00:00"
IOP,0.00030601,"2017-12-10 03:05:00"
IOP,0.00030593,"2017-12-10 03:10:00"
IOP,0.00030227,"2017-12-10 03:15:00"
IOP,0.0003029,"2017-12-10 03:20:00"
IOP,0.0003068,"2017-12-10 03:25:00"
IOP,0.00030681,"2017-12-10 03:30:00"
IOP,0.00030943,"2017-12-10 03:35:00"
IOP,0.00031126,"2017-12-10 03:40:00"
IOP,0.00030943,"2017-12-10 03:45:00"
IOP,0.0003065,"2017-12-10 03:50:00"
IOP,0.000306,"2017-12-10 03:55:00"
IOP,0.000301,"2017-12-10 04:00:00"
IOP,0.000302,"2017-12-10 04:05:00"
IOP,0.00030199,"2017-12-10 04:10:00"
IOP,0.0003,"2017-12-10 04:15:00"
IOP,0.000295,"2017-12-10 04:20:00"
IOP,0.0002902,"2017-12-10 04:25:00"
IOP,0.00029494,"2017-12-10 04:30:00"
IOP,0.00029468,"2017-12-10 04:35:00"
IOP,0.00029021,"2017-12-10 04:40:00"
IOP,0.0002864,"2017-12-10 04:45:00"
IOP,0.00028532,"2017-12-10 04:50:00"
IOP,0.0002775,"2017-12-10 04:55:00"
IOP,0.000275,"2017-12-10 05:00:00"
IOP,0.00027908,"2017-12-10 05:05:00"
IOP,0.000283,"2017-12-10 05:10:00"
IOP,0.00028278,"2017-12-10 05:15:00"
IOP,0.00029192,"2017-12-10 05:20:00"
IOP,0.00028555,"2017-12-10 05:25:00"
IOP,0.0002899,"2017-12-10 05:30:00"
IOP,0.00028989,"2017-12-10 05:35:00"
IOP,0.0002914,"2017-12-10 05:40:00"
IOP,0.00029138,"2017-12-10 05:45:00"
IOP,0.00029258,"2017-12-10 05:50:00"
IOP,0.000283,"2017-12-10 05:55:00"
IOP,0.00028358,"2017-12-10 06:00:00"
IOP,0.00028819,"2017-12-10 06:05:00"
IOP,0.00028679,"2017-12-10 06:10:00"
IOP,0.00028081,"2017-12-10 06:15:00"
IOP,0.00028496,"2017-12-10 06:20:00"
IOP,0.00029071,"2017-12-10 06:25:00"
IOP,0.0002899,"2017-12-10 06:30:00"
IOP,0.00029082,"2017-12-10 06:35:00"
IOP,0.0002968,"2017-12-10 06:40:00"
IOP,0.00029662,"2017-12-10 06:45:00"
IOP,0.000295,"2017-12-10 06:50:00"
IOP,0.00029,"2017-12-10 06:55:00"
IOP,0.00028937,"2017-12-10 07:00:00"
IOP,0.00029,"2017-12-10 07:05:00"
IOP,0.00028291,"2017-12-10 07:10:00"
IOP,0.00029,"2017-12-10 07:15:00"
IOP,0.00029226,"2017-12-10 07:20:00"
IOP,0.00029466,"2017-12-10 07:25:00"
IOP,0.0003046,"2017-12-10 07:30:00"
IOP,0.00030695,"2017-12-10 07:35:00"
IOP,0.00030697,"2017-12-10 07:40:00"
IOP,0.00030696,"2017-12-10 07:45:00"
IOP,0.00030986,"2017-12-10 07:50:00"
IOP,0.00031007,"2017-12-10 07:55:00"
IOP,0.00032064,"2017-12-10 08:00:00"
IOP,0.00032055,"2017-12-10 08:05:00"
IOP,0.00032055,"2017-12-10 08:10:00"
IOP,0.000317,"2017-12-10 08:15:00"
IOP,0.00031701,"2017-12-10 08:20:00"
IOP,0.00031701,"2017-12-10 08:25:00"
IOP,0.000317,"2017-12-10 08:30:00"
IOP,0.00031206,"2017-12-10 08:35:00"
IOP,0.0003005,"2017-12-10 08:40:00"
IOP,0.0003049,"2017-12-10 08:45:00"
IOP,0.00030507,"2017-12-10 08:50:00"
IOP,0.00030901,"2017-12-10 08:55:00"
IOP,0.00030901,"2017-12-10 09:00:00"
IOP,0.000315,"2017-12-10 09:05:00"
IOP,0.00031066,"2017-12-10 09:10:00"
IOP,0.00031065,"2017-12-10 09:15:00"
IOP,0.0003105,"2017-12-10 09:20:00"
IOP,0.00030777,"2017-12-10 09:25:00"
IOP,0.00031118,"2017-12-10 09:30:00"
IOP,0.000305,"2017-12-10 09:35:00"
IOP,0.00031102,"2017-12-10 09:40:00"
IOP,0.0003075,"2017-12-10 09:45:00"
IOP,0.0003072,"2017-12-10 09:50:00"
IOP,0.0003072,"2017-12-10 09:55:00"
IOP,0.00030651,"2017-12-10 10:00:00"
IOP,0.00030719,"2017-12-10 10:05:00"
IOP,0.00031098,"2017-12-10 10:10:00"
IOP,0.00030921,"2017-12-10 10:15:00"
IOP,0.00031102,"2017-12-10 10:20:00"
IOP,0.00031022,"2017-12-10 10:25:00"
IOP,0.00031,"2017-12-10 10:30:00"
IOP,0.00031022,"2017-12-10 10:35:00"
IOP,0.00031102,"2017-12-10 10:40:00"
IOP,0.00030651,"2017-12-10 10:45:00"
IOP,0.00031,"2017-12-10 10:50:00"
IOP,0.0003036,"2017-12-10 10:55:00"
IOP,0.00030803,"2017-12-10 11:00:00"
IOP,0.00030814,"2017-12-10 11:05:00"
IOP,0.00030829,"2017-12-10 11:10:00"
IOP,0.0003087,"2017-12-10 11:15:00"
IOP,0.0003087,"2017-12-10 11:20:00"
IOP,0.00031105,"2017-12-10 11:25:00"
IOP,0.00031314,"2017-12-10 11:30:00"
IOP,0.00032,"2017-12-10 11:35:00"
IOP,0.00030914,"2017-12-10 11:40:00"
IOP,0.00030943,"2017-12-10 11:45:00"
IOP,0.00030952,"2017-12-10 11:50:00"
IOP,0.00031378,"2017-12-10 11:55:00"
IOP,0.00031378,"2017-12-10 12:00:00"
IOP,0.00031375,"2017-12-10 12:05:00"
IOP,0.00030999,"2017-12-10 12:10:00"
IOP,0.00031372,"2017-12-10 12:15:00"
IOP,0.00031822,"2017-12-10 12:20:00"
IOP,0.00031999,"2017-12-10 12:25:00"
IOP,0.0003199,"2017-12-10 12:30:00"
IOP,0.00031344,"2017-12-10 12:35:00"
IOP,0.00031974,"2017-12-10 12:40:00"
IOP,0.000316,"2017-12-10 12:45:00"
IOP,0.000316,"2017-12-10 12:50:00"
IOP,0.00031599,"2017-12-10 12:55:00"
IOP,0.00031599,"2017-12-10 13:00:00"
IOP,0.00031911,"2017-12-10 13:05:00"
IOP,0.00032354,"2017-12-10 13:10:00"
IOP,0.00031824,"2017-12-10 13:15:00"
IOP,0.00032578,"2017-12-10 13:20:00"
IOP,0.00032571,"2017-12-10 13:25:00"
IOP,0.00031851,"2017-12-10 13:30:00"
IOP,0.00031428,"2017-12-10 13:35:00"
IOP,0.00031783,"2017-12-10 13:40:00"
IOP,0.00031399,"2017-12-10 13:45:00"
IOP,0.00031119,"2017-12-10 13:50:00"
IOP,0.00030968,"2017-12-10 13:55:00"
IOP,0.0003105,"2017-12-10 14:00:00"
IOP,0.000315,"2017-12-10 14:05:00"
IOP,0.0003061,"2017-12-10 14:10:00"
IOP,0.00030837,"2017-12-10 14:15:00"
IOP,0.000308,"2017-12-10 14:20:00"
IOP,0.0003035,"2017-12-10 14:25:00"
IOP,0.000308,"2017-12-10 14:30:00"
IOP,0.000304,"2017-12-10 14:35:00"
IOP,0.000304,"2017-12-10 14:40:00"
IOP,0.000295,"2017-12-10 14:45:00"
IOP,0.00030486,"2017-12-10 14:50:00"
IOP,0.00030084,"2017-12-10 14:55:00"
IOP,0.00030057,"2017-12-10 15:00:00"
IOP,0.00029315,"2017-12-10 15:05:00"
IOP,0.00029666,"2017-12-10 15:10:00"
IOP,0.00029308,"2017-12-10 15:15:00"
IOP,0.0002967,"2017-12-10 15:20:00"
IOP,0.00029899,"2017-12-10 15:25:00"
IOP,0.0002967,"2017-12-10 15:30:00"
IOP,0.00029247,"2017-12-10 15:35:00"
IOP,0.00029247,"2017-12-10 15:40:00"
IOP,0.00029246,"2017-12-10 15:45:00"
IOP,0.00027925,"2017-12-10 15:50:00"
IOP,0.000286,"2017-12-10 15:55:00"
IOP,0.00029,"2017-12-10 16:00:00"
IOP,0.00029247,"2017-12-10 16:05:00"
IOP,0.00030005,"2017-12-10 16:10:00"
IOP,0.00030101,"2017-12-10 16:15:00"
IOP,0.00030098,"2017-12-10 16:20:00"
IOP,0.00027799,"2017-12-10 16:25:00"
IOP,0.00029498,"2017-12-10 16:30:00"
IOP,0.00028102,"2017-12-10 16:35:00"
IOP,0.00028331,"2017-12-10 16:40:00"
IOP,0.00028787,"2017-12-10 16:45:00"
IOP,0.00028787,"2017-12-10 16:50:00"
IOP,0.00028757,"2017-12-10 16:55:00"
IOP,0.00028521,"2017-12-10 17:00:00"
IOP,0.00028495,"2017-12-10 17:05:00"
IOP,0.00028495,"2017-12-10 17:10:00"
IOP,0.00028831,"2017-12-10 17:15:00"
IOP,0.00029795,"2017-12-10 17:20:00"
IOP,0.0002945,"2017-12-10 17:25:00"
IOP,0.00028831,"2017-12-10 17:30:00"
IOP,0.00029003,"2017-12-10 17:35:00"
IOP,0.00029,"2017-12-10 17:40:00"
IOP,0.00029373,"2017-12-10 17:45:00"
IOP,0.0002935,"2017-12-10 17:50:00"
IOP,0.00029381,"2017-12-10 17:55:00"
IOP,0.00029875,"2017-12-10 18:00:00"
IOP,0.00029997,"2017-12-10 18:05:00"
IOP,0.00029875,"2017-12-10 18:10:00"
IOP,0.00029877,"2017-12-10 18:15:00"
IOP,0.00029998,"2017-12-10 18:20:00"
IOP,0.00029876,"2017-12-10 18:25:00"
IOP,0.000295,"2017-12-10 18:30:00"
IOP,0.00029536,"2017-12-10 18:35:00"
IOP,0.00029942,"2017-12-10 18:40:00"
IOP,0.0002994,"2017-12-10 18:45:00"
IOP,0.0003,"2017-12-10 18:50:00"
IOP,0.00030101,"2017-12-10 18:55:00"
IOP,0.00030483,"2017-12-10 19:00:00"
IOP,0.00029999,"2017-12-10 19:05:00"
IOP,0.00029999,"2017-12-10 19:10:00"
IOP,0.00029404,"2017-12-10 19:15:00"
IOP,0.000296,"2017-12-10 19:20:00"
IOP,0.000296,"2017-12-10 19:25:00"
IOP,0.00029605,"2017-12-10 19:30:00"
IOP,0.00029177,"2017-12-10 19:35:00"
IOP,0.00029266,"2017-12-10 19:40:00"
IOP,0.00030255,"2017-12-10 19:45:00"
IOP,0.00030056,"2017-12-10 19:50:00"
IOP,0.00030056,"2017-12-10 19:55:00"
IOP,0.000298,"2017-12-10 20:00:00"
IOP,0.000298,"2017-12-10 20:05:00"
IOP,0.000298,"2017-12-10 20:10:00"
IOP,0.00029805,"2017-12-10 20:15:00"
IOP,0.0003,"2017-12-10 20:20:00"
IOP,0.00030276,"2017-12-10 20:25:00"
IOP,0.000302,"2017-12-10 20:30:00"
IOP,0.00030014,"2017-12-10 20:35:00"
IOP,0.00030014,"2017-12-10 20:40:00"
IOP,0.00029049,"2017-12-10 20:45:00"
IOP,0.000295,"2017-12-10 20:50:00"
IOP,0.000291,"2017-12-10 20:55:00"
IOP,0.00029,"2017-12-10 21:00:00"
IOP,0.00028985,"2017-12-10 21:05:00"
IOP,0.000288,"2017-12-10 21:10:00"
IOP,0.00029964,"2017-12-10 21:15:00"
IOP,0.00029981,"2017-12-10 21:20:00"
IOP,0.00029961,"2017-12-10 21:25:00"
IOP,0.0003,"2017-12-10 21:30:00"
IOP,0.00029999,"2017-12-10 21:35:00"
IOP,0.00029475,"2017-12-10 21:40:00"
IOP,0.00029554,"2017-12-10 21:45:00"
IOP,0.00029921,"2017-12-10 21:50:00"
IOP,0.00029192,"2017-12-10 21:55:00"
IOP,0.00029529,"2017-12-10 22:00:00"
IOP,0.00029003,"2017-12-10 22:05:00"
IOP,0.00029132,"2017-12-10 22:10:00"
IOP,0.00029742,"2017-12-10 22:15:00"
IOP,0.00029742,"2017-12-10 22:20:00"
IOP,0.000298,"2017-12-10 22:25:00"
IOP,0.000298,"2017-12-10 22:30:00"
IOP,0.00029742,"2017-12-10 22:35:00"
IOP,0.00029919,"2017-12-10 22:40:00"
IOP,0.00029988,"2017-12-10 22:45:00"
IOP,0.00029281,"2017-12-10 22:50:00"
IOP,0.0002992,"2017-12-10 22:55:00"
IOP,0.00029132,"2017-12-10 23:00:00"
IOP,0.00029004,"2017-12-10 23:05:00"
IOP,0.00029132,"2017-12-10 23:10:00"
IOP,0.00029004,"2017-12-10 23:15:00"
IOP,0.00028452,"2017-12-10 23:20:00"
IOP,0.00028037,"2017-12-10 23:25:00"
IOP,0.00028669,"2017-12-10 23:30:00"
IOP,0.0002824,"2017-12-10 23:35:00"
IOP,0.00028316,"2017-12-10 23:40:00"
IOP,0.00029925,"2017-12-10 23:45:00"
IOP,0.00029587,"2017-12-10 23:50:00"
IOP,0.00029587,"2017-12-10 23:55:00"
IOP,0.00028863,"2017-12-11 00:00:00"
IOP,0.00028257,"2017-12-11 00:05:00"
IOP,0.00026626,"2017-12-11 00:10:00"
IOP,0.00028392,"2017-12-11 00:15:00"
IOP,0.0002727,"2017-12-11 00:20:00"
IOP,0.000275,"2017-12-11 00:25:00"
IOP,0.00028336,"2017-12-11 00:30:00"
IOP,0.00027184,"2017-12-11 00:35:00"
IOP,0.00027,"2017-12-11 00:40:00"
IOP,0.00027,"2017-12-11 00:45:00"
IOP,0.00027112,"2017-12-11 00:50:00"
IOP,0.00027734,"2017-12-11 00:55:00"
IOP,0.00027971,"2017-12-11 01:00:00"
IOP,0.00027104,"2017-12-11 01:05:00"
IOP,0.00027222,"2017-12-11 01:10:00"
IOP,0.00028,"2017-12-11 01:15:00"
IOP,0.00027913,"2017-12-11 01:20:00"
IOP,0.00027527,"2017-12-11 01:25:00"
IOP,0.00027576,"2017-12-11 01:30:00"
IOP,0.00028297,"2017-12-11 01:35:00"
IOP,0.00028287,"2017-12-11 01:40:00"
IOP,0.00028233,"2017-12-11 01:45:00"
IOP,0.0002825,"2017-12-11 01:50:00"
IOP,0.0002825,"2017-12-11 01:55:00"
IOP,0.00027807,"2017-12-11 02:00:00"
IOP,0.00028297,"2017-12-11 02:05:00"
IOP,0.00028295,"2017-12-11 02:10:00"
IOP,0.00028295,"2017-12-11 02:15:00"
IOP,0.0002799,"2017-12-11 02:20:00"
IOP,0.00027807,"2017-12-11 02:25:00"
IOP,0.00027807,"2017-12-11 02:30:00"
IOP,0.0002775,"2017-12-11 02:35:00"
IOP,0.00027527,"2017-12-11 02:40:00"
IOP,0.00027445,"2017-12-11 02:45:00"
IOP,0.00027254,"2017-12-11 02:50:00"
IOP,0.00027227,"2017-12-11 02:55:00"
IOP,0.00027228,"2017-12-11 03:00:00"
IOP,0.00026903,"2017-12-11 03:05:00"
IOP,0.000269,"2017-12-11 03:10:00"
IOP,0.000269,"2017-12-11 03:15:00"
IOP,0.000267,"2017-12-11 03:20:00"
IOP,0.00026699,"2017-12-11 03:25:00"
IOP,0.000271,"2017-12-11 03:30:00"
IOP,0.00026694,"2017-12-11 03:35:00"
IOP,0.00026694,"2017-12-11 03:40:00"
IOP,0.000266,"2017-12-11 03:45:00"
IOP,0.00026506,"2017-12-11 03:50:00"
IOP,0.00026572,"2017-12-11 03:55:00"
IOP,0.00026837,"2017-12-11 04:00:00"
IOP,0.0002729,"2017-12-11 04:05:00"
IOP,0.00027579,"2017-12-11 04:10:00"
IOP,0.00027025,"2017-12-11 04:15:00"
IOP,0.00027815,"2017-12-11 04:20:00"
IOP,0.00028309,"2017-12-11 04:25:00"
IOP,0.000282,"2017-12-11 04:30:00"
IOP,0.0002777,"2017-12-11 04:35:00"
IOP,0.00027761,"2017-12-11 04:40:00"
IOP,0.000268,"2017-12-11 04:45:00"
IOP,0.00026558,"2017-12-11 04:50:00"
IOP,0.00027169,"2017-12-11 04:55:00"
IOP,0.00027169,"2017-12-11 05:00:00"
IOP,0.00027318,"2017-12-11 05:05:00"
IOP,0.00027339,"2017-12-11 05:10:00"
IOP,0.0002718,"2017-12-11 05:15:00"
IOP,0.00027167,"2017-12-11 05:20:00"
IOP,0.000267,"2017-12-11 05:25:00"
IOP,0.00027002,"2017-12-11 05:30:00"
IOP,0.00027016,"2017-12-11 05:35:00"
IOP,0.00027,"2017-12-11 05:40:00"
IOP,0.00026499,"2017-12-11 05:45:00"
IOP,0.00026166,"2017-12-11 05:50:00"
IOP,0.00026141,"2017-12-11 05:55:00"
IOP,0.00026114,"2017-12-11 06:00:00"
IOP,0.00026374,"2017-12-11 06:05:00"
IOP,0.0002647,"2017-12-11 06:10:00"
IOP,0.0002626,"2017-12-11 06:15:00"
IOP,0.00026,"2017-12-11 06:20:00"
IOP,0.00026267,"2017-12-11 06:25:00"
IOP,0.00026924,"2017-12-11 06:30:00"
IOP,0.000267,"2017-12-11 06:35:00"
IOP,0.000265,"2017-12-11 06:40:00"
IOP,0.000265,"2017-12-11 06:45:00"
IOP,0.000265,"2017-12-11 06:50:00"
IOP,0.00026567,"2017-12-11 06:55:00"
IOP,0.00026526,"2017-12-11 07:00:00"
IOP,0.00026302,"2017-12-11 07:05:00"
IOP,0.00026365,"2017-12-11 07:10:00"
IOP,0.00026365,"2017-12-11 07:15:00"
IOP,0.00026365,"2017-12-11 07:20:00"
IOP,0.00026564,"2017-12-11 07:25:00"
IOP,0.00026394,"2017-12-11 07:30:00"
IOP,0.000271,"2017-12-11 07:35:00"
IOP,0.000285,"2017-12-11 07:40:00"
IOP,0.00028,"2017-12-11 07:45:00"
IOP,0.00027456,"2017-12-11 07:50:00"
IOP,0.00027111,"2017-12-11 07:55:00"
IOP,0.00027371,"2017-12-11 08:00:00"
IOP,0.00027384,"2017-12-11 08:05:00"
IOP,0.000274,"2017-12-11 08:10:00"
IOP,0.0002735,"2017-12-11 08:15:00"
IOP,0.00026501,"2017-12-11 08:20:00"
IOP,0.000266,"2017-12-11 08:25:00"
IOP,0.0002688,"2017-12-11 08:30:00"
IOP,0.00026934,"2017-12-11 08:35:00"
IOP,0.00027003,"2017-12-11 08:40:00"
IOP,0.00027003,"2017-12-11 08:45:00"
IOP,0.00027003,"2017-12-11 08:50:00"
IOP,0.0002691,"2017-12-11 08:55:00"
IOP,0.00026911,"2017-12-11 09:00:00"
IOP,0.00026911,"2017-12-11 09:05:00"
IOP,0.000275,"2017-12-11 09:10:00"
IOP,0.00028097,"2017-12-11 09:15:00"
IOP,0.000281,"2017-12-11 09:20:00"
IOP,0.00028179,"2017-12-11 09:25:00"
IOP,0.00028178,"2017-12-11 09:30:00"
IOP,0.000285,"2017-12-11 09:35:00"
IOP,0.00029,"2017-12-11 09:40:00"
IOP,0.00029893,"2017-12-11 09:45:00"
IOP,0.000288,"2017-12-11 09:50:00"
IOP,0.0002999,"2017-12-11 09:55:00"
IOP,0.000295,"2017-12-11 10:00:00"
IOP,0.00032498,"2017-12-11 10:05:00"
IOP,0.00030888,"2017-12-11 10:10:00"
IOP,0.000312,"2017-12-11 10:15:00"
IOP,0.00032713,"2017-12-11 10:20:00"
IOP,0.00031205,"2017-12-11 10:25:00"
IOP,0.00032118,"2017-12-11 10:30:00"
IOP,0.00030247,"2017-12-11 10:35:00"
IOP,0.00032674,"2017-12-11 10:40:00"
IOP,0.00031897,"2017-12-11 10:45:00"
IOP,0.00031791,"2017-12-11 10:50:00"
IOP,0.00031735,"2017-12-11 10:55:00"
IOP,0.00030979,"2017-12-11 11:00:00"
IOP,0.00030756,"2017-12-11 11:05:00"
IOP,0.00030682,"2017-12-11 11:10:00"
IOP,0.00031446,"2017-12-11 11:15:00"
IOP,0.00030994,"2017-12-11 11:20:00"
IOP,0.00030898,"2017-12-11 11:25:00"
IOP,0.00030456,"2017-12-11 11:30:00"
IOP,0.00030239,"2017-12-11 11:35:00"
IOP,0.00030535,"2017-12-11 11:40:00"
IOP,0.00030093,"2017-12-11 11:45:00"
IOP,0.0003001,"2017-12-11 11:50:00"
IOP,0.00030003,"2017-12-11 11:55:00"
IOP,0.00030623,"2017-12-11 12:00:00"
IOP,0.00030655,"2017-12-11 12:05:00"
IOP,0.00030175,"2017-12-11 12:10:00"
IOP,0.000305,"2017-12-11 12:15:00"
IOP,0.00030251,"2017-12-11 12:20:00"
IOP,0.000302,"2017-12-11 12:25:00"
IOP,0.00030001,"2017-12-11 12:30:00"
IOP,0.00030219,"2017-12-11 12:35:00"
IOP,0.000324,"2017-12-11 12:40:00"
IOP,0.00031199,"2017-12-11 12:45:00"
IOP,0.00031015,"2017-12-11 12:50:00"
IOP,0.00032212,"2017-12-11 12:55:00"
IOP,0.0003142,"2017-12-11 13:00:00"
IOP,0.00031034,"2017-12-11 13:05:00"
IOP,0.00030989,"2017-12-11 13:10:00"
IOP,0.00030733,"2017-12-11 13:15:00"
IOP,0.00030343,"2017-12-11 13:20:00"
IOP,0.00030685,"2017-12-11 13:25:00"
IOP,0.000305,"2017-12-11 13:30:00"
IOP,0.0003048,"2017-12-11 13:35:00"
IOP,0.00030999,"2017-12-11 13:40:00"
IOP,0.00031137,"2017-12-11 13:45:00"
IOP,0.00031358,"2017-12-11 13:50:00"
IOP,0.00030985,"2017-12-11 13:55:00"
IOP,0.00030984,"2017-12-11 14:00:00"
IOP,0.00030693,"2017-12-11 14:05:00"
IOP,0.000308,"2017-12-11 14:10:00"
IOP,0.0003068,"2017-12-11 14:15:00"
IOP,0.0003068,"2017-12-11 14:20:00"
IOP,0.00031493,"2017-12-11 14:25:00"
IOP,0.00031299,"2017-12-11 14:30:00"
IOP,0.00030904,"2017-12-11 14:35:00"
IOP,0.00030906,"2017-12-11 14:40:00"
IOP,0.000308,"2017-12-11 14:45:00"
IOP,0.000305,"2017-12-11 14:50:00"
IOP,0.00031321,"2017-12-11 14:55:00"
IOP,0.00031311,"2017-12-11 15:00:00"
IOP,0.00031311,"2017-12-11 15:05:00"
IOP,0.00030922,"2017-12-11 15:10:00"
IOP,0.00031296,"2017-12-11 15:15:00"
IOP,0.00031266,"2017-12-11 15:20:00"
IOP,0.000308,"2017-12-11 15:25:00"
IOP,0.000305,"2017-12-11 15:30:00"
IOP,0.00031088,"2017-12-11 15:35:00"
IOP,0.00030699,"2017-12-11 15:40:00"
IOP,0.00030987,"2017-12-11 15:45:00"
IOP,0.00030601,"2017-12-11 15:50:00"
IOP,0.000309,"2017-12-11 15:55:00"
IOP,0.00030701,"2017-12-11 16:00:00"
IOP,0.00031696,"2017-12-11 16:05:00"
IOP,0.00031043,"2017-12-11 16:10:00"
IOP,0.00030732,"2017-12-11 16:15:00"
IOP,0.00031038,"2017-12-11 16:20:00"
IOP,0.00031028,"2017-12-11 16:25:00"
IOP,0.00031202,"2017-12-11 16:30:00"
IOP,0.00030715,"2017-12-11 16:35:00"
IOP,0.00030205,"2017-12-11 16:40:00"
IOP,0.00030535,"2017-12-11 16:45:00"
IOP,0.00030634,"2017-12-11 16:50:00"
IOP,0.00030634,"2017-12-11 16:55:00"
IOP,0.00030555,"2017-12-11 17:00:00"
IOP,0.00030715,"2017-12-11 17:05:00"
IOP,0.00031101,"2017-12-11 17:10:00"
IOP,0.0003113,"2017-12-11 17:15:00"
IOP,0.00030781,"2017-12-11 17:20:00"
IOP,0.0003117,"2017-12-11 17:25:00"
IOP,0.00031998,"2017-12-11 17:30:00"
IOP,0.0003245,"2017-12-11 17:35:00"
IOP,0.00031752,"2017-12-11 17:40:00"
IOP,0.00032102,"2017-12-11 17:45:00"
IOP,0.0003151,"2017-12-11 17:50:00"
IOP,0.00031494,"2017-12-11 17:55:00"
IOP,0.000314,"2017-12-11 18:00:00"
IOP,0.00031398,"2017-12-11 18:05:00"
IOP,0.00032094,"2017-12-11 18:10:00"
IOP,0.0003218,"2017-12-11 18:15:00"
IOP,0.00032096,"2017-12-11 18:20:00"
IOP,0.000319,"2017-12-11 18:25:00"
IOP,0.000319,"2017-12-11 18:30:00"
IOP,0.000319,"2017-12-11 18:35:00"
IOP,0.00031997,"2017-12-11 18:40:00"
IOP,0.00031522,"2017-12-11 18:45:00"
IOP,0.0003157,"2017-12-11 18:50:00"
IOP,0.00031519,"2017-12-11 18:55:00"
IOP,0.00031206,"2017-12-11 19:00:00"
IOP,0.000313,"2017-12-11 19:05:00"
IOP,0.000312,"2017-12-11 19:10:00"
IOP,0.00031258,"2017-12-11 19:15:00"
IOP,0.00031258,"2017-12-11 19:20:00"
IOP,0.0003155,"2017-12-11 19:25:00"
IOP,0.00031242,"2017-12-11 19:30:00"
IOP,0.0003174,"2017-12-11 19:35:00"
IOP,0.00031702,"2017-12-11 19:40:00"
IOP,0.00031598,"2017-12-11 19:45:00"
IOP,0.00031598,"2017-12-11 19:50:00"
IOP,0.00031598,"2017-12-11 19:55:00"
IOP,0.00031849,"2017-12-11 20:00:00"
IOP,0.00031782,"2017-12-11 20:05:00"
IOP,0.00031399,"2017-12-11 20:10:00"
IOP,0.00031399,"2017-12-11 20:15:00"
IOP,0.00031312,"2017-12-11 20:20:00"
IOP,0.00031735,"2017-12-11 20:25:00"
IOP,0.00031203,"2017-12-11 20:30:00"
IOP,0.00030915,"2017-12-11 20:35:00"
IOP,0.000301,"2017-12-11 20:40:00"
IOP,0.00030117,"2017-12-11 20:45:00"
IOP,0.00028806,"2017-12-11 20:50:00"
IOP,0.000295,"2017-12-11 20:55:00"
IOP,0.000299,"2017-12-11 21:00:00"
IOP,0.00029801,"2017-12-11 21:05:00"
IOP,0.00029787,"2017-12-11 21:10:00"
IOP,0.00028909,"2017-12-11 21:15:00"
IOP,0.00028551,"2017-12-11 21:20:00"
IOP,0.00028301,"2017-12-11 21:25:00"
IOP,0.00028199,"2017-12-11 21:30:00"
IOP,0.00028017,"2017-12-11 21:35:00"
IOP,0.00028026,"2017-12-11 21:40:00"
IOP,0.00028904,"2017-12-11 21:45:00"
IOP,0.00029599,"2017-12-11 21:50:00"
IOP,0.00029835,"2017-12-11 21:55:00"
IOP,0.000295,"2017-12-11 22:00:00"
IOP,0.00029598,"2017-12-11 22:05:00"
IOP,0.00029741,"2017-12-11 22:10:00"
IOP,0.00030075,"2017-12-11 22:15:00"
IOP,0.00030044,"2017-12-11 22:20:00"
IOP,0.00030299,"2017-12-11 22:25:00"
IOP,0.00030799,"2017-12-11 22:30:00"
IOP,0.00030798,"2017-12-11 22:35:00"
IOP,0.00030329,"2017-12-11 22:40:00"
IOP,0.00030332,"2017-12-11 22:45:00"
IOP,0.00030799,"2017-12-11 22:50:00"
IOP,0.00030331,"2017-12-11 22:55:00"
IOP,0.00030339,"2017-12-11 23:00:00"
IOP,0.000303,"2017-12-11 23:05:00"
IOP,0.00029784,"2017-12-11 23:10:00"
IOP,0.00029729,"2017-12-11 23:15:00"
IOP,0.00029629,"2017-12-11 23:20:00"
IOP,0.00029645,"2017-12-11 23:25:00"
IOP,0.00030104,"2017-12-11 23:30:00"
IOP,0.00030339,"2017-12-11 23:35:00"
IOP,0.00030545,"2017-12-11 23:40:00"
IOP,0.00030158,"2017-12-11 23:45:00"
IOP,0.00031499,"2017-12-11 23:50:00"
IOP,0.00031199,"2017-12-11 23:55:00"
IOP,0.00031009,"2017-12-12 00:00:00"
IOP,0.00030985,"2017-12-12 00:05:00"
IOP,0.000314,"2017-12-12 00:10:00"
IOP,0.00031278,"2017-12-12 00:15:00"
IOP,0.0003129,"2017-12-12 00:20:00"
IOP,0.0003182,"2017-12-12 00:25:00"
IOP,0.00031799,"2017-12-12 00:30:00"
IOP,0.00032196,"2017-12-12 00:35:00"
IOP,0.0003244,"2017-12-12 00:40:00"
IOP,0.00033601,"2017-12-12 00:45:00"
IOP,0.00033601,"2017-12-12 00:50:00"
IOP,0.00032551,"2017-12-12 00:55:00"
IOP,0.00033394,"2017-12-12 01:00:00"
IOP,0.0003401,"2017-12-12 01:05:00"
IOP,0.00032569,"2017-12-12 01:10:00"
IOP,0.00033976,"2017-12-12 01:15:00"
IOP,0.000321,"2017-12-12 01:20:00"
IOP,0.00033145,"2017-12-12 01:25:00"
IOP,0.00034099,"2017-12-12 01:30:00"
IOP,0.00032851,"2017-12-12 01:35:00"
IOP,0.00033931,"2017-12-12 01:40:00"
IOP,0.00033138,"2017-12-12 01:45:00"
IOP,0.00032718,"2017-12-12 01:50:00"
IOP,0.00032742,"2017-12-12 01:55:00"
IOP,0.00031999,"2017-12-12 02:00:00"
IOP,0.00031336,"2017-12-12 02:05:00"
IOP,0.00032615,"2017-12-12 02:10:00"
IOP,0.00032111,"2017-12-12 02:15:00"
IOP,0.00032954,"2017-12-12 02:20:00"
IOP,0.00033056,"2017-12-12 02:25:00"
IOP,0.0003333,"2017-12-12 02:30:00"
IOP,0.00032835,"2017-12-12 02:35:00"
IOP,0.0003217,"2017-12-12 02:40:00"
IOP,0.0003217,"2017-12-12 02:45:00"
IOP,0.00031503,"2017-12-12 02:50:00"
IOP,0.0003183,"2017-12-12 02:55:00"
IOP,0.00032105,"2017-12-12 03:00:00"
IOP,0.00031179,"2017-12-12 03:05:00"
IOP,0.00032088,"2017-12-12 03:10:00"
IOP,0.00031802,"2017-12-12 03:15:00"
IOP,0.00031803,"2017-12-12 03:20:00"
IOP,0.000317,"2017-12-12 03:25:00"
IOP,0.00031694,"2017-12-12 03:30:00"
IOP,0.00031693,"2017-12-12 03:35:00"
IOP,0.00031307,"2017-12-12 03:40:00"
IOP,0.00031307,"2017-12-12 03:45:00"
IOP,0.00031307,"2017-12-12 03:50:00"
IOP,0.00031305,"2017-12-12 03:55:00"
IOP,0.00032499,"2017-12-12 04:00:00"
IOP,0.00033686,"2017-12-12 04:05:00"
IOP,0.00032999,"2017-12-12 04:10:00"
IOP,0.00033911,"2017-12-12 04:15:00"
IOP,0.00033333,"2017-12-12 04:20:00"
IOP,0.00033333,"2017-12-12 04:25:00"
IOP,0.0003374,"2017-12-12 04:30:00"
IOP,0.00032718,"2017-12-12 04:35:00"
IOP,0.00032743,"2017-12-12 04:40:00"
IOP,0.0003242,"2017-12-12 04:45:00"
IOP,0.0003242,"2017-12-12 04:50:00"
IOP,0.00032995,"2017-12-12 04:55:00"
IOP,0.00032419,"2017-12-12 05:00:00"
IOP,0.0003333,"2017-12-12 05:05:00"
IOP,0.00033989,"2017-12-12 05:10:00"
IOP,0.0003458,"2017-12-12 05:15:00"
IOP,0.0003405,"2017-12-12 05:20:00"
IOP,0.00034434,"2017-12-12 05:25:00"
IOP,0.0003375,"2017-12-12 05:30:00"
IOP,0.00033992,"2017-12-12 05:35:00"
IOP,0.00034777,"2017-12-12 05:40:00"
IOP,0.00034424,"2017-12-12 05:45:00"
IOP,0.00034014,"2017-12-12 05:50:00"
IOP,0.00034422,"2017-12-12 05:55:00"
IOP,0.00034423,"2017-12-12 06:00:00"
IOP,0.00034422,"2017-12-12 06:05:00"
IOP,0.00034424,"2017-12-12 06:10:00"
IOP,0.00035764,"2017-12-12 06:15:00"
IOP,0.0003798,"2017-12-12 06:20:00"
IOP,0.00038164,"2017-12-12 06:25:00"
IOP,0.00035325,"2017-12-12 06:30:00"
IOP,0.00036543,"2017-12-12 06:35:00"
IOP,0.00037001,"2017-12-12 06:40:00"
IOP,0.00037399,"2017-12-12 06:45:00"
IOP,0.00036561,"2017-12-12 06:50:00"
IOP,0.00036207,"2017-12-12 06:55:00"
IOP,0.00035711,"2017-12-12 07:00:00"
IOP,0.000357,"2017-12-12 07:05:00"
IOP,0.00034364,"2017-12-12 07:10:00"
IOP,0.00034276,"2017-12-12 07:15:00"
IOP,0.00034,"2017-12-12 07:20:00"
IOP,0.00034342,"2017-12-12 07:25:00"
IOP,0.000349,"2017-12-12 07:30:00"
IOP,0.00036357,"2017-12-12 07:35:00"
IOP,0.00035831,"2017-12-12 07:40:00"
IOP,0.000349,"2017-12-12 07:45:00"
IOP,0.00035303,"2017-12-12 07:50:00"
IOP,0.00035201,"2017-12-12 07:55:00"
IOP,0.00035012,"2017-12-12 08:00:00"
IOP,0.00035342,"2017-12-12 08:05:00"
IOP,0.00036299,"2017-12-12 08:10:00"
IOP,0.000356,"2017-12-12 08:15:00"
IOP,0.00035,"2017-12-12 08:20:00"
IOP,0.00035395,"2017-12-12 08:25:00"
IOP,0.00036961,"2017-12-12 08:30:00"
IOP,0.00036825,"2017-12-12 08:35:00"
IOP,0.00037317,"2017-12-12 08:40:00"
IOP,0.000385,"2017-12-12 08:45:00"
IOP,0.00037796,"2017-12-12 08:50:00"
IOP,0.00036511,"2017-12-12 08:55:00"
IOP,0.00037589,"2017-12-12 09:00:00"
IOP,0.00037169,"2017-12-12 09:05:00"
IOP,0.00037731,"2017-12-12 09:10:00"
IOP,0.0003805,"2017-12-12 09:15:00"
IOP,0.00037732,"2017-12-12 09:20:00"
IOP,0.00038596,"2017-12-12 09:25:00"
IOP,0.0003824,"2017-12-12 09:30:00"
IOP,0.000405,"2017-12-12 09:35:00"
IOP,0.00041498,"2017-12-12 09:40:00"
IOP,0.0004005,"2017-12-12 09:45:00"
IOP,0.00039689,"2017-12-12 09:50:00"
IOP,0.0003812,"2017-12-12 09:55:00"
IOP,0.00037916,"2017-12-12 10:00:00"
IOP,0.00038967,"2017-12-12 10:05:00"
IOP,0.00038555,"2017-12-12 10:10:00"
IOP,0.00038799,"2017-12-12 10:15:00"
IOP,0.000383,"2017-12-12 10:20:00"
IOP,0.00038101,"2017-12-12 10:25:00"
IOP,0.00035953,"2017-12-12 10:30:00"
IOP,0.00038274,"2017-12-12 10:35:00"
IOP,0.00037519,"2017-12-12 10:40:00"
IOP,0.00037522,"2017-12-12 10:45:00"
IOP,0.00037951,"2017-12-12 10:50:00"
IOP,0.00037757,"2017-12-12 10:55:00"
IOP,0.00037792,"2017-12-12 11:00:00"
IOP,0.000377,"2017-12-12 11:05:00"
IOP,0.0003715,"2017-12-12 11:10:00"
IOP,0.0003759,"2017-12-12 11:15:00"
IOP,0.0003716,"2017-12-12 11:20:00"
IOP,0.00036498,"2017-12-12 11:25:00"
IOP,0.000356,"2017-12-12 11:30:00"
IOP,0.00035507,"2017-12-12 11:35:00"
IOP,0.00035503,"2017-12-12 11:40:00"
IOP,0.00034799,"2017-12-12 11:45:00"
IOP,0.00035,"2017-12-12 11:50:00"
IOP,0.00035507,"2017-12-12 11:55:00"
IOP,0.00035951,"2017-12-12 12:00:00"
IOP,0.00036316,"2017-12-12 12:05:00"
IOP,0.00036838,"2017-12-12 12:10:00"
IOP,0.00037,"2017-12-12 12:15:00"
IOP,0.0003732,"2017-12-12 12:20:00"
IOP,0.00036053,"2017-12-12 12:25:00"
IOP,0.00036542,"2017-12-12 12:30:00"
IOP,0.00036206,"2017-12-12 12:35:00"
IOP,0.00036001,"2017-12-12 12:40:00"
IOP,0.00036222,"2017-12-12 12:45:00"
IOP,0.00035459,"2017-12-12 12:50:00"
IOP,0.00035795,"2017-12-12 12:55:00"
IOP,0.00035509,"2017-12-12 13:00:00"
IOP,0.000349,"2017-12-12 13:05:00"
IOP,0.0003435,"2017-12-12 13:10:00"
IOP,0.00034811,"2017-12-12 13:15:00"
IOP,0.00035439,"2017-12-12 13:20:00"
IOP,0.00034828,"2017-12-12 13:25:00"
IOP,0.00035099,"2017-12-12 13:30:00"
IOP,0.000348,"2017-12-12 13:35:00"
IOP,0.00034349,"2017-12-12 13:40:00"
IOP,0.00034371,"2017-12-12 13:45:00"
IOP,0.0003393,"2017-12-12 13:50:00"
IOP,0.00036,"2017-12-12 13:55:00"
IOP,0.00035442,"2017-12-12 14:00:00"
IOP,0.0003549,"2017-12-12 14:05:00"
IOP,0.00036141,"2017-12-12 14:10:00"
IOP,0.00036101,"2017-12-12 14:15:00"
IOP,0.000355,"2017-12-12 14:20:00"
IOP,0.00034501,"2017-12-12 14:25:00"
IOP,0.00034875,"2017-12-12 14:30:00"
IOP,0.00035406,"2017-12-12 14:35:00"
IOP,0.00034924,"2017-12-12 14:40:00"
IOP,0.00034801,"2017-12-12 14:45:00"
IOP,0.00034922,"2017-12-12 14:50:00"
IOP,0.00034487,"2017-12-12 14:55:00"
IOP,0.00034425,"2017-12-12 15:00:00"
IOP,0.00034,"2017-12-12 15:05:00"
IOP,0.00034,"2017-12-12 15:10:00"
IOP,0.000336,"2017-12-12 15:15:00"
IOP,0.00033483,"2017-12-12 15:20:00"
IOP,0.00034456,"2017-12-12 15:25:00"
IOP,0.00033822,"2017-12-12 15:30:00"
IOP,0.00034376,"2017-12-12 15:35:00"
IOP,0.00033935,"2017-12-12 15:40:00"
IOP,0.00034445,"2017-12-12 15:45:00"
IOP,0.00034492,"2017-12-12 15:50:00"
IOP,0.00034506,"2017-12-12 15:55:00"
IOP,0.00035167,"2017-12-12 16:00:00"
IOP,0.000352,"2017-12-12 16:05:00"
IOP,0.00034996,"2017-12-12 16:10:00"
IOP,0.00034817,"2017-12-12 16:15:00"
IOP,0.00034583,"2017-12-12 16:20:00"
IOP,0.000345,"2017-12-12 16:25:00"
IOP,0.00034245,"2017-12-12 16:30:00"
IOP,0.00033989,"2017-12-12 16:35:00"
IOP,0.000338,"2017-12-12 16:40:00"
IOP,0.00033646,"2017-12-12 16:45:00"
IOP,0.00033935,"2017-12-12 16:50:00"
IOP,0.00034545,"2017-12-12 16:55:00"
IOP,0.00033947,"2017-12-12 17:00:00"
IOP,0.00034324,"2017-12-12 17:05:00"
IOP,0.00034325,"2017-12-12 17:10:00"
IOP,0.00034004,"2017-12-12 17:15:00"
IOP,0.0003374,"2017-12-12 17:20:00"
IOP,0.00034034,"2017-12-12 17:25:00"
IOP,0.00034577,"2017-12-12 17:30:00"
IOP,0.0003455,"2017-12-12 17:35:00"
IOP,0.00034547,"2017-12-12 17:40:00"
IOP,0.00034201,"2017-12-12 17:45:00"
IOP,0.00034115,"2017-12-12 17:50:00"
IOP,0.00034102,"2017-12-12 17:55:00"
IOP,0.00033998,"2017-12-12 18:00:00"
IOP,0.0003389,"2017-12-12 18:05:00"
IOP,0.00033889,"2017-12-12 18:10:00"
IOP,0.00033983,"2017-12-12 18:15:00"
IOP,0.00033686,"2017-12-12 18:20:00"
IOP,0.00033686,"2017-12-12 18:25:00"
IOP,0.00033491,"2017-12-12 18:30:00"
IOP,0.00033295,"2017-12-12 18:35:00"
IOP,0.00033649,"2017-12-12 18:40:00"
IOP,0.00033402,"2017-12-12 18:45:00"
IOP,0.00033402,"2017-12-12 18:50:00"
IOP,0.000334,"2017-12-12 18:55:00"
IOP,0.000333,"2017-12-12 19:00:00"
IOP,0.00033299,"2017-12-12 19:05:00"
IOP,0.00033296,"2017-12-12 19:10:00"
IOP,0.00033204,"2017-12-12 19:15:00"
IOP,0.00033138,"2017-12-12 19:20:00"
IOP,0.00032864,"2017-12-12 19:25:00"
IOP,0.00032434,"2017-12-12 19:30:00"
IOP,0.00032138,"2017-12-12 19:35:00"
IOP,0.00032309,"2017-12-12 19:40:00"
IOP,0.00032747,"2017-12-12 19:45:00"
IOP,0.00032792,"2017-12-12 19:50:00"
IOP,0.00032791,"2017-12-12 19:55:00"
IOP,0.0003305,"2017-12-12 20:00:00"
IOP,0.00033047,"2017-12-12 20:05:00"
IOP,0.00033035,"2017-12-12 20:10:00"
IOP,0.00032904,"2017-12-12 20:15:00"
IOP,0.000331,"2017-12-12 20:20:00"
IOP,0.000332,"2017-12-12 20:25:00"
IOP,0.00033458,"2017-12-12 20:30:00"
IOP,0.00033745,"2017-12-12 20:35:00"
IOP,0.0003399,"2017-12-12 20:40:00"
IOP,0.00033928,"2017-12-12 20:45:00"
IOP,0.00033911,"2017-12-12 20:50:00"
IOP,0.00033566,"2017-12-12 20:55:00"
IOP,0.00033503,"2017-12-12 21:00:00"
IOP,0.00033503,"2017-12-12 21:05:00"
IOP,0.000335,"2017-12-12 21:10:00"
IOP,0.00033909,"2017-12-12 21:15:00"
IOP,0.00033907,"2017-12-12 21:20:00"
IOP,0.00033909,"2017-12-12 21:25:00"
IOP,0.00033509,"2017-12-12 21:30:00"
IOP,0.00033521,"2017-12-12 21:35:00"
IOP,0.00033535,"2017-12-12 21:40:00"
IOP,0.00033535,"2017-12-12 21:45:00"
IOP,0.00033099,"2017-12-12 21:50:00"
IOP,0.00033,"2017-12-12 21:55:00"
IOP,0.00032449,"2017-12-12 22:00:00"
IOP,0.00032458,"2017-12-12 22:05:00"
IOP,0.00032945,"2017-12-12 22:10:00"
IOP,0.000323,"2017-12-12 22:15:00"
IOP,0.00032618,"2017-12-12 22:20:00"
IOP,0.00032892,"2017-12-12 22:25:00"
IOP,0.00032945,"2017-12-12 22:30:00"
IOP,0.00032948,"2017-12-12 22:35:00"
IOP,0.00032948,"2017-12-12 22:40:00"
IOP,0.00032984,"2017-12-12 22:45:00"
IOP,0.00032389,"2017-12-12 22:50:00"
IOP,0.00032261,"2017-12-12 22:55:00"
IOP,0.00033,"2017-12-12 23:00:00"
IOP,0.00033279,"2017-12-12 23:05:00"
IOP,0.00032011,"2017-12-12 23:10:00"
IOP,0.00031916,"2017-12-12 23:15:00"
IOP,0.00031941,"2017-12-12 23:20:00"
IOP,0.00032296,"2017-12-12 23:25:00"
IOP,0.0003229,"2017-12-12 23:30:00"
IOP,0.00032402,"2017-12-12 23:35:00"
IOP,0.00033417,"2017-12-12 23:40:00"
IOP,0.0003405,"2017-12-12 23:45:00"
IOP,0.0003406,"2017-12-12 23:50:00"
IOP,0.00033641,"2017-12-12 23:55:00"
IOP,0.00033717,"2017-12-13 00:00:00"
IOP,0.0003363,"2017-12-13 00:05:00"
IOP,0.00032834,"2017-12-13 00:10:00"
IOP,0.00033331,"2017-12-13 00:15:00"
IOP,0.00033331,"2017-12-13 00:20:00"
IOP,0.00033437,"2017-12-13 00:25:00"
IOP,0.00033331,"2017-12-13 00:30:00"
IOP,0.00033505,"2017-12-13 00:35:00"
IOP,0.0003347,"2017-12-13 00:40:00"
IOP,0.0003334,"2017-12-13 00:45:00"
IOP,0.00033341,"2017-12-13 00:50:00"
IOP,0.00033113,"2017-12-13 00:55:00"
IOP,0.00032949,"2017-12-13 01:00:00"
IOP,0.00033013,"2017-12-13 01:05:00"
IOP,0.00033001,"2017-12-13 01:10:00"
IOP,0.0003311,"2017-12-13 01:15:00"
IOP,0.00036314,"2017-12-13 01:20:00"
IOP,0.00038119,"2017-12-13 01:25:00"
IOP,0.00038369,"2017-12-13 01:30:00"
IOP,0.00039398,"2017-12-13 01:35:00"
IOP,0.00037777,"2017-12-13 01:40:00"
IOP,0.00036847,"2017-12-13 01:45:00"
IOP,0.00035617,"2017-12-13 01:50:00"
IOP,0.000354,"2017-12-13 01:55:00"
IOP,0.00035431,"2017-12-13 02:00:00"
IOP,0.00035817,"2017-12-13 02:05:00"
IOP,0.00036502,"2017-12-13 02:10:00"
IOP,0.00037642,"2017-12-13 02:15:00"
IOP,0.00037199,"2017-12-13 02:20:00"
IOP,0.00036378,"2017-12-13 02:25:00"
IOP,0.00033851,"2017-12-13 02:30:00"
IOP,0.00033558,"2017-12-13 02:35:00"
IOP,0.00032836,"2017-12-13 02:40:00"
IOP,0.00034,"2017-12-13 02:45:00"
IOP,0.00034757,"2017-12-13 02:50:00"
IOP,0.00034787,"2017-12-13 02:55:00"
IOP,0.00034798,"2017-12-13 03:00:00"
IOP,0.000355,"2017-12-13 03:05:00"
IOP,0.00035355,"2017-12-13 03:10:00"
IOP,0.00035136,"2017-12-13 03:15:00"
IOP,0.0003513,"2017-12-13 03:20:00"
IOP,0.00034597,"2017-12-13 03:25:00"
IOP,0.00034407,"2017-12-13 03:30:00"
IOP,0.000344,"2017-12-13 03:35:00"
IOP,0.00034761,"2017-12-13 03:40:00"
IOP,0.00037265,"2017-12-13 03:45:00"
IOP,0.00035539,"2017-12-13 03:50:00"
IOP,0.00034733,"2017-12-13 03:55:00"
IOP,0.00035282,"2017-12-13 04:00:00"
IOP,0.00034885,"2017-12-13 04:05:00"
IOP,0.00034882,"2017-12-13 04:10:00"
IOP,0.00034903,"2017-12-13 04:15:00"
IOP,0.00034903,"2017-12-13 04:20:00"
IOP,0.00035248,"2017-12-13 04:25:00"
IOP,0.00035542,"2017-12-13 04:30:00"
IOP,0.00035541,"2017-12-13 04:35:00"
IOP,0.00035542,"2017-12-13 04:40:00"
IOP,0.00036002,"2017-12-13 04:45:00"
IOP,0.00037398,"2017-12-13 04:50:00"
IOP,0.0003745,"2017-12-13 04:55:00"
IOP,0.0003673,"2017-12-13 05:00:00"
IOP,0.00036739,"2017-12-13 05:05:00"
IOP,0.00036005,"2017-12-13 05:10:00"
IOP,0.00035902,"2017-12-13 05:15:00"
IOP,0.00036153,"2017-12-13 05:20:00"
IOP,0.00036879,"2017-12-13 05:25:00"
IOP,0.00037141,"2017-12-13 05:30:00"
IOP,0.00037085,"2017-12-13 05:35:00"
IOP,0.000375,"2017-12-13 05:40:00"
IOP,0.00037695,"2017-12-13 05:45:00"
IOP,0.0003715,"2017-12-13 05:50:00"
IOP,0.0003837,"2017-12-13 05:55:00"
IOP,0.00038953,"2017-12-13 06:00:00"
IOP,0.0003712,"2017-12-13 06:05:00"
IOP,0.00037822,"2017-12-13 06:10:00"
IOP,0.00038545,"2017-12-13 06:15:00"
IOP,0.00037804,"2017-12-13 06:20:00"
IOP,0.00038041,"2017-12-13 06:25:00"
IOP,0.00037335,"2017-12-13 06:30:00"
IOP,0.00037453,"2017-12-13 06:35:00"
IOP,0.00037899,"2017-12-13 06:40:00"
IOP,0.00037499,"2017-12-13 06:45:00"
IOP,0.00037027,"2017-12-13 06:50:00"
IOP,0.00036823,"2017-12-13 06:55:00"
IOP,0.00037,"2017-12-13 07:00:00"
IOP,0.00037,"2017-12-13 07:05:00"
IOP,0.00036599,"2017-12-13 07:10:00"
IOP,0.00036,"2017-12-13 07:15:00"
IOP,0.000355,"2017-12-13 07:20:00"
IOP,0.000364,"2017-12-13 07:25:00"
IOP,0.00036393,"2017-12-13 07:30:00"
IOP,0.00036303,"2017-12-13 07:35:00"
IOP,0.00036303,"2017-12-13 07:40:00"
IOP,0.00036299,"2017-12-13 07:45:00"
IOP,0.00035937,"2017-12-13 07:50:00"
IOP,0.00036149,"2017-12-13 07:55:00"
IOP,0.00035945,"2017-12-13 08:00:00"
IOP,0.0003614,"2017-12-13 08:05:00"
IOP,0.00035974,"2017-12-13 08:10:00"
IOP,0.00035996,"2017-12-13 08:15:00"
IOP,0.00035996,"2017-12-13 08:20:00"
IOP,0.00035582,"2017-12-13 08:25:00"
IOP,0.00035057,"2017-12-13 08:30:00"
IOP,0.00035231,"2017-12-13 08:35:00"
IOP,0.00035652,"2017-12-13 08:40:00"
IOP,0.00035697,"2017-12-13 08:45:00"
IOP,0.00035715,"2017-12-13 08:50:00"
IOP,0.00036004,"2017-12-13 08:55:00"
IOP,0.0003533,"2017-12-13 09:00:00"
IOP,0.00035532,"2017-12-13 09:05:00"
IOP,0.0003524,"2017-12-13 09:10:00"
IOP,0.00035,"2017-12-13 09:15:00"
IOP,0.000348,"2017-12-13 09:20:00"
IOP,0.00035,"2017-12-13 09:25:00"
IOP,0.00035298,"2017-12-13 09:30:00"
IOP,0.00035302,"2017-12-13 09:35:00"
IOP,0.0003575,"2017-12-13 09:40:00"
IOP,0.00035719,"2017-12-13 09:45:00"
IOP,0.00035691,"2017-12-13 09:50:00"
IOP,0.00035704,"2017-12-13 09:55:00"
IOP,0.00035516,"2017-12-13 10:00:00"
IOP,0.0003565,"2017-12-13 10:05:00"
IOP,0.00036299,"2017-12-13 10:10:00"
IOP,0.0003633,"2017-12-13 10:15:00"
IOP,0.00036114,"2017-12-13 10:20:00"
IOP,0.00035586,"2017-12-13 10:25:00"
IOP,0.00035601,"2017-12-13 10:30:00"
IOP,0.000356,"2017-12-13 10:35:00"
IOP,0.00035599,"2017-12-13 10:40:00"
IOP,0.0003552,"2017-12-13 10:45:00"
IOP,0.00035605,"2017-12-13 10:50:00"
IOP,0.00036463,"2017-12-13 10:55:00"
IOP,0.00035738,"2017-12-13 11:00:00"
IOP,0.00035801,"2017-12-13 11:05:00"
IOP,0.00036096,"2017-12-13 11:10:00"
IOP,0.00035802,"2017-12-13 11:15:00"
IOP,0.0003592,"2017-12-13 11:20:00"
IOP,0.00036452,"2017-12-13 11:25:00"
IOP,0.00036,"2017-12-13 11:30:00"
IOP,0.0003569,"2017-12-13 11:35:00"
IOP,0.00035689,"2017-12-13 11:40:00"
IOP,0.0003569,"2017-12-13 11:45:00"
IOP,0.000355,"2017-12-13 11:50:00"
IOP,0.0003596,"2017-12-13 11:55:00"
IOP,0.00035491,"2017-12-13 12:00:00"
IOP,0.00036,"2017-12-13 12:05:00"
IOP,0.00036272,"2017-12-13 12:10:00"
IOP,0.00036247,"2017-12-13 12:15:00"
IOP,0.00036331,"2017-12-13 12:20:00"
IOP,0.00036357,"2017-12-13 12:25:00"
IOP,0.0003659,"2017-12-13 12:30:00"
IOP,0.00036,"2017-12-13 12:35:00"
IOP,0.000359,"2017-12-13 12:40:00"
IOP,0.000353,"2017-12-13 12:45:00"
IOP,0.00036695,"2017-12-13 12:50:00"
IOP,0.00037379,"2017-12-13 12:55:00"
IOP,0.00036754,"2017-12-13 13:00:00"
IOP,0.00036964,"2017-12-13 13:05:00"
IOP,0.00037455,"2017-12-13 13:10:00"
IOP,0.00037452,"2017-12-13 13:15:00"
IOP,0.00036218,"2017-12-13 13:20:00"
IOP,0.00036655,"2017-12-13 13:25:00"
IOP,0.00036001,"2017-12-13 13:30:00"
IOP,0.0003601,"2017-12-13 13:35:00"
IOP,0.0003575,"2017-12-13 13:40:00"
IOP,0.00036232,"2017-12-13 13:45:00"
IOP,0.00036324,"2017-12-13 13:50:00"
IOP,0.00036351,"2017-12-13 13:55:00"
IOP,0.00036735,"2017-12-13 14:00:00"
IOP,0.00036905,"2017-12-13 14:05:00"
IOP,0.000373,"2017-12-13 14:10:00"
IOP,0.000365,"2017-12-13 14:15:00"
IOP,0.00036653,"2017-12-13 14:20:00"
IOP,0.00037029,"2017-12-13 14:25:00"
IOP,0.0003741,"2017-12-13 14:30:00"
IOP,0.00036551,"2017-12-13 14:35:00"
IOP,0.00037031,"2017-12-13 14:40:00"
IOP,0.00037485,"2017-12-13 14:45:00"
IOP,0.00036839,"2017-12-13 14:50:00"
IOP,0.00036818,"2017-12-13 14:55:00"
IOP,0.00036511,"2017-12-13 15:00:00"
IOP,0.00036808,"2017-12-13 15:05:00"
IOP,0.000366,"2017-12-13 15:10:00"
IOP,0.000365,"2017-12-13 15:15:00"
IOP,0.00036808,"2017-12-13 15:20:00"
IOP,0.00036983,"2017-12-13 15:25:00"
IOP,0.00036716,"2017-12-13 15:30:00"
IOP,0.000366,"2017-12-13 15:35:00"
IOP,0.0003727,"2017-12-13 15:40:00"
IOP,0.00038006,"2017-12-13 15:45:00"
IOP,0.0003774,"2017-12-13 15:50:00"
IOP,0.0003776,"2017-12-13 15:55:00"
IOP,0.0003853,"2017-12-13 16:00:00"
IOP,0.00037555,"2017-12-13 16:05:00"
IOP,0.00037415,"2017-12-13 16:10:00"
IOP,0.000382,"2017-12-13 16:15:00"
IOP,0.000382,"2017-12-13 16:20:00"
IOP,0.0003779,"2017-12-13 16:25:00"
IOP,0.00038197,"2017-12-13 16:30:00"
IOP,0.000378,"2017-12-13 16:35:00"
IOP,0.00038197,"2017-12-13 16:40:00"
IOP,0.000383,"2017-12-13 16:45:00"
IOP,0.00038236,"2017-12-13 16:50:00"
IOP,0.00038,"2017-12-13 16:55:00"
IOP,0.00037999,"2017-12-13 17:00:00"
IOP,0.00038,"2017-12-13 17:05:00"
IOP,0.00037866,"2017-12-13 17:10:00"
IOP,0.00037787,"2017-12-13 17:15:00"
IOP,0.0003778,"2017-12-13 17:20:00"
IOP,0.00038291,"2017-12-13 17:25:00"
IOP,0.00038308,"2017-12-13 17:30:00"
IOP,0.000385,"2017-12-13 17:35:00"
IOP,0.0003875,"2017-12-13 17:40:00"
IOP,0.00038999,"2017-12-13 17:45:00"
IOP,0.00039,"2017-12-13 17:50:00"
IOP,0.0003908,"2017-12-13 17:55:00"
IOP,0.00039212,"2017-12-13 18:00:00"
IOP,0.0003899,"2017-12-13 18:05:00"
IOP,0.00038574,"2017-12-13 18:10:00"
IOP,0.00038022,"2017-12-13 18:15:00"
IOP,0.00038133,"2017-12-13 18:20:00"
IOP,0.0003836,"2017-12-13 18:25:00"
IOP,0.00038182,"2017-12-13 18:30:00"
IOP,0.00038603,"2017-12-13 18:35:00"
IOP,0.00038603,"2017-12-13 18:40:00"
IOP,0.00038694,"2017-12-13 18:45:00"
IOP,0.000387,"2017-12-13 18:50:00"
IOP,0.00039099,"2017-12-13 18:55:00"
IOP,0.00038525,"2017-12-13 19:00:00"
IOP,0.00038618,"2017-12-13 19:05:00"
IOP,0.000385,"2017-12-13 19:10:00"
IOP,0.00038239,"2017-12-13 19:15:00"
IOP,0.00037756,"2017-12-13 19:20:00"
IOP,0.00038322,"2017-12-13 19:25:00"
IOP,0.00038314,"2017-12-13 19:30:00"
IOP,0.00038005,"2017-12-13 19:35:00"
IOP,0.00038005,"2017-12-13 19:40:00"
IOP,0.00038004,"2017-12-13 19:45:00"
IOP,0.00037777,"2017-12-13 19:50:00"
IOP,0.00037777,"2017-12-13 19:55:00"
IOP,0.00037777,"2017-12-13 20:00:00"
IOP,0.00037701,"2017-12-13 20:05:00"
IOP,0.00037701,"2017-12-13 20:10:00"
IOP,0.0003768,"2017-12-13 20:15:00"
IOP,0.00037702,"2017-12-13 20:20:00"
IOP,0.00037702,"2017-12-13 20:25:00"
IOP,0.000375,"2017-12-13 20:30:00"
IOP,0.00037507,"2017-12-13 20:35:00"
IOP,0.000375,"2017-12-13 20:40:00"
IOP,0.00037831,"2017-12-13 20:45:00"
IOP,0.00038,"2017-12-13 20:50:00"
IOP,0.00038004,"2017-12-13 20:55:00"
IOP,0.000379,"2017-12-13 21:00:00"
IOP,0.000376,"2017-12-13 21:05:00"
IOP,0.00038015,"2017-12-13 21:10:00"
IOP,0.0003802,"2017-12-13 21:15:00"
IOP,0.00038319,"2017-12-13 21:20:00"
IOP,0.00037814,"2017-12-13 21:25:00"
IOP,0.00037847,"2017-12-13 21:30:00"
IOP,0.000382,"2017-12-13 21:35:00"
IOP,0.000382,"2017-12-13 21:40:00"
IOP,0.0003821,"2017-12-13 21:45:00"
IOP,0.00038211,"2017-12-13 21:50:00"
IOP,0.00037847,"2017-12-13 21:55:00"
IOP,0.00037679,"2017-12-13 22:00:00"
IOP,0.00037705,"2017-12-13 22:05:00"
IOP,0.00037678,"2017-12-13 22:10:00"
IOP,0.00037705,"2017-12-13 22:15:00"
IOP,0.0003775,"2017-12-13 22:20:00"
IOP,0.00037678,"2017-12-13 22:25:00"
IOP,0.00037223,"2017-12-13 22:30:00"
IOP,0.00037014,"2017-12-13 22:35:00"
IOP,0.000373,"2017-12-13 22:40:00"
IOP,0.00037555,"2017-12-13 22:45:00"
IOP,0.00037535,"2017-12-13 22:50:00"
IOP,0.00037536,"2017-12-13 22:55:00"
IOP,0.00037008,"2017-12-13 23:00:00"
IOP,0.000373,"2017-12-13 23:05:00"
IOP,0.00036683,"2017-12-13 23:10:00"
IOP,0.00036561,"2017-12-13 23:15:00"
IOP,0.00037098,"2017-12-13 23:20:00"
IOP,0.000371,"2017-12-13 23:25:00"
IOP,0.00036026,"2017-12-13 23:30:00"
IOP,0.00036803,"2017-12-13 23:35:00"
IOP,0.00037554,"2017-12-13 23:40:00"
IOP,0.000373,"2017-12-13 23:45:00"
IOP,0.00037751,"2017-12-13 23:50:00"
IOP,0.00037749,"2017-12-13 23:55:00"
IOP,0.00037182,"2017-12-14 00:00:00"
IOP,0.00037179,"2017-12-14 00:05:00"
IOP,0.00036803,"2017-12-14 00:10:00"
IOP,0.00037,"2017-12-14 00:15:00"
IOP,0.00036999,"2017-12-14 00:20:00"
IOP,0.0003666,"2017-12-14 00:25:00"
IOP,0.00036666,"2017-12-14 00:30:00"
IOP,0.00036977,"2017-12-14 00:35:00"
IOP,0.00036669,"2017-12-14 00:40:00"
IOP,0.0003698,"2017-12-14 00:45:00"
IOP,0.00035928,"2017-12-14 00:50:00"
IOP,0.00036369,"2017-12-14 00:55:00"
IOP,0.00036054,"2017-12-14 01:00:00"
IOP,0.0003591,"2017-12-14 01:05:00"
IOP,0.00035909,"2017-12-14 01:10:00"
IOP,0.00035882,"2017-12-14 01:15:00"
IOP,0.00037359,"2017-12-14 01:20:00"
IOP,0.00037328,"2017-12-14 01:25:00"
IOP,0.00036955,"2017-12-14 01:30:00"
IOP,0.00037272,"2017-12-14 01:35:00"
IOP,0.00036783,"2017-12-14 01:40:00"
IOP,0.0003611,"2017-12-14 01:45:00"
IOP,0.00037062,"2017-12-14 01:50:00"
IOP,0.0003689,"2017-12-14 01:55:00"
IOP,0.00037272,"2017-12-14 02:00:00"
IOP,0.000374,"2017-12-14 02:05:00"
IOP,0.00037445,"2017-12-14 02:10:00"
IOP,0.00037301,"2017-12-14 02:15:00"
IOP,0.00037301,"2017-12-14 02:20:00"
IOP,0.00037673,"2017-12-14 02:25:00"
IOP,0.0003782,"2017-12-14 02:30:00"
IOP,0.00037272,"2017-12-14 02:35:00"
IOP,0.00037026,"2017-12-14 02:40:00"
IOP,0.00037069,"2017-12-14 02:45:00"
IOP,0.00036943,"2017-12-14 02:50:00"
IOP,0.00037407,"2017-12-14 02:55:00"
IOP,0.00037,"2017-12-14 03:00:00"
IOP,0.00037815,"2017-12-14 03:05:00"
IOP,0.00038254,"2017-12-14 03:10:00"
IOP,0.00038253,"2017-12-14 03:15:00"
IOP,0.0003827,"2017-12-14 03:20:00"
IOP,0.00038008,"2017-12-14 03:25:00"
IOP,0.00038489,"2017-12-14 03:30:00"
IOP,0.00038024,"2017-12-14 03:35:00"
IOP,0.00038024,"2017-12-14 03:40:00"
IOP,0.00037904,"2017-12-14 03:45:00"
IOP,0.00037904,"2017-12-14 03:50:00"
IOP,0.00038441,"2017-12-14 03:55:00"
IOP,0.0003844,"2017-12-14 04:00:00"
IOP,0.00038715,"2017-12-14 04:05:00"
IOP,0.00038799,"2017-12-14 04:10:00"
IOP,0.00038087,"2017-12-14 04:15:00"
IOP,0.00038796,"2017-12-14 04:20:00"
IOP,0.000386,"2017-12-14 04:25:00"
IOP,0.00038874,"2017-12-14 04:30:00"
IOP,0.00038413,"2017-12-14 04:35:00"
IOP,0.00038706,"2017-12-14 04:40:00"
IOP,0.00039129,"2017-12-14 04:45:00"
IOP,0.00039212,"2017-12-14 04:50:00"
IOP,0.00039303,"2017-12-14 04:55:00"
IOP,0.00038777,"2017-12-14 05:00:00"
IOP,0.00038909,"2017-12-14 05:05:00"
IOP,0.00038711,"2017-12-14 05:10:00"
IOP,0.00038705,"2017-12-14 05:15:00"
IOP,0.00038293,"2017-12-14 05:20:00"
IOP,0.0003825,"2017-12-14 05:25:00"
IOP,0.0003812,"2017-12-14 05:30:00"
IOP,0.0003866,"2017-12-14 05:35:00"
IOP,0.00038662,"2017-12-14 05:40:00"
IOP,0.00038662,"2017-12-14 05:45:00"
IOP,0.00038659,"2017-12-14 05:50:00"
IOP,0.0003861,"2017-12-14 05:55:00"
IOP,0.00038275,"2017-12-14 06:00:00"
IOP,0.0003815,"2017-12-14 06:05:00"
IOP,0.00038067,"2017-12-14 06:10:00"
IOP,0.00038066,"2017-12-14 06:15:00"
IOP,0.00038067,"2017-12-14 06:20:00"
IOP,0.0003827,"2017-12-14 06:25:00"
IOP,0.0003848,"2017-12-14 06:30:00"
IOP,0.0003827,"2017-12-14 06:35:00"
IOP,0.00038,"2017-12-14 06:40:00"
IOP,0.00038075,"2017-12-14 06:45:00"
IOP,0.00039312,"2017-12-14 06:50:00"
IOP,0.00038667,"2017-12-14 06:55:00"
IOP,0.0003905,"2017-12-14 07:00:00"
IOP,0.00039024,"2017-12-14 07:05:00"
IOP,0.00039024,"2017-12-14 07:10:00"
IOP,0.00039086,"2017-12-14 07:15:00"
IOP,0.0003882,"2017-12-14 07:20:00"
IOP,0.0003882,"2017-12-14 07:25:00"
IOP,0.00038822,"2017-12-14 07:30:00"
IOP,0.0003883,"2017-12-14 07:35:00"
IOP,0.0003884,"2017-12-14 07:40:00"
IOP,0.0003884,"2017-12-14 07:45:00"
IOP,0.0003884,"2017-12-14 07:50:00"
IOP,0.0003884,"2017-12-14 07:55:00"
IOP,0.00038834,"2017-12-14 08:00:00"
IOP,0.0003884,"2017-12-14 08:05:00"
IOP,0.00038826,"2017-12-14 08:10:00"
IOP,0.0003889,"2017-12-14 08:15:00"
IOP,0.00038887,"2017-12-14 08:20:00"
IOP,0.00038886,"2017-12-14 08:25:00"
IOP,0.00038826,"2017-12-14 08:30:00"
IOP,0.00038697,"2017-12-14 08:35:00"
IOP,0.00038601,"2017-12-14 08:40:00"
IOP,0.00038308,"2017-12-14 08:45:00"
IOP,0.00038285,"2017-12-14 08:50:00"
IOP,0.00038654,"2017-12-14 08:55:00"
IOP,0.00038124,"2017-12-14 09:00:00"
IOP,0.00038305,"2017-12-14 09:05:00"
IOP,0.0003733,"2017-12-14 09:10:00"
IOP,0.00036123,"2017-12-14 09:15:00"
IOP,0.00035982,"2017-12-14 09:20:00"
IOP,0.00035508,"2017-12-14 09:25:00"
IOP,0.00036947,"2017-12-14 09:30:00"
IOP,0.0003588,"2017-12-14 09:35:00"
IOP,0.00036839,"2017-12-14 09:40:00"
IOP,0.00037207,"2017-12-14 09:45:00"
IOP,0.00037,"2017-12-14 09:50:00"
IOP,0.00036578,"2017-12-14 09:55:00"
IOP,0.00036578,"2017-12-14 10:00:00"
IOP,0.00036376,"2017-12-14 10:05:00"
IOP,0.00036949,"2017-12-14 10:10:00"
IOP,0.00036508,"2017-12-14 10:15:00"
IOP,0.00036505,"2017-12-14 10:20:00"
IOP,0.00036505,"2017-12-14 10:25:00"
IOP,0.00036209,"2017-12-14 10:30:00"
IOP,0.00036849,"2017-12-14 10:35:00"
IOP,0.00036727,"2017-12-14 10:40:00"
IOP,0.00036441,"2017-12-14 10:45:00"
IOP,0.00036507,"2017-12-14 10:50:00"
IOP,0.0003701,"2017-12-14 10:55:00"
IOP,0.00037127,"2017-12-14 11:00:00"
IOP,0.000369,"2017-12-14 11:05:00"
IOP,0.00036525,"2017-12-14 11:10:00"
IOP,0.00037086,"2017-12-14 11:15:00"
IOP,0.00037462,"2017-12-14 11:20:00"
IOP,0.00037268,"2017-12-14 11:25:00"
IOP,0.000377,"2017-12-14 11:30:00"
IOP,0.00037741,"2017-12-14 11:35:00"
IOP,0.00037742,"2017-12-14 11:40:00"
IOP,0.00037743,"2017-12-14 11:45:00"
IOP,0.00037518,"2017-12-14 11:50:00"
IOP,0.00037089,"2017-12-14 11:55:00"
IOP,0.00037088,"2017-12-14 12:00:00"
IOP,0.000368,"2017-12-14 12:05:00"
IOP,0.0003675,"2017-12-14 12:10:00"
IOP,0.00036978,"2017-12-14 12:15:00"
IOP,0.0003709,"2017-12-14 12:20:00"
IOP,0.00037202,"2017-12-14 12:25:00"
IOP,0.000373,"2017-12-14 12:30:00"
IOP,0.00037213,"2017-12-14 12:35:00"
IOP,0.00037401,"2017-12-14 12:40:00"
IOP,0.00037521,"2017-12-14 12:45:00"
IOP,0.00037592,"2017-12-14 12:50:00"
IOP,0.00037305,"2017-12-14 12:55:00"
IOP,0.00037601,"2017-12-14 13:00:00"
IOP,0.00038,"2017-12-14 13:05:00"
IOP,0.000385,"2017-12-14 13:10:00"
IOP,0.00038505,"2017-12-14 13:15:00"
IOP,0.000389,"2017-12-14 13:20:00"
IOP,0.0003855,"2017-12-14 13:25:00"
IOP,0.00038385,"2017-12-14 13:30:00"
IOP,0.0003844,"2017-12-14 13:35:00"
IOP,0.00038432,"2017-12-14 13:40:00"
IOP,0.00038139,"2017-12-14 13:45:00"
IOP,0.000384,"2017-12-14 13:50:00"
IOP,0.00039208,"2017-12-14 13:55:00"
IOP,0.00039499,"2017-12-14 14:00:00"
IOP,0.000412,"2017-12-14 14:05:00"
IOP,0.00040565,"2017-12-14 14:10:00"
IOP,0.00041001,"2017-12-14 14:15:00"
IOP,0.000424,"2017-12-14 14:20:00"
IOP,0.00041289,"2017-12-14 14:25:00"
IOP,0.00039092,"2017-12-14 14:30:00"
IOP,0.00039758,"2017-12-14 14:35:00"
IOP,0.00039945,"2017-12-14 14:40:00"
IOP,0.00040478,"2017-12-14 14:45:00"
IOP,0.00040949,"2017-12-14 14:50:00"
IOP,0.00040949,"2017-12-14 14:55:00"
IOP,0.00041113,"2017-12-14 15:00:00"
IOP,0.00041481,"2017-12-14 15:05:00"
IOP,0.00042709,"2017-12-14 15:10:00"
IOP,0.00040187,"2017-12-14 15:15:00"
IOP,0.00039999,"2017-12-14 15:20:00"
IOP,0.00039223,"2017-12-14 15:25:00"
IOP,0.0003925,"2017-12-14 15:30:00"
IOP,0.000381,"2017-12-14 15:35:00"
IOP,0.000378,"2017-12-14 15:40:00"
IOP,0.00038991,"2017-12-14 15:45:00"
IOP,0.00038456,"2017-12-14 15:50:00"
IOP,0.00037799,"2017-12-14 15:55:00"
IOP,0.00037804,"2017-12-14 16:00:00"
IOP,0.00039808,"2017-12-14 16:05:00"
IOP,0.0004087,"2017-12-14 16:10:00"
IOP,0.00039105,"2017-12-14 16:15:00"
IOP,0.00039999,"2017-12-14 16:20:00"
IOP,0.00039204,"2017-12-14 16:25:00"
IOP,0.00039499,"2017-12-14 16:30:00"
IOP,0.0003948,"2017-12-14 16:35:00"
IOP,0.0003988,"2017-12-14 16:40:00"
IOP,0.000395,"2017-12-14 16:45:00"
IOP,0.000395,"2017-12-14 16:50:00"
IOP,0.000395,"2017-12-14 16:55:00"
IOP,0.000398,"2017-12-14 17:00:00"
IOP,0.00039761,"2017-12-14 17:05:00"
IOP,0.00039993,"2017-12-14 17:10:00"
IOP,0.00040011,"2017-12-14 17:15:00"
IOP,0.00040803,"2017-12-14 17:20:00"
IOP,0.0003976,"2017-12-14 17:25:00"
IOP,0.00040197,"2017-12-14 17:30:00"
IOP,0.000404,"2017-12-14 17:35:00"
IOP,0.00040469,"2017-12-14 17:40:00"
IOP,0.00040514,"2017-12-14 17:45:00"
IOP,0.00041199,"2017-12-14 17:50:00"
IOP,0.0004023,"2017-12-14 17:55:00"
IOP,0.00040593,"2017-12-14 18:00:00"
IOP,0.00041698,"2017-12-14 18:05:00"
IOP,0.00042391,"2017-12-14 18:10:00"
IOP,0.00042394,"2017-12-14 18:15:00"
IOP,0.00041317,"2017-12-14 18:20:00"
IOP,0.00041108,"2017-12-14 18:25:00"
IOP,0.00041218,"2017-12-14 18:30:00"
IOP,0.000412,"2017-12-14 18:35:00"
IOP,0.00042198,"2017-12-14 18:40:00"
IOP,0.00042199,"2017-12-14 18:45:00"
IOP,0.00043255,"2017-12-14 18:50:00"
IOP,0.00042478,"2017-12-14 18:55:00"
IOP,0.0004092,"2017-12-14 19:00:00"
IOP,0.00041228,"2017-12-14 19:05:00"
IOP,0.00042499,"2017-12-14 19:10:00"
IOP,0.0004215,"2017-12-14 19:15:00"
IOP,0.000425,"2017-12-14 19:20:00"
IOP,0.0004215,"2017-12-14 19:25:00"
IOP,0.0004229,"2017-12-14 19:30:00"
IOP,0.000422,"2017-12-14 19:35:00"
IOP,0.00041513,"2017-12-14 19:40:00"
IOP,0.00042139,"2017-12-14 19:45:00"
IOP,0.0004152,"2017-12-14 19:50:00"
IOP,0.0004215,"2017-12-14 19:55:00"
IOP,0.00042573,"2017-12-14 20:00:00"
IOP,0.00043366,"2017-12-14 20:05:00"
IOP,0.000435,"2017-12-14 20:10:00"
IOP,0.000437,"2017-12-14 20:15:00"
IOP,0.00043996,"2017-12-14 20:20:00"
IOP,0.00043509,"2017-12-14 20:25:00"
IOP,0.0004375,"2017-12-14 20:30:00"
IOP,0.00042099,"2017-12-14 20:35:00"
IOP,0.00042936,"2017-12-14 20:40:00"
IOP,0.000429,"2017-12-14 20:45:00"
IOP,0.00042144,"2017-12-14 20:50:00"
IOP,0.00041,"2017-12-14 20:55:00"
IOP,0.00041636,"2017-12-14 21:00:00"
IOP,0.000418,"2017-12-14 21:05:00"
IOP,0.000415,"2017-12-14 21:10:00"
IOP,0.00042313,"2017-12-14 21:15:00"
IOP,0.00042772,"2017-12-14 21:20:00"
IOP,0.00043,"2017-12-14 21:25:00"
IOP,0.00043045,"2017-12-14 21:30:00"
IOP,0.00042716,"2017-12-14 21:35:00"
IOP,0.00042224,"2017-12-14 21:40:00"
IOP,0.00041965,"2017-12-14 21:45:00"
IOP,0.00041965,"2017-12-14 21:50:00"
IOP,0.000416,"2017-12-14 21:55:00"
IOP,0.00042487,"2017-12-14 22:00:00"
IOP,0.000432,"2017-12-14 22:05:00"
IOP,0.00042672,"2017-12-14 22:10:00"
IOP,0.00042672,"2017-12-14 22:15:00"
IOP,0.0004244,"2017-12-14 22:20:00"
IOP,0.00041999,"2017-12-14 22:25:00"
IOP,0.00041834,"2017-12-14 22:30:00"
IOP,0.00041534,"2017-12-14 22:35:00"
IOP,0.00041583,"2017-12-14 22:40:00"
IOP,0.00041567,"2017-12-14 22:45:00"
IOP,0.00041183,"2017-12-14 22:50:00"
IOP,0.00041185,"2017-12-14 22:55:00"
IOP,0.00042372,"2017-12-14 23:00:00"
IOP,0.00042099,"2017-12-14 23:05:00"
IOP,0.00041599,"2017-12-14 23:10:00"
IOP,0.00041565,"2017-12-14 23:15:00"
IOP,0.00041446,"2017-12-14 23:20:00"
IOP,0.0004126,"2017-12-14 23:25:00"
IOP,0.000413,"2017-12-14 23:30:00"
IOP,0.00041481,"2017-12-14 23:35:00"
IOP,0.0004155,"2017-12-14 23:40:00"
IOP,0.0004155,"2017-12-14 23:45:00"
IOP,0.00041301,"2017-12-14 23:50:00"
IOP,0.00041763,"2017-12-14 23:55:00"
IOP,0.00041876,"2017-12-15 00:00:00"
IOP,0.00041321,"2017-12-15 00:05:00"
IOP,0.00041813,"2017-12-15 00:10:00"
IOP,0.0004143,"2017-12-15 00:15:00"
IOP,0.0004125,"2017-12-15 00:20:00"
IOP,0.00041199,"2017-12-15 00:25:00"
IOP,0.0004135,"2017-12-15 00:30:00"
IOP,0.000424,"2017-12-15 00:35:00"
IOP,0.00043424,"2017-12-15 00:40:00"
IOP,0.00043395,"2017-12-15 00:45:00"
IOP,0.00042861,"2017-12-15 00:50:00"
IOP,0.0004253,"2017-12-15 00:55:00"
IOP,0.0004254,"2017-12-15 01:00:00"
IOP,0.00043496,"2017-12-15 01:05:00"
IOP,0.000446,"2017-12-15 01:10:00"
IOP,0.00044985,"2017-12-15 01:15:00"
IOP,0.000433,"2017-12-15 01:20:00"
IOP,0.00043935,"2017-12-15 01:25:00"
IOP,0.00043387,"2017-12-15 01:30:00"
IOP,0.00045405,"2017-12-15 01:35:00"
IOP,0.0004566,"2017-12-15 01:40:00"
IOP,0.00042624,"2017-12-15 01:45:00"
IOP,0.0004136,"2017-12-15 01:50:00"
IOP,0.00040091,"2017-12-15 01:55:00"
IOP,0.000383,"2017-12-15 02:00:00"
IOP,0.00040809,"2017-12-15 02:05:00"
IOP,0.0004151,"2017-12-15 02:10:00"
IOP,0.0004105,"2017-12-15 02:15:00"
IOP,0.000408,"2017-12-15 02:20:00"
IOP,0.00040398,"2017-12-15 02:25:00"
IOP,0.00039939,"2017-12-15 02:30:00"
IOP,0.0004035,"2017-12-15 02:35:00"
IOP,0.00039909,"2017-12-15 02:40:00"
IOP,0.00039564,"2017-12-15 02:45:00"
IOP,0.00038746,"2017-12-15 02:50:00"
IOP,0.000382,"2017-12-15 02:55:00"
IOP,0.0003741,"2017-12-15 03:00:00"
IOP,0.00037059,"2017-12-15 03:05:00"
IOP,0.000364,"2017-12-15 03:10:00"
IOP,0.00037401,"2017-12-15 03:15:00"
IOP,0.00039369,"2017-12-15 03:20:00"
IOP,0.0003725,"2017-12-15 03:25:00"
IOP,0.00036,"2017-12-15 03:30:00"
IOP,0.00035,"2017-12-15 03:35:00"
IOP,0.00034899,"2017-12-15 03:40:00"
IOP,0.000341,"2017-12-15 03:45:00"
IOP,0.00033501,"2017-12-15 03:50:00"
IOP,0.00031788,"2017-12-15 03:55:00"
IOP,0.00031792,"2017-12-15 04:00:00"
IOP,0.00032901,"2017-12-15 04:05:00"
IOP,0.000335,"2017-12-15 04:10:00"
IOP,0.000348,"2017-12-15 04:15:00"
IOP,0.000351,"2017-12-15 04:20:00"
IOP,0.00035099,"2017-12-15 04:25:00"
IOP,0.00036438,"2017-12-15 04:30:00"
IOP,0.00034775,"2017-12-15 04:35:00"
IOP,0.00034864,"2017-12-15 04:40:00"
IOP,0.0003491,"2017-12-15 04:45:00"
IOP,0.00037258,"2017-12-15 04:50:00"
IOP,0.00035989,"2017-12-15 04:55:00"
IOP,0.00036719,"2017-12-15 05:00:00"
IOP,0.00036722,"2017-12-15 05:05:00"
IOP,0.000392,"2017-12-15 05:10:00"
IOP,0.00039415,"2017-12-15 05:15:00"
IOP,0.00038189,"2017-12-15 05:20:00"
IOP,0.00038986,"2017-12-15 05:25:00"
IOP,0.00038949,"2017-12-15 05:30:00"
IOP,0.00038932,"2017-12-15 05:35:00"
IOP,0.00038391,"2017-12-15 05:40:00"
IOP,0.00038831,"2017-12-15 05:45:00"
IOP,0.00038488,"2017-12-15 05:50:00"
IOP,0.00037694,"2017-12-15 05:55:00"
IOP,0.00035951,"2017-12-15 06:00:00"
IOP,0.00037138,"2017-12-15 06:05:00"
IOP,0.00037324,"2017-12-15 06:10:00"
IOP,0.00037328,"2017-12-15 06:15:00"
IOP,0.00037327,"2017-12-15 06:20:00"
IOP,0.00036877,"2017-12-15 06:25:00"
IOP,0.00036895,"2017-12-15 06:30:00"
IOP,0.00036642,"2017-12-15 06:35:00"
IOP,0.00036351,"2017-12-15 06:40:00"
IOP,0.00036344,"2017-12-15 06:45:00"
IOP,0.000375,"2017-12-15 06:50:00"
IOP,0.00037425,"2017-12-15 06:55:00"
IOP,0.00036897,"2017-12-15 07:00:00"
IOP,0.00038029,"2017-12-15 07:05:00"
IOP,0.00038151,"2017-12-15 07:10:00"
IOP,0.00038198,"2017-12-15 07:15:00"
IOP,0.00037993,"2017-12-15 07:20:00"
IOP,0.00037972,"2017-12-15 07:25:00"
IOP,0.00038,"2017-12-15 07:30:00"
IOP,0.00038798,"2017-12-15 07:35:00"
IOP,0.00038251,"2017-12-15 07:40:00"
IOP,0.0003878,"2017-12-15 07:45:00"
IOP,0.00038782,"2017-12-15 07:50:00"
IOP,0.00038845,"2017-12-15 07:55:00"
IOP,0.000393,"2017-12-15 08:00:00"
IOP,0.0003932,"2017-12-15 08:05:00"
IOP,0.00039102,"2017-12-15 08:10:00"
IOP,0.000388,"2017-12-15 08:15:00"
IOP,0.00038923,"2017-12-15 08:20:00"
IOP,0.00038923,"2017-12-15 08:25:00"
IOP,0.00039042,"2017-12-15 08:30:00"
IOP,0.00038918,"2017-12-15 08:35:00"
IOP,0.00037427,"2017-12-15 08:40:00"
IOP,0.000375,"2017-12-15 08:45:00"
IOP,0.00036985,"2017-12-15 08:50:00"
IOP,0.00037362,"2017-12-15 08:55:00"
IOP,0.00038037,"2017-12-15 09:00:00"
IOP,0.0003795,"2017-12-15 09:05:00"
IOP,0.0003818,"2017-12-15 09:10:00"
IOP,0.0003795,"2017-12-15 09:15:00"
IOP,0.00038244,"2017-12-15 09:20:00"
IOP,0.00037955,"2017-12-15 09:25:00"
IOP,0.0003795,"2017-12-15 09:30:00"
IOP,0.0003795,"2017-12-15 09:35:00"
IOP,0.00037669,"2017-12-15 09:40:00"
IOP,0.00037525,"2017-12-15 09:45:00"
IOP,0.00036645,"2017-12-15 09:50:00"
IOP,0.00036411,"2017-12-15 09:55:00"
IOP,0.00035808,"2017-12-15 10:00:00"
IOP,0.000363,"2017-12-15 10:05:00"
IOP,0.00036242,"2017-12-15 10:10:00"
IOP,0.0003605,"2017-12-15 10:15:00"
IOP,0.00034753,"2017-12-15 10:20:00"
IOP,0.00034999,"2017-12-15 10:25:00"
IOP,0.00035167,"2017-12-15 10:30:00"
IOP,0.00036831,"2017-12-15 10:35:00"
IOP,0.00036004,"2017-12-15 10:40:00"
IOP,0.00036397,"2017-12-15 10:45:00"
IOP,0.00036004,"2017-12-15 10:50:00"
IOP,0.00034822,"2017-12-15 10:55:00"
IOP,0.00033862,"2017-12-15 11:00:00"
IOP,0.00033754,"2017-12-15 11:05:00"
IOP,0.00033202,"2017-12-15 11:10:00"
IOP,0.00033754,"2017-12-15 11:15:00"
IOP,0.00033017,"2017-12-15 11:20:00"
IOP,0.000326,"2017-12-15 11:25:00"
IOP,0.00032676,"2017-12-15 11:30:00"
IOP,0.00034258,"2017-12-15 11:35:00"
IOP,0.00033994,"2017-12-15 11:40:00"
IOP,0.00034464,"2017-12-15 11:45:00"
IOP,0.00034002,"2017-12-15 11:50:00"
IOP,0.00034499,"2017-12-15 11:55:00"
IOP,0.00033757,"2017-12-15 12:00:00"
IOP,0.00034,"2017-12-15 12:05:00"
IOP,0.00034323,"2017-12-15 12:10:00"
IOP,0.0003437,"2017-12-15 12:15:00"
IOP,0.00034588,"2017-12-15 12:20:00"
IOP,0.00034589,"2017-12-15 12:25:00"
IOP,0.00035227,"2017-12-15 12:30:00"
IOP,0.00034866,"2017-12-15 12:35:00"
IOP,0.00034603,"2017-12-15 12:40:00"
IOP,0.00034408,"2017-12-15 12:45:00"
IOP,0.00033418,"2017-12-15 12:50:00"
IOP,0.00033562,"2017-12-15 12:55:00"
IOP,0.00034001,"2017-12-15 13:00:00"
IOP,0.00034291,"2017-12-15 13:05:00"
IOP,0.00034055,"2017-12-15 13:10:00"
IOP,0.00034114,"2017-12-15 13:15:00"
IOP,0.000341,"2017-12-15 13:20:00"
IOP,0.00034021,"2017-12-15 13:25:00"
IOP,0.00033465,"2017-12-15 13:30:00"
IOP,0.0003321,"2017-12-15 13:35:00"
IOP,0.00033796,"2017-12-15 13:40:00"
IOP,0.00033497,"2017-12-15 13:45:00"
IOP,0.00033917,"2017-12-15 13:50:00"
IOP,0.00033505,"2017-12-15 13:55:00"
IOP,0.00033374,"2017-12-15 14:00:00"
IOP,0.00033435,"2017-12-15 14:05:00"
IOP,0.00034235,"2017-12-15 14:10:00"
IOP,0.00034397,"2017-12-15 14:15:00"
IOP,0.000355,"2017-12-15 14:20:00"
IOP,0.00034642,"2017-12-15 14:25:00"
IOP,0.00034604,"2017-12-15 14:30:00"
IOP,0.00034984,"2017-12-15 14:35:00"
IOP,0.0003471,"2017-12-15 14:40:00"
IOP,0.0003465,"2017-12-15 14:45:00"
IOP,0.00035497,"2017-12-15 14:50:00"
IOP,0.00034825,"2017-12-15 14:55:00"
IOP,0.000348,"2017-12-15 15:00:00"
IOP,0.0003428,"2017-12-15 15:05:00"
IOP,0.00033849,"2017-12-15 15:10:00"
IOP,0.0003439,"2017-12-15 15:15:00"
IOP,0.0003451,"2017-12-15 15:20:00"
IOP,0.00034829,"2017-12-15 15:25:00"
IOP,0.00034499,"2017-12-15 15:30:00"
IOP,0.00034829,"2017-12-15 15:35:00"
IOP,0.0003489,"2017-12-15 15:40:00"
IOP,0.00034503,"2017-12-15 15:45:00"
IOP,0.0003485,"2017-12-15 15:50:00"
IOP,0.00034478,"2017-12-15 15:55:00"
IOP,0.000344,"2017-12-15 16:00:00"
IOP,0.00034853,"2017-12-15 16:05:00"
IOP,0.00034748,"2017-12-15 16:10:00"
IOP,0.00034859,"2017-12-15 16:15:00"
IOP,0.00036653,"2017-12-15 16:20:00"
IOP,0.00036489,"2017-12-15 16:25:00"
IOP,0.00035578,"2017-12-15 16:30:00"
IOP,0.00035999,"2017-12-15 16:35:00"
IOP,0.00035995,"2017-12-15 16:40:00"
IOP,0.00035597,"2017-12-15 16:45:00"
IOP,0.000358,"2017-12-15 16:50:00"
IOP,0.0003622,"2017-12-15 16:55:00"
IOP,0.00036001,"2017-12-15 17:00:00"
IOP,0.00036226,"2017-12-15 17:05:00"
IOP,0.0003621,"2017-12-15 17:10:00"
IOP,0.00036048,"2017-12-15 17:15:00"
IOP,0.0003598,"2017-12-15 17:20:00"
IOP,0.00035618,"2017-12-15 17:25:00"
IOP,0.00035895,"2017-12-15 17:30:00"
IOP,0.00035978,"2017-12-15 17:35:00"
IOP,0.00035899,"2017-12-15 17:40:00"
IOP,0.00035501,"2017-12-15 17:45:00"
IOP,0.000357,"2017-12-15 17:50:00"
IOP,0.00035702,"2017-12-15 17:55:00"
IOP,0.000358,"2017-12-15 18:00:00"
IOP,0.00036829,"2017-12-15 18:05:00"
IOP,0.0003689,"2017-12-15 18:10:00"
IOP,0.000364,"2017-12-15 18:15:00"
IOP,0.000361,"2017-12-15 18:20:00"
IOP,0.00035611,"2017-12-15 18:25:00"
IOP,0.00036,"2017-12-15 18:30:00"
IOP,0.00036114,"2017-12-15 18:35:00"
IOP,0.00035883,"2017-12-15 18:40:00"
IOP,0.00036483,"2017-12-15 18:45:00"
IOP,0.00035927,"2017-12-15 18:50:00"
IOP,0.00036299,"2017-12-15 18:55:00"
IOP,0.000363,"2017-12-15 19:00:00"
IOP,0.000363,"2017-12-15 19:05:00"
IOP,0.0003635,"2017-12-15 19:10:00"
IOP,0.00035872,"2017-12-15 19:15:00"
IOP,0.00036483,"2017-12-15 19:20:00"
IOP,0.00036481,"2017-12-15 19:25:00"
IOP,0.000365,"2017-12-15 19:30:00"
IOP,0.00036918,"2017-12-15 19:35:00"
IOP,0.00036506,"2017-12-15 19:40:00"
IOP,0.00036509,"2017-12-15 19:45:00"
IOP,0.000365,"2017-12-15 19:50:00"
IOP,0.000361,"2017-12-15 19:55:00"
IOP,0.00036422,"2017-12-15 20:00:00"
IOP,0.00035747,"2017-12-15 20:05:00"
IOP,0.00035354,"2017-12-15 20:10:00"
IOP,0.00034614,"2017-12-15 20:15:00"
IOP,0.00035,"2017-12-15 20:20:00"
IOP,0.00034628,"2017-12-15 20:25:00"
IOP,0.0003556,"2017-12-15 20:30:00"
IOP,0.00035696,"2017-12-15 20:35:00"
IOP,0.00035208,"2017-12-15 20:40:00"
IOP,0.00034857,"2017-12-15 20:45:00"
IOP,0.00034857,"2017-12-15 20:50:00"
IOP,0.00034857,"2017-12-15 20:55:00"
IOP,0.000355,"2017-12-15 21:00:00"
IOP,0.00035,"2017-12-15 21:05:00"
IOP,0.000355,"2017-12-15 21:10:00"
IOP,0.00034943,"2017-12-15 21:15:00"
IOP,0.000355,"2017-12-15 21:20:00"
IOP,0.00035679,"2017-12-15 21:25:00"
IOP,0.00034937,"2017-12-15 21:30:00"
IOP,0.00035001,"2017-12-15 21:35:00"
IOP,0.00035135,"2017-12-15 21:40:00"
IOP,0.00035574,"2017-12-15 21:45:00"
IOP,0.00035542,"2017-12-15 21:50:00"
IOP,0.00035001,"2017-12-15 21:55:00"
IOP,0.00034957,"2017-12-15 22:00:00"
IOP,0.00034922,"2017-12-15 22:05:00"
IOP,0.00035,"2017-12-15 22:10:00"
IOP,0.00035269,"2017-12-15 22:15:00"
IOP,0.00034925,"2017-12-15 22:20:00"
IOP,0.00035445,"2017-12-15 22:25:00"
IOP,0.00035028,"2017-12-15 22:30:00"
IOP,0.00035063,"2017-12-15 22:35:00"
IOP,0.00034972,"2017-12-15 22:40:00"
IOP,0.0003457,"2017-12-15 22:45:00"
IOP,0.00034925,"2017-12-15 22:50:00"
IOP,0.0003509,"2017-12-15 22:55:00"
IOP,0.00034959,"2017-12-15 23:00:00"
IOP,0.00034958,"2017-12-15 23:05:00"
IOP,0.00034818,"2017-12-15 23:10:00"
IOP,0.000352,"2017-12-15 23:15:00"
IOP,0.000352,"2017-12-15 23:20:00"
IOP,0.0003485,"2017-12-15 23:25:00"
IOP,0.0003512,"2017-12-15 23:30:00"
IOP,0.00035141,"2017-12-15 23:35:00"
IOP,0.00035401,"2017-12-15 23:40:00"
IOP,0.00035658,"2017-12-15 23:45:00"
IOP,0.00035401,"2017-12-15 23:50:00"
IOP,0.0003525,"2017-12-15 23:55:00"
IOP,0.000352,"2017-12-16 00:00:00"
IOP,0.00034553,"2017-12-16 00:05:00"
IOP,0.00034671,"2017-12-16 00:10:00"
IOP,0.00035167,"2017-12-16 00:15:00"
IOP,0.00034978,"2017-12-16 00:20:00"
IOP,0.00035014,"2017-12-16 00:25:00"
IOP,0.00035011,"2017-12-16 00:30:00"
IOP,0.00035014,"2017-12-16 00:35:00"
IOP,0.00035051,"2017-12-16 00:40:00"
IOP,0.00035926,"2017-12-16 00:45:00"
IOP,0.0003601,"2017-12-16 00:50:00"
IOP,0.00036125,"2017-12-16 00:55:00"
IOP,0.00036022,"2017-12-16 01:00:00"
IOP,0.0003601,"2017-12-16 01:05:00"
IOP,0.0003507,"2017-12-16 01:10:00"
IOP,0.00035133,"2017-12-16 01:15:00"
IOP,0.0003515,"2017-12-16 01:20:00"
IOP,0.000357,"2017-12-16 01:25:00"
IOP,0.00035696,"2017-12-16 01:30:00"
IOP,0.00035695,"2017-12-16 01:35:00"
IOP,0.00036001,"2017-12-16 01:40:00"
IOP,0.00036003,"2017-12-16 01:45:00"
IOP,0.00035997,"2017-12-16 01:50:00"
IOP,0.0003599,"2017-12-16 01:55:00"
IOP,0.00035314,"2017-12-16 02:00:00"
IOP,0.00035241,"2017-12-16 02:05:00"
IOP,0.00035368,"2017-12-16 02:10:00"
IOP,0.00035315,"2017-12-16 02:15:00"
IOP,0.00035314,"2017-12-16 02:20:00"
IOP,0.00035636,"2017-12-16 02:25:00"
IOP,0.00035365,"2017-12-16 02:30:00"
IOP,0.00035315,"2017-12-16 02:35:00"
IOP,0.00035499,"2017-12-16 02:40:00"
IOP,0.0003526,"2017-12-16 02:45:00"
IOP,0.00035477,"2017-12-16 02:50:00"
IOP,0.00035854,"2017-12-16 02:55:00"
IOP,0.00035926,"2017-12-16 03:00:00"
IOP,0.000356,"2017-12-16 03:05:00"
IOP,0.00035598,"2017-12-16 03:10:00"
IOP,0.00035587,"2017-12-16 03:15:00"
IOP,0.00035369,"2017-12-16 03:20:00"
IOP,0.00035586,"2017-12-16 03:25:00"
IOP,0.0003526,"2017-12-16 03:30:00"
IOP,0.00035366,"2017-12-16 03:35:00"
IOP,0.00035385,"2017-12-16 03:40:00"
IOP,0.00035824,"2017-12-16 03:45:00"
IOP,0.0003589,"2017-12-16 03:50:00"
IOP,0.0003589,"2017-12-16 03:55:00"
IOP,0.0003599,"2017-12-16 04:00:00"
IOP,0.00036,"2017-12-16 04:05:00"
IOP,0.00035892,"2017-12-16 04:10:00"
IOP,0.00036039,"2017-12-16 04:15:00"
IOP,0.00036014,"2017-12-16 04:20:00"
IOP,0.00036422,"2017-12-16 04:25:00"
IOP,0.00036959,"2017-12-16 04:30:00"
IOP,0.00036911,"2017-12-16 04:35:00"
IOP,0.0003672,"2017-12-16 04:40:00"
IOP,0.0003672,"2017-12-16 04:45:00"
IOP,0.00036983,"2017-12-16 04:50:00"
IOP,0.00037092,"2017-12-16 04:55:00"
IOP,0.00037166,"2017-12-16 05:00:00"
IOP,0.00037193,"2017-12-16 05:05:00"
IOP,0.00036901,"2017-12-16 05:10:00"
IOP,0.0003681,"2017-12-16 05:15:00"
IOP,0.00036626,"2017-12-16 05:20:00"
IOP,0.00036443,"2017-12-16 05:25:00"
IOP,0.00036218,"2017-12-16 05:30:00"
IOP,0.00035921,"2017-12-16 05:35:00"
IOP,0.000358,"2017-12-16 05:40:00"
IOP,0.00035635,"2017-12-16 05:45:00"
IOP,0.000363,"2017-12-16 05:50:00"
IOP,0.00036,"2017-12-16 05:55:00"
IOP,0.00036064,"2017-12-16 06:00:00"
IOP,0.00036332,"2017-12-16 06:05:00"
IOP,0.00036593,"2017-12-16 06:10:00"
IOP,0.00036238,"2017-12-16 06:15:00"
IOP,0.000361,"2017-12-16 06:20:00"
IOP,0.00036102,"2017-12-16 06:25:00"
IOP,0.00035683,"2017-12-16 06:30:00"
IOP,0.000358,"2017-12-16 06:35:00"
IOP,0.000358,"2017-12-16 06:40:00"
IOP,0.00035949,"2017-12-16 06:45:00"
IOP,0.00035935,"2017-12-16 06:50:00"
IOP,0.00035925,"2017-12-16 06:55:00"
IOP,0.00035761,"2017-12-16 07:00:00"
IOP,0.00035949,"2017-12-16 07:05:00"
IOP,0.00035948,"2017-12-16 07:10:00"
IOP,0.000361,"2017-12-16 07:15:00"
IOP,0.00036823,"2017-12-16 07:20:00"
IOP,0.00036292,"2017-12-16 07:25:00"
IOP,0.00036295,"2017-12-16 07:30:00"
IOP,0.00036101,"2017-12-16 07:35:00"
IOP,0.00035371,"2017-12-16 07:40:00"
IOP,0.000353,"2017-12-16 07:45:00"
IOP,0.00035157,"2017-12-16 07:50:00"
IOP,0.00035237,"2017-12-16 07:55:00"
IOP,0.00035588,"2017-12-16 08:00:00"
IOP,0.0003575,"2017-12-16 08:05:00"
IOP,0.000365,"2017-12-16 08:10:00"
IOP,0.00035382,"2017-12-16 08:15:00"
IOP,0.00036,"2017-12-16 08:20:00"
IOP,0.00036238,"2017-12-16 08:25:00"
IOP,0.00035897,"2017-12-16 08:30:00"
IOP,0.00034863,"2017-12-16 08:35:00"
IOP,0.00035,"2017-12-16 08:40:00"
IOP,0.00035653,"2017-12-16 08:45:00"
IOP,0.00035586,"2017-12-16 08:50:00"
IOP,0.0003559,"2017-12-16 08:55:00"
IOP,0.00035162,"2017-12-16 09:00:00"
IOP,0.00035366,"2017-12-16 09:05:00"
IOP,0.00035183,"2017-12-16 09:10:00"
IOP,0.0003559,"2017-12-16 09:15:00"
IOP,0.0003556,"2017-12-16 09:20:00"
IOP,0.00035555,"2017-12-16 09:25:00"
IOP,0.00035312,"2017-12-16 09:30:00"
IOP,0.00035313,"2017-12-16 09:40:00"
IOP,0.00035311,"2017-12-16 09:45:00"
IOP,0.00035315,"2017-12-16 09:50:00"
IOP,0.00035522,"2017-12-16 09:55:00"
IOP,0.0003521,"2017-12-16 10:00:00"
IOP,0.00034918,"2017-12-16 10:05:00"
IOP,0.00034917,"2017-12-16 10:10:00"
IOP,0.00034918,"2017-12-16 10:15:00"
IOP,0.00034596,"2017-12-16 10:20:00"
IOP,0.00034383,"2017-12-16 10:25:00"
IOP,0.000345,"2017-12-16 10:30:00"
IOP,0.000345,"2017-12-16 10:35:00"
IOP,0.000345,"2017-12-16 10:40:00"
IOP,0.00035389,"2017-12-16 10:45:00"
IOP,0.00034759,"2017-12-16 10:50:00"
IOP,0.0003476,"2017-12-16 10:55:00"
IOP,0.00034758,"2017-12-16 11:00:00"
IOP,0.00034505,"2017-12-16 11:05:00"
IOP,0.000345,"2017-12-16 11:10:00"
IOP,0.00034499,"2017-12-16 11:15:00"
IOP,0.00034761,"2017-12-16 11:20:00"
IOP,0.00034011,"2017-12-16 11:25:00"
IOP,0.00034106,"2017-12-16 11:30:00"
IOP,0.00034451,"2017-12-16 11:35:00"
IOP,0.00034444,"2017-12-16 11:40:00"
IOP,0.00034144,"2017-12-16 11:45:00"
IOP,0.00034434,"2017-12-16 11:50:00"
IOP,0.0003443,"2017-12-16 11:55:00"
IOP,0.00034429,"2017-12-16 12:00:00"
IOP,0.00034774,"2017-12-16 12:05:00"
IOP,0.00035,"2017-12-16 12:10:00"
IOP,0.00035018,"2017-12-16 12:15:00"
IOP,0.00035,"2017-12-16 12:20:00"
IOP,0.00035344,"2017-12-16 12:25:00"
IOP,0.00035289,"2017-12-16 12:30:00"
IOP,0.000358,"2017-12-16 12:35:00"
IOP,0.00035263,"2017-12-16 12:40:00"
IOP,0.00035545,"2017-12-16 12:45:00"
IOP,0.00035,"2017-12-16 12:50:00"
IOP,0.00034878,"2017-12-16 12:55:00"
IOP,0.00035377,"2017-12-16 13:00:00"
IOP,0.00035188,"2017-12-16 13:05:00"
IOP,0.00035,"2017-12-16 13:10:00"
IOP,0.00034784,"2017-12-16 13:15:00"
IOP,0.00034785,"2017-12-16 13:20:00"
IOP,0.00034786,"2017-12-16 13:25:00"
IOP,0.00034783,"2017-12-16 13:30:00"
IOP,0.00034779,"2017-12-16 13:35:00"
IOP,0.00034778,"2017-12-16 13:40:00"
IOP,0.00034625,"2017-12-16 13:45:00"
IOP,0.00034525,"2017-12-16 13:50:00"
IOP,0.00034699,"2017-12-16 13:55:00"
IOP,0.00034699,"2017-12-16 14:00:00"
IOP,0.0003499,"2017-12-16 14:05:00"
IOP,0.00035003,"2017-12-16 14:10:00"
IOP,0.00035333,"2017-12-16 14:15:00"
IOP,0.00034991,"2017-12-16 14:20:00"
IOP,0.000342,"2017-12-16 14:25:00"
IOP,0.00033952,"2017-12-16 14:30:00"
IOP,0.00033785,"2017-12-16 14:35:00"
IOP,0.00033675,"2017-12-16 14:40:00"
IOP,0.000336,"2017-12-16 14:45:00"
IOP,0.000335,"2017-12-16 14:50:00"
IOP,0.00033569,"2017-12-16 14:55:00"
IOP,0.000335,"2017-12-16 15:00:00"
IOP,0.00033569,"2017-12-16 15:05:00"
IOP,0.000335,"2017-12-16 15:10:00"
IOP,0.00034076,"2017-12-16 15:15:00"
IOP,0.00034217,"2017-12-16 15:20:00"
IOP,0.00034477,"2017-12-16 15:25:00"
IOP,0.00033671,"2017-12-16 15:30:00"
IOP,0.00033431,"2017-12-16 15:35:00"
IOP,0.00033499,"2017-12-16 15:40:00"
IOP,0.00033903,"2017-12-16 15:45:00"
IOP,0.00033903,"2017-12-16 15:50:00"
IOP,0.000332,"2017-12-16 15:55:00"
IOP,0.00033399,"2017-12-16 16:00:00"
IOP,0.000332,"2017-12-16 16:05:00"
IOP,0.00033066,"2017-12-16 16:10:00"
IOP,0.0003305,"2017-12-16 16:15:00"
IOP,0.000327,"2017-12-16 16:20:00"
IOP,0.00033049,"2017-12-16 16:25:00"
IOP,0.00032606,"2017-12-16 16:30:00"
IOP,0.000329,"2017-12-16 16:35:00"
IOP,0.00032601,"2017-12-16 16:40:00"
IOP,0.00032012,"2017-12-16 16:45:00"
IOP,0.00032007,"2017-12-16 16:50:00"
IOP,0.00032308,"2017-12-16 16:55:00"
IOP,0.00032003,"2017-12-16 17:00:00"
IOP,0.00032003,"2017-12-16 17:05:00"
IOP,0.00032302,"2017-12-16 17:10:00"
IOP,0.00032005,"2017-12-16 17:15:00"
IOP,0.00032006,"2017-12-16 17:20:00"
IOP,0.00032523,"2017-12-16 17:25:00"
IOP,0.00032777,"2017-12-16 17:30:00"
IOP,0.00033,"2017-12-16 17:35:00"
IOP,0.00032779,"2017-12-16 17:40:00"
IOP,0.00032983,"2017-12-16 17:45:00"
IOP,0.00033285,"2017-12-16 17:50:00"
IOP,0.00032132,"2017-12-16 17:55:00"
IOP,0.0003247,"2017-12-16 18:00:00"
IOP,0.00033182,"2017-12-16 18:05:00"
IOP,0.00031557,"2017-12-16 18:10:00"
IOP,0.00032288,"2017-12-16 18:15:00"
IOP,0.00032,"2017-12-16 18:20:00"
IOP,0.00032399,"2017-12-16 18:25:00"
IOP,0.000323,"2017-12-16 18:30:00"
IOP,0.00032399,"2017-12-16 18:35:00"
IOP,0.00032399,"2017-12-16 18:40:00"
IOP,0.00032889,"2017-12-16 18:45:00"
IOP,0.0003289,"2017-12-16 18:50:00"
IOP,0.00032625,"2017-12-16 18:55:00"
IOP,0.00032849,"2017-12-16 19:00:00"
IOP,0.00032845,"2017-12-16 19:05:00"
IOP,0.00032842,"2017-12-16 19:10:00"
IOP,0.00032842,"2017-12-16 19:15:00"
IOP,0.00032701,"2017-12-16 19:20:00"
IOP,0.00032701,"2017-12-16 19:25:00"
IOP,0.00032791,"2017-12-16 19:30:00"
IOP,0.00032791,"2017-12-16 19:35:00"
IOP,0.00032791,"2017-12-16 19:40:00"
IOP,0.00032703,"2017-12-16 19:45:00"
IOP,0.00032703,"2017-12-16 19:50:00"
IOP,0.00032703,"2017-12-16 19:55:00"
IOP,0.00032791,"2017-12-16 20:00:00"
IOP,0.00032791,"2017-12-16 20:05:00"
IOP,0.000327,"2017-12-16 20:10:00"
IOP,0.0003235,"2017-12-16 20:15:00"
IOP,0.000323,"2017-12-16 20:20:00"
IOP,0.000317,"2017-12-16 20:25:00"
IOP,0.00031704,"2017-12-16 20:30:00"
IOP,0.00031721,"2017-12-16 20:35:00"
IOP,0.00031722,"2017-12-16 20:40:00"
IOP,0.00031774,"2017-12-16 20:45:00"
IOP,0.00031767,"2017-12-16 20:50:00"
IOP,0.0003155,"2017-12-16 20:55:00"
IOP,0.0003155,"2017-12-16 21:00:00"
IOP,0.00031501,"2017-12-16 21:05:00"
IOP,0.00031526,"2017-12-16 21:10:00"
IOP,0.00031535,"2017-12-16 21:15:00"
IOP,0.00031571,"2017-12-16 21:20:00"
IOP,0.000316,"2017-12-16 21:25:00"
IOP,0.000316,"2017-12-16 21:30:00"
IOP,0.00031609,"2017-12-16 21:35:00"
IOP,0.00031864,"2017-12-16 21:40:00"
IOP,0.00032062,"2017-12-16 21:45:00"
IOP,0.00032667,"2017-12-16 21:50:00"
IOP,0.00032849,"2017-12-16 21:55:00"
IOP,0.00032642,"2017-12-16 22:00:00"
IOP,0.00033376,"2017-12-16 22:05:00"
IOP,0.0003285,"2017-12-16 22:10:00"
IOP,0.00033251,"2017-12-16 22:15:00"
IOP,0.00033248,"2017-12-16 22:20:00"
IOP,0.0003286,"2017-12-16 22:25:00"
IOP,0.00032855,"2017-12-16 22:30:00"
IOP,0.00032856,"2017-12-16 22:35:00"
IOP,0.00032763,"2017-12-16 22:40:00"
IOP,0.00032133,"2017-12-16 22:45:00"
IOP,0.00032133,"2017-12-16 22:50:00"
IOP,0.00031851,"2017-12-16 22:55:00"
IOP,0.00032448,"2017-12-16 23:00:00"
IOP,0.00031933,"2017-12-16 23:05:00"
IOP,0.00032364,"2017-12-16 23:10:00"
IOP,0.00032364,"2017-12-16 23:15:00"
IOP,0.00032445,"2017-12-16 23:20:00"
IOP,0.00032444,"2017-12-16 23:25:00"
IOP,0.0003197,"2017-12-16 23:30:00"
IOP,0.00031967,"2017-12-16 23:35:00"
IOP,0.00031855,"2017-12-16 23:40:00"
IOP,0.00031832,"2017-12-16 23:45:00"
IOP,0.00031833,"2017-12-16 23:50:00"
IOP,0.0003197,"2017-12-16 23:55:00"
IOP,0.0003195,"2017-12-17 00:00:00"
IOP,0.00032173,"2017-12-17 00:05:00"
IOP,0.00031839,"2017-12-17 00:10:00"
IOP,0.00031516,"2017-12-17 00:15:00"
IOP,0.0003165,"2017-12-17 00:20:00"
IOP,0.00031501,"2017-12-17 00:25:00"
IOP,0.00031734,"2017-12-17 00:30:00"
IOP,0.0003209,"2017-12-17 00:35:00"
IOP,0.00031995,"2017-12-17 00:40:00"
IOP,0.00031963,"2017-12-17 00:45:00"
IOP,0.00032036,"2017-12-17 00:50:00"
IOP,0.00032407,"2017-12-17 00:55:00"
IOP,0.00031775,"2017-12-17 01:00:00"
IOP,0.00031739,"2017-12-17 01:05:00"
IOP,0.0003229,"2017-12-17 01:10:00"
IOP,0.00032173,"2017-12-17 01:15:00"
IOP,0.00032145,"2017-12-17 01:20:00"
IOP,0.00033139,"2017-12-17 01:25:00"
IOP,0.0003442,"2017-12-17 01:30:00"
IOP,0.00033402,"2017-12-17 01:35:00"
IOP,0.00032599,"2017-12-17 01:40:00"
IOP,0.00032604,"2017-12-17 01:45:00"
IOP,0.00032248,"2017-12-17 01:50:00"
IOP,0.00032551,"2017-12-17 01:55:00"
IOP,0.00032545,"2017-12-17 02:00:00"
IOP,0.00032741,"2017-12-17 02:05:00"
IOP,0.000332,"2017-12-17 02:10:00"
IOP,0.00033324,"2017-12-17 02:15:00"
IOP,0.00033309,"2017-12-17 02:20:00"
IOP,0.00033086,"2017-12-17 02:25:00"
IOP,0.00034,"2017-12-17 02:30:00"
IOP,0.00034158,"2017-12-17 02:35:00"
IOP,0.00034377,"2017-12-17 02:40:00"
IOP,0.00034638,"2017-12-17 02:45:00"
IOP,0.00033589,"2017-12-17 02:50:00"
IOP,0.00034362,"2017-12-17 02:55:00"
IOP,0.00033736,"2017-12-17 03:00:00"
IOP,0.00033738,"2017-12-17 03:05:00"
IOP,0.000337,"2017-12-17 03:10:00"
IOP,0.0003343,"2017-12-17 03:15:00"
IOP,0.0003336,"2017-12-17 03:20:00"
IOP,0.00033349,"2017-12-17 03:25:00"
IOP,0.00033128,"2017-12-17 03:30:00"
IOP,0.000329,"2017-12-17 03:35:00"
IOP,0.00032702,"2017-12-17 03:40:00"
IOP,0.00032579,"2017-12-17 03:45:00"
IOP,0.000323,"2017-12-17 03:50:00"
IOP,0.00032701,"2017-12-17 03:55:00"
IOP,0.00032702,"2017-12-17 04:00:00"
IOP,0.000335,"2017-12-17 04:05:00"
IOP,0.000335,"2017-12-17 04:10:00"
IOP,0.00033497,"2017-12-17 04:15:00"
IOP,0.00033486,"2017-12-17 04:20:00"
IOP,0.00032702,"2017-12-17 04:25:00"
IOP,0.00032906,"2017-12-17 04:30:00"
IOP,0.000325,"2017-12-17 04:35:00"
IOP,0.00032292,"2017-12-17 04:41:00"
IOP,0.00032141,"2017-12-17 04:45:00"
IOP,0.00032205,"2017-12-17 04:50:00"
IOP,0.00032017,"2017-12-17 04:55:00"
IOP,0.00032205,"2017-12-17 05:00:00"
IOP,0.00032491,"2017-12-17 05:06:00"
IOP,0.00032201,"2017-12-17 05:10:00"
IOP,0.00032681,"2017-12-17 05:15:00"
IOP,0.00032683,"2017-12-17 05:20:00"
IOP,0.00033161,"2017-12-17 05:25:00"
IOP,0.00032999,"2017-12-17 05:30:00"
IOP,0.00032529,"2017-12-17 05:35:00"
IOP,0.0003208,"2017-12-17 05:40:00"
IOP,0.00032004,"2017-12-17 05:45:00"
IOP,0.00032005,"2017-12-17 05:50:00"
IOP,0.00032411,"2017-12-17 05:55:00"
IOP,0.00032104,"2017-12-17 06:00:00"
IOP,0.00032105,"2017-12-17 06:05:00"
IOP,0.00032206,"2017-12-17 06:10:00"
IOP,0.00032104,"2017-12-17 06:15:00"
IOP,0.00032032,"2017-12-17 06:20:00"
IOP,0.00032411,"2017-12-17 06:25:00"
IOP,0.00032379,"2017-12-17 06:30:00"
IOP,0.00032042,"2017-12-17 06:35:00"
IOP,0.00032259,"2017-12-17 06:40:00"
IOP,0.00032042,"2017-12-17 06:45:00"
IOP,0.000319,"2017-12-17 06:50:00"
IOP,0.0003184,"2017-12-17 06:55:00"
IOP,0.0003175,"2017-12-17 07:00:00"
IOP,0.0003165,"2017-12-17 07:05:00"
IOP,0.00031601,"2017-12-17 07:10:00"
IOP,0.00031601,"2017-12-17 07:15:00"
IOP,0.00031551,"2017-12-17 07:20:00"
IOP,0.00031451,"2017-12-17 07:25:00"
IOP,0.00031401,"2017-12-17 07:30:00"
IOP,0.00031457,"2017-12-17 07:35:00"
IOP,0.00031405,"2017-12-17 07:40:00"
IOP,0.00031417,"2017-12-17 07:45:00"
IOP,0.00031403,"2017-12-17 07:50:00"
IOP,0.0003167,"2017-12-17 07:55:00"
IOP,0.00031671,"2017-12-17 08:00:00"
IOP,0.00031426,"2017-12-17 08:05:00"
IOP,0.000312,"2017-12-17 08:10:00"
IOP,0.00031408,"2017-12-17 08:15:00"
IOP,0.00031,"2017-12-17 08:20:00"
IOP,0.00031144,"2017-12-17 08:25:00"
IOP,0.00031144,"2017-12-17 08:30:00"
IOP,0.00031,"2017-12-17 08:35:00"
IOP,0.00030801,"2017-12-17 08:40:00"
IOP,0.00030777,"2017-12-17 08:45:00"
IOP,0.00030678,"2017-12-17 08:50:00"
IOP,0.00030677,"2017-12-17 08:55:00"
IOP,0.00030676,"2017-12-17 09:00:00"
IOP,0.00030585,"2017-12-17 09:05:00"
IOP,0.000304,"2017-12-17 09:10:00"
IOP,0.000302,"2017-12-17 09:15:00"
IOP,0.00030623,"2017-12-17 09:20:00"
IOP,0.000308,"2017-12-17 09:25:00"
IOP,0.00031156,"2017-12-17 09:30:00"
IOP,0.00031058,"2017-12-17 09:35:00"
IOP,0.00030705,"2017-12-17 09:40:00"
IOP,0.00030703,"2017-12-17 09:45:00"
IOP,0.00030967,"2017-12-17 09:50:00"
IOP,0.00030968,"2017-12-17 09:55:00"
IOP,0.0003099,"2017-12-17 10:00:00"
IOP,0.00031002,"2017-12-17 10:05:00"
IOP,0.00031192,"2017-12-17 10:10:00"
IOP,0.00031198,"2017-12-17 10:15:00"
IOP,0.00031898,"2017-12-17 10:20:00"
IOP,0.00031757,"2017-12-17 10:25:00"
IOP,0.000315,"2017-12-17 10:30:00"
IOP,0.000315,"2017-12-17 10:35:00"
IOP,0.00031332,"2017-12-17 10:40:00"
IOP,0.00031533,"2017-12-17 10:45:00"
IOP,0.00031225,"2017-12-17 10:50:00"
IOP,0.00030962,"2017-12-17 10:55:00"
IOP,0.00030491,"2017-12-17 11:00:00"
IOP,0.00030983,"2017-12-17 11:05:00"
IOP,0.00030743,"2017-12-17 11:10:00"
IOP,0.00030485,"2017-12-17 11:15:00"
IOP,0.00030742,"2017-12-17 11:20:00"
IOP,0.00030815,"2017-12-17 11:25:00"
IOP,0.00030813,"2017-12-17 11:30:00"
IOP,0.00030812,"2017-12-17 11:35:00"
IOP,0.0003075,"2017-12-17 11:40:00"
IOP,0.00030751,"2017-12-17 11:45:00"
IOP,0.00030751,"2017-12-17 11:50:00"
IOP,0.000307,"2017-12-17 11:55:00"
IOP,0.00030852,"2017-12-17 12:00:00"
IOP,0.000309,"2017-12-17 12:05:00"
IOP,0.00031194,"2017-12-17 12:10:00"
IOP,0.00031524,"2017-12-17 12:15:00"
IOP,0.00031612,"2017-12-17 12:20:00"
IOP,0.000314,"2017-12-17 12:25:00"
IOP,0.00031309,"2017-12-17 12:30:00"
IOP,0.000309,"2017-12-17 12:35:00"
IOP,0.00030563,"2017-12-17 12:40:00"
IOP,0.0003081,"2017-12-17 12:45:00"
IOP,0.00030943,"2017-12-17 12:50:00"
IOP,0.00030503,"2017-12-17 12:55:00"
IOP,0.0003045,"2017-12-17 13:00:00"
IOP,0.00030269,"2017-12-17 13:05:00"
IOP,0.00029852,"2017-12-17 13:10:00"
IOP,0.00029727,"2017-12-17 13:15:00"
IOP,0.00030306,"2017-12-17 13:20:00"
IOP,0.0003,"2017-12-17 13:25:00"
IOP,0.00029581,"2017-12-17 13:30:00"
IOP,0.0002946,"2017-12-17 13:35:00"
IOP,0.00030055,"2017-12-17 13:40:00"
IOP,0.00030293,"2017-12-17 13:45:00"
IOP,0.000303,"2017-12-17 13:50:00"
IOP,0.000303,"2017-12-17 13:55:00"
IOP,0.00030054,"2017-12-17 14:00:00"
IOP,0.00029801,"2017-12-17 14:05:00"
IOP,0.00030329,"2017-12-17 14:10:00"
IOP,0.00030331,"2017-12-17 14:15:00"
IOP,0.0003,"2017-12-17 14:20:00"
IOP,0.00029999,"2017-12-17 14:25:00"
IOP,0.00029901,"2017-12-17 14:30:00"
IOP,0.0002991,"2017-12-17 14:35:00"
IOP,0.00029901,"2017-12-17 14:40:00"
IOP,0.00030001,"2017-12-17 14:45:00"
IOP,0.00030212,"2017-12-17 14:50:00"
IOP,0.00030033,"2017-12-17 14:55:00"
IOP,0.00030207,"2017-12-17 15:00:00"
IOP,0.00030001,"2017-12-17 15:05:00"
IOP,0.00030169,"2017-12-17 15:10:00"
IOP,0.0003022,"2017-12-17 15:15:00"
IOP,0.00032199,"2017-12-17 15:20:00"
IOP,0.00032017,"2017-12-17 15:25:00"
IOP,0.00030801,"2017-12-17 15:30:00"
IOP,0.00030732,"2017-12-17 15:35:00"
IOP,0.00030006,"2017-12-17 15:40:00"
IOP,0.000302,"2017-12-17 15:45:00"
IOP,0.00030789,"2017-12-17 15:50:00"
IOP,0.000308,"2017-12-17 15:55:00"
IOP,0.00030935,"2017-12-17 16:00:00"
IOP,0.00030801,"2017-12-17 16:05:00"
IOP,0.00031199,"2017-12-17 16:10:00"
IOP,0.00031345,"2017-12-17 16:15:00"
IOP,0.00031202,"2017-12-17 16:20:00"
IOP,0.00031593,"2017-12-17 16:25:00"
IOP,0.00031624,"2017-12-17 16:30:00"
IOP,0.00031371,"2017-12-17 16:35:00"
IOP,0.0003125,"2017-12-17 16:40:00"
IOP,0.00031,"2017-12-17 16:45:00"
IOP,0.0003075,"2017-12-17 16:50:00"
IOP,0.00031058,"2017-12-17 16:55:00"
IOP,0.00030791,"2017-12-17 17:00:00"
IOP,0.00031088,"2017-12-17 17:05:00"
IOP,0.00031179,"2017-12-17 17:10:00"
IOP,0.000315,"2017-12-17 17:15:00"
IOP,0.000315,"2017-12-17 17:20:00"
IOP,0.000315,"2017-12-17 17:25:00"
IOP,0.00031615,"2017-12-17 17:30:00"
IOP,0.00031615,"2017-12-17 17:35:00"
IOP,0.000313,"2017-12-17 17:40:00"
IOP,0.00031406,"2017-12-17 17:45:00"
IOP,0.00031599,"2017-12-17 17:50:00"
IOP,0.000325,"2017-12-17 17:55:00"
IOP,0.00032099,"2017-12-17 18:00:00"
IOP,0.000325,"2017-12-17 18:05:00"
IOP,0.00033825,"2017-12-17 18:10:00"
IOP,0.00034376,"2017-12-17 18:15:00"
IOP,0.0003461,"2017-12-17 18:20:00"
IOP,0.00033868,"2017-12-17 18:25:00"
IOP,0.00033892,"2017-12-17 18:30:00"
IOP,0.000343,"2017-12-17 18:35:00"
IOP,0.00034699,"2017-12-17 18:40:00"
IOP,0.00035452,"2017-12-17 18:45:00"
IOP,0.00034749,"2017-12-17 18:50:00"
IOP,0.000355,"2017-12-17 18:55:00"
IOP,0.00035,"2017-12-17 19:00:00"
IOP,0.00034957,"2017-12-17 19:05:00"
IOP,0.00034965,"2017-12-17 19:10:00"
IOP,0.00034914,"2017-12-17 19:15:00"
IOP,0.00034772,"2017-12-17 19:20:00"
IOP,0.00034665,"2017-12-17 19:25:00"
IOP,0.00034729,"2017-12-17 19:30:00"
IOP,0.0003473,"2017-12-17 19:35:00"
IOP,0.00034947,"2017-12-17 19:40:00"
IOP,0.00034939,"2017-12-17 19:45:00"
IOP,0.00034646,"2017-12-17 19:50:00"
IOP,0.00034627,"2017-12-17 19:55:00"
IOP,0.000339,"2017-12-17 20:00:00"
IOP,0.0003428,"2017-12-17 20:05:00"
IOP,0.0003366,"2017-12-17 20:10:00"
IOP,0.00033966,"2017-12-17 20:15:00"
IOP,0.00034361,"2017-12-17 20:20:00"
IOP,0.0003448,"2017-12-17 20:25:00"
IOP,0.00034493,"2017-12-17 20:30:00"
IOP,0.0003448,"2017-12-17 20:35:00"
IOP,0.00034341,"2017-12-17 20:40:00"
IOP,0.00034341,"2017-12-17 20:45:00"
IOP,0.00034341,"2017-12-17 20:50:00"
IOP,0.00034341,"2017-12-17 20:55:00"
IOP,0.00034341,"2017-12-17 21:00:00"
IOP,0.00033701,"2017-12-17 21:05:00"
IOP,0.00032956,"2017-12-17 21:10:00"
IOP,0.00033088,"2017-12-17 21:15:00"
IOP,0.00033107,"2017-12-17 21:20:00"
IOP,0.00033981,"2017-12-17 21:25:00"
IOP,0.00033764,"2017-12-17 21:30:00"
IOP,0.00033276,"2017-12-17 21:35:00"
IOP,0.00033182,"2017-12-17 21:40:00"
IOP,0.000331,"2017-12-17 21:45:00"
IOP,0.00033094,"2017-12-17 21:50:00"
IOP,0.00033044,"2017-12-17 21:55:00"
IOP,0.00033,"2017-12-17 22:00:00"
IOP,0.000329,"2017-12-17 22:05:00"
IOP,0.00032882,"2017-12-17 22:10:00"
IOP,0.00032879,"2017-12-17 22:15:00"
IOP,0.0003287,"2017-12-17 22:20:00"
IOP,0.00032615,"2017-12-17 22:25:00"
IOP,0.0003285,"2017-12-17 22:30:00"
IOP,0.00032851,"2017-12-17 22:35:00"
IOP,0.00032936,"2017-12-17 22:40:00"
IOP,0.000326,"2017-12-17 22:45:00"
IOP,0.00032936,"2017-12-17 22:50:00"
IOP,0.00032928,"2017-12-17 22:55:00"
IOP,0.00032887,"2017-12-17 23:00:00"
IOP,0.00032706,"2017-12-17 23:05:00"
IOP,0.00032794,"2017-12-17 23:10:00"
IOP,0.00032609,"2017-12-17 23:15:00"
IOP,0.00032789,"2017-12-17 23:20:00"
IOP,0.00032603,"2017-12-17 23:25:00"
IOP,0.00032573,"2017-12-17 23:30:00"
IOP,0.00032505,"2017-12-17 23:35:00"
IOP,0.0003257,"2017-12-17 23:40:00"
IOP,0.00032539,"2017-12-17 23:45:00"
IOP,0.00032502,"2017-12-17 23:50:00"
IOP,0.000325,"2017-12-17 23:55:00"
IOP,0.00032501,"2017-12-18 00:00:00"
IOP,0.00032539,"2017-12-18 00:05:00"
IOP,0.00032539,"2017-12-18 00:10:00"
IOP,0.00032487,"2017-12-18 00:15:00"
IOP,0.00032487,"2017-12-18 00:20:00"
IOP,0.00032385,"2017-12-18 00:25:00"
IOP,0.00032261,"2017-12-18 00:30:00"
IOP,0.00032394,"2017-12-18 00:35:00"
IOP,0.00032567,"2017-12-18 00:40:00"
IOP,0.00032539,"2017-12-18 00:45:00"
IOP,0.00032503,"2017-12-18 00:50:00"
IOP,0.0003255,"2017-12-18 00:55:00"
IOP,0.00032642,"2017-12-18 01:00:00"
IOP,0.00032854,"2017-12-18 01:05:00"
IOP,0.00032601,"2017-12-18 01:10:00"
IOP,0.00032575,"2017-12-18 01:15:00"
IOP,0.000321,"2017-12-18 01:20:00"
IOP,0.00032101,"2017-12-18 01:25:00"
IOP,0.00032102,"2017-12-18 01:30:00"
IOP,0.00032101,"2017-12-18 01:35:00"
IOP,0.00032374,"2017-12-18 01:40:00"
IOP,0.00032425,"2017-12-18 01:45:00"
IOP,0.0003241,"2017-12-18 01:50:00"
IOP,0.00032401,"2017-12-18 01:55:00"
IOP,0.000323,"2017-12-18 02:00:00"
IOP,0.00032567,"2017-12-18 02:05:00"
IOP,0.00032564,"2017-12-18 02:10:00"
IOP,0.00032564,"2017-12-18 02:15:00"
IOP,0.00032564,"2017-12-18 02:20:00"
IOP,0.00032564,"2017-12-18 02:25:00"
IOP,0.000327,"2017-12-18 02:30:00"
IOP,0.00032778,"2017-12-18 02:35:00"
IOP,0.000328,"2017-12-18 02:40:00"
IOP,0.00032885,"2017-12-18 02:45:00"
IOP,0.00032886,"2017-12-18 02:50:00"
IOP,0.00032961,"2017-12-18 02:55:00"
IOP,0.00033,"2017-12-18 03:00:00"
IOP,0.00032921,"2017-12-18 03:05:00"
IOP,0.00032921,"2017-12-18 03:10:00"
IOP,0.000333,"2017-12-18 03:15:00"
IOP,0.000335,"2017-12-18 03:20:00"
IOP,0.0003349,"2017-12-18 03:25:00"
IOP,0.00033301,"2017-12-18 03:30:00"
IOP,0.00033308,"2017-12-18 03:35:00"
IOP,0.00033309,"2017-12-18 03:40:00"
IOP,0.00033313,"2017-12-18 03:45:00"
IOP,0.0003343,"2017-12-18 03:50:00"
IOP,0.00033432,"2017-12-18 03:55:00"
IOP,0.00033695,"2017-12-18 04:00:00"
IOP,0.00033705,"2017-12-18 04:05:00"
IOP,0.00033805,"2017-12-18 04:10:00"
IOP,0.00033905,"2017-12-18 04:15:00"
IOP,0.00034008,"2017-12-18 04:20:00"
IOP,0.00033905,"2017-12-18 04:25:00"
IOP,0.00033213,"2017-12-18 04:30:00"
IOP,0.00033177,"2017-12-18 04:35:00"
IOP,0.00033468,"2017-12-18 04:40:00"
IOP,0.00033468,"2017-12-18 04:45:00"
IOP,0.00033466,"2017-12-18 04:50:00"
IOP,0.00033468,"2017-12-18 04:55:00"
IOP,0.00033468,"2017-12-18 05:00:00"
IOP,0.00033469,"2017-12-18 05:05:00"
IOP,0.00033463,"2017-12-18 05:10:00"
IOP,0.00033205,"2017-12-18 05:15:00"
IOP,0.0003294,"2017-12-18 05:20:00"
IOP,0.00033198,"2017-12-18 05:25:00"
IOP,0.00032611,"2017-12-18 05:30:00"
IOP,0.00032716,"2017-12-18 05:35:00"
IOP,0.00032893,"2017-12-18 05:40:00"
IOP,0.00033571,"2017-12-18 05:45:00"
IOP,0.000331,"2017-12-18 05:50:00"
IOP,0.00033,"2017-12-18 05:55:00"
IOP,0.00033354,"2017-12-18 06:00:00"
IOP,0.00033332,"2017-12-18 06:05:00"
IOP,0.00033015,"2017-12-18 06:10:00"
IOP,0.0003345,"2017-12-18 06:15:00"
IOP,0.00033149,"2017-12-18 06:20:00"
IOP,0.00033105,"2017-12-18 06:25:00"
IOP,0.00033137,"2017-12-18 06:30:00"
IOP,0.00033143,"2017-12-18 06:35:00"
IOP,0.0003315,"2017-12-18 06:40:00"
IOP,0.00033154,"2017-12-18 06:45:00"
IOP,0.00033103,"2017-12-18 06:50:00"
IOP,0.00033103,"2017-12-18 06:55:00"
IOP,0.00033439,"2017-12-18 07:00:00"
IOP,0.00033439,"2017-12-18 07:05:00"
IOP,0.00033435,"2017-12-18 07:10:00"
IOP,0.00033448,"2017-12-18 07:15:00"
IOP,0.00033449,"2017-12-18 07:20:00"
IOP,0.00033351,"2017-12-18 07:25:00"
IOP,0.00033449,"2017-12-18 07:30:00"
IOP,0.000335,"2017-12-18 07:35:00"
IOP,0.00033503,"2017-12-18 07:40:00"
IOP,0.00033614,"2017-12-18 07:45:00"
IOP,0.00034569,"2017-12-18 07:50:00"
IOP,0.00035324,"2017-12-18 07:55:00"
IOP,0.00034663,"2017-12-18 08:00:00"
IOP,0.00034675,"2017-12-18 08:05:00"
IOP,0.0003405,"2017-12-18 08:10:00"
IOP,0.00033849,"2017-12-18 08:15:00"
IOP,0.0003403,"2017-12-18 08:20:00"
IOP,0.00034015,"2017-12-18 08:25:00"
IOP,0.00034639,"2017-12-18 08:30:00"
IOP,0.00034638,"2017-12-18 08:35:00"
IOP,0.00034665,"2017-12-18 08:40:00"
IOP,0.00034641,"2017-12-18 08:45:00"
IOP,0.00034745,"2017-12-18 08:50:00"
IOP,0.00034176,"2017-12-18 08:55:00"
IOP,0.00034,"2017-12-18 09:00:00"
IOP,0.000338,"2017-12-18 09:05:00"
IOP,0.000336,"2017-12-18 09:10:00"
IOP,0.000338,"2017-12-18 09:15:00"
IOP,0.000338,"2017-12-18 09:20:00"
IOP,0.00033175,"2017-12-18 09:25:00"
IOP,0.00033056,"2017-12-18 09:30:00"
IOP,0.0003367,"2017-12-18 09:35:00"
IOP,0.00033332,"2017-12-18 09:40:00"
IOP,0.00033209,"2017-12-18 09:45:00"
IOP,0.00033453,"2017-12-18 09:50:00"
IOP,0.00033793,"2017-12-18 09:55:00"
IOP,0.00033421,"2017-12-18 10:00:00"
IOP,0.000337,"2017-12-18 10:05:00"
IOP,0.00033446,"2017-12-18 10:10:00"
IOP,0.00033448,"2017-12-18 10:15:00"
IOP,0.00033448,"2017-12-18 10:20:00"
IOP,0.00033401,"2017-12-18 10:25:00"
IOP,0.000335,"2017-12-18 10:30:00"
IOP,0.00033802,"2017-12-18 10:35:00"
IOP,0.00033802,"2017-12-18 10:40:00"
IOP,0.00033999,"2017-12-18 10:45:00"
IOP,0.00034234,"2017-12-18 10:50:00"
IOP,0.00034051,"2017-12-18 10:55:00"
IOP,0.00034185,"2017-12-18 11:00:00"
IOP,0.00034377,"2017-12-18 11:05:00"
IOP,0.00033744,"2017-12-18 11:10:00"
IOP,0.0003301,"2017-12-18 11:15:00"
IOP,0.00033384,"2017-12-18 11:20:00"
IOP,0.0003335,"2017-12-18 11:25:00"
IOP,0.00033941,"2017-12-18 11:30:00"
IOP,0.00033103,"2017-12-18 11:35:00"
IOP,0.00033685,"2017-12-18 11:40:00"
IOP,0.00033282,"2017-12-18 11:45:00"
IOP,0.00033585,"2017-12-18 11:50:00"
IOP,0.0003329,"2017-12-18 11:55:00"
IOP,0.00033221,"2017-12-18 12:00:00"
IOP,0.00033221,"2017-12-18 12:05:00"
IOP,0.00033297,"2017-12-18 12:10:00"
IOP,0.00033226,"2017-12-18 12:15:00"
IOP,0.00033502,"2017-12-18 12:20:00"
IOP,0.00033777,"2017-12-18 12:25:00"
IOP,0.00033801,"2017-12-18 12:30:00"
IOP,0.00033998,"2017-12-18 12:35:00"
IOP,0.00033803,"2017-12-18 12:40:00"
IOP,0.00033801,"2017-12-18 12:45:00"
IOP,0.00033778,"2017-12-18 12:50:00"
IOP,0.0003365,"2017-12-18 12:55:00"
IOP,0.00033427,"2017-12-18 13:00:00"
IOP,0.00033439,"2017-12-18 13:05:00"
IOP,0.00033356,"2017-12-18 13:10:00"
IOP,0.00033834,"2017-12-18 13:15:00"
IOP,0.0003344,"2017-12-18 13:20:00"
IOP,0.000338,"2017-12-18 13:25:00"
IOP,0.00033787,"2017-12-18 13:30:00"
IOP,0.00033787,"2017-12-18 13:35:00"
IOP,0.00033839,"2017-12-18 13:40:00"
IOP,0.00033839,"2017-12-18 13:45:00"
IOP,0.00033839,"2017-12-18 13:50:00"
IOP,0.00033799,"2017-12-18 13:55:00"
IOP,0.00033596,"2017-12-18 14:00:00"
IOP,0.00033601,"2017-12-18 14:05:00"
IOP,0.00033898,"2017-12-18 14:10:00"
IOP,0.00033871,"2017-12-18 14:15:00"
IOP,0.00034261,"2017-12-18 14:20:00"
IOP,0.00034356,"2017-12-18 14:25:00"
IOP,0.00034501,"2017-12-18 14:30:00"
IOP,0.000346,"2017-12-18 14:35:00"
IOP,0.0003475,"2017-12-18 14:40:00"
IOP,0.00034696,"2017-12-18 14:45:00"
IOP,0.00034609,"2017-12-18 14:50:00"
IOP,0.00034594,"2017-12-18 14:55:00"
IOP,0.000349,"2017-12-18 15:00:00"
IOP,0.00034449,"2017-12-18 15:05:00"
IOP,0.0003445,"2017-12-18 15:10:00"
IOP,0.0003445,"2017-12-18 15:15:00"
IOP,0.00034951,"2017-12-18 15:20:00"
IOP,0.00034507,"2017-12-18 15:25:00"
IOP,0.00034854,"2017-12-18 15:30:00"
IOP,0.0003469,"2017-12-18 15:35:00"
IOP,0.00034357,"2017-12-18 15:40:00"
IOP,0.00034099,"2017-12-18 15:45:00"
IOP,0.000341,"2017-12-18 15:50:00"
IOP,0.00034099,"2017-12-18 15:55:00"
IOP,0.0003435,"2017-12-18 16:00:00"
IOP,0.00034391,"2017-12-18 16:05:00"
IOP,0.000345,"2017-12-18 16:10:00"
IOP,0.000346,"2017-12-18 16:15:00"
IOP,0.00034684,"2017-12-18 16:20:00"
IOP,0.00034613,"2017-12-18 16:25:00"
IOP,0.0003469,"2017-12-18 16:30:00"
IOP,0.00034688,"2017-12-18 16:35:00"
IOP,0.00034689,"2017-12-18 16:40:00"
IOP,0.00034508,"2017-12-18 16:45:00"
IOP,0.0003495,"2017-12-18 16:50:00"
IOP,0.00034999,"2017-12-18 16:55:00"
IOP,0.00035,"2017-12-18 17:00:00"
IOP,0.0003495,"2017-12-18 17:05:00"
IOP,0.00035056,"2017-12-18 17:10:00"
IOP,0.00035453,"2017-12-18 17:15:00"
IOP,0.00035571,"2017-12-18 17:20:00"
IOP,0.00036099,"2017-12-18 17:25:00"
IOP,0.00035551,"2017-12-18 17:30:00"
IOP,0.00036,"2017-12-18 17:35:00"
IOP,0.000364,"2017-12-18 17:40:00"
IOP,0.0003605,"2017-12-18 17:45:00"
IOP,0.0003539,"2017-12-18 17:50:00"
IOP,0.00035401,"2017-12-18 17:55:00"
IOP,0.00035416,"2017-12-18 18:00:00"
IOP,0.000359,"2017-12-18 18:05:00"
IOP,0.00035835,"2017-12-18 18:10:00"
IOP,0.00035899,"2017-12-18 18:15:00"
IOP,0.00036,"2017-12-18 18:20:00"
IOP,0.00036089,"2017-12-18 18:25:00"
IOP,0.00036244,"2017-12-18 18:30:00"
IOP,0.000363,"2017-12-18 18:35:00"
IOP,0.0003628,"2017-12-18 18:40:00"
IOP,0.00036,"2017-12-18 18:45:00"
IOP,0.00036795,"2017-12-18 18:50:00"
IOP,0.00036969,"2017-12-18 18:55:00"
IOP,0.0003701,"2017-12-18 19:00:00"
IOP,0.000365,"2017-12-18 19:05:00"
IOP,0.00036501,"2017-12-18 19:10:00"
IOP,0.00036859,"2017-12-18 19:15:00"
IOP,0.0003673,"2017-12-18 19:20:00"
IOP,0.00036111,"2017-12-18 19:25:00"
IOP,0.000362,"2017-12-18 19:30:00"
IOP,0.00036235,"2017-12-18 19:35:00"
IOP,0.00035933,"2017-12-18 19:40:00"
IOP,0.00035348,"2017-12-18 19:45:00"
IOP,0.00035407,"2017-12-18 19:50:00"
IOP,0.0003673,"2017-12-18 19:55:00"
IOP,0.00037018,"2017-12-18 20:00:00"
IOP,0.000374,"2017-12-18 20:05:00"
IOP,0.00036795,"2017-12-18 20:10:00"
IOP,0.0003639,"2017-12-18 20:15:00"
IOP,0.00036351,"2017-12-18 20:20:00"
IOP,0.0003632,"2017-12-18 20:25:00"
IOP,0.00036396,"2017-12-18 20:30:00"
IOP,0.00035899,"2017-12-18 20:35:00"
IOP,0.000363,"2017-12-18 20:40:00"
IOP,0.00036396,"2017-12-18 20:45:00"
IOP,0.00036401,"2017-12-18 20:50:00"
IOP,0.000366,"2017-12-18 20:55:00"
IOP,0.00036859,"2017-12-18 21:00:00"
IOP,0.00036401,"2017-12-18 21:05:00"
IOP,0.000369,"2017-12-18 21:10:00"
IOP,0.000366,"2017-12-18 21:15:00"
IOP,0.00036501,"2017-12-18 21:20:00"
IOP,0.000365,"2017-12-18 21:25:00"
IOP,0.000366,"2017-12-18 21:30:00"
IOP,0.000368,"2017-12-18 21:35:00"
IOP,0.00036998,"2017-12-18 21:40:00"
IOP,0.0003695,"2017-12-18 21:45:00"
IOP,0.00036504,"2017-12-18 21:50:00"
IOP,0.00036765,"2017-12-18 21:55:00"
IOP,0.0003638,"2017-12-18 22:00:00"
IOP,0.00036389,"2017-12-18 22:05:00"
IOP,0.00036406,"2017-12-18 22:10:00"
IOP,0.00036391,"2017-12-18 22:15:00"
IOP,0.000364,"2017-12-18 22:20:00"
IOP,0.00036391,"2017-12-18 22:25:00"
IOP,0.0003639,"2017-12-18 22:30:00"
IOP,0.00036151,"2017-12-18 22:35:00"
IOP,0.00036868,"2017-12-18 22:40:00"
IOP,0.00036896,"2017-12-18 22:45:00"
IOP,0.00036249,"2017-12-18 22:50:00"
IOP,0.00036181,"2017-12-18 22:55:00"
IOP,0.00036186,"2017-12-18 23:00:00"
IOP,0.000364,"2017-12-18 23:05:00"
IOP,0.00036402,"2017-12-18 23:10:00"
IOP,0.000362,"2017-12-18 23:15:00"
IOP,0.000355,"2017-12-18 23:20:00"
IOP,0.00035499,"2017-12-18 23:25:00"
IOP,0.00036043,"2017-12-18 23:30:00"
IOP,0.00035965,"2017-12-18 23:35:00"
IOP,0.00035904,"2017-12-18 23:40:00"
IOP,0.00035849,"2017-12-18 23:45:00"
IOP,0.00035309,"2017-12-18 23:50:00"
IOP,0.00035825,"2017-12-18 23:55:00"
IOP,0.00036542,"2017-12-19 00:00:00"
IOP,0.00036825,"2017-12-19 00:05:00"
IOP,0.00036822,"2017-12-19 00:10:00"
IOP,0.00035993,"2017-12-19 00:15:00"
IOP,0.000365,"2017-12-19 00:20:00"
IOP,0.00037148,"2017-12-19 00:25:00"
IOP,0.000372,"2017-12-19 00:30:00"
IOP,0.00036972,"2017-12-19 00:35:00"
IOP,0.00036987,"2017-12-19 00:40:00"
IOP,0.00036987,"2017-12-19 00:45:00"
IOP,0.00036989,"2017-12-19 00:50:00"
IOP,0.000365,"2017-12-19 00:55:00"
IOP,0.000364,"2017-12-19 01:00:00"
IOP,0.000364,"2017-12-19 01:05:00"
IOP,0.00036472,"2017-12-19 01:10:00"
IOP,0.000364,"2017-12-19 01:15:00"
IOP,0.00036088,"2017-12-19 01:20:00"
IOP,0.00036056,"2017-12-19 01:25:00"
IOP,0.00036089,"2017-12-19 01:30:00"
IOP,0.00036729,"2017-12-19 01:35:00"
IOP,0.00036986,"2017-12-19 01:40:00"
IOP,0.00036725,"2017-12-19 01:45:00"
IOP,0.00036478,"2017-12-19 01:50:00"
IOP,0.00036725,"2017-12-19 01:55:00"
IOP,0.00037251,"2017-12-19 02:00:00"
IOP,0.00037223,"2017-12-19 02:05:00"
IOP,0.00037499,"2017-12-19 02:10:00"
IOP,0.000376,"2017-12-19 02:15:00"
IOP,0.00037838,"2017-12-19 02:20:00"
IOP,0.00037844,"2017-12-19 02:25:00"
IOP,0.000378,"2017-12-19 02:30:00"
IOP,0.00037606,"2017-12-19 02:35:00"
IOP,0.00037299,"2017-12-19 02:40:00"
IOP,0.00036778,"2017-12-19 02:45:00"
IOP,0.00037149,"2017-12-19 02:50:00"
IOP,0.00037,"2017-12-19 02:55:00"
IOP,0.00036778,"2017-12-19 03:00:00"
IOP,0.00036772,"2017-12-19 03:05:00"
IOP,0.00037017,"2017-12-19 03:10:00"
IOP,0.0003676,"2017-12-19 03:15:00"
IOP,0.00037295,"2017-12-19 03:20:00"
IOP,0.000373,"2017-12-19 03:25:00"
IOP,0.00037393,"2017-12-19 03:30:00"
IOP,0.00037295,"2017-12-19 03:35:00"
IOP,0.00037,"2017-12-19 03:40:00"
IOP,0.00036806,"2017-12-19 03:45:00"
IOP,0.00036761,"2017-12-19 03:50:00"
IOP,0.000368,"2017-12-19 03:55:00"
IOP,0.00036628,"2017-12-19 04:00:00"
IOP,0.000366,"2017-12-19 04:05:00"
IOP,0.0003679,"2017-12-19 04:10:00"
IOP,0.00036791,"2017-12-19 04:15:00"
IOP,0.00036791,"2017-12-19 04:20:00"
IOP,0.00036697,"2017-12-19 04:25:00"
IOP,0.000367,"2017-12-19 04:30:00"
IOP,0.00036435,"2017-12-19 04:35:00"
IOP,0.0003679,"2017-12-19 04:40:00"
IOP,0.00036786,"2017-12-19 04:45:00"
IOP,0.000368,"2017-12-19 04:50:00"
IOP,0.00036502,"2017-12-19 04:55:00"
IOP,0.000368,"2017-12-19 05:00:00"
IOP,0.00036502,"2017-12-19 05:05:00"
IOP,0.00036502,"2017-12-19 05:10:00"
IOP,0.00037392,"2017-12-19 05:15:00"
IOP,0.0003786,"2017-12-19 05:20:00"
IOP,0.00037398,"2017-12-19 05:25:00"
IOP,0.00036809,"2017-12-19 05:30:00"
IOP,0.000367,"2017-12-19 05:35:00"
IOP,0.0003682,"2017-12-19 05:40:00"
IOP,0.00036908,"2017-12-19 05:45:00"
IOP,0.0003682,"2017-12-19 05:50:00"
IOP,0.00036335,"2017-12-19 05:55:00"
IOP,0.00036318,"2017-12-19 06:00:00"
IOP,0.00036882,"2017-12-19 06:05:00"
IOP,0.00036901,"2017-12-19 06:10:00"
IOP,0.00036909,"2017-12-19 06:15:00"
IOP,0.00036889,"2017-12-19 06:20:00"
IOP,0.00037193,"2017-12-19 06:25:00"
IOP,0.00036898,"2017-12-19 06:30:00"
IOP,0.00037256,"2017-12-19 06:35:00"
IOP,0.00037203,"2017-12-19 06:40:00"
IOP,0.00037273,"2017-12-19 06:45:00"
IOP,0.00037346,"2017-12-19 06:50:00"
IOP,0.00037363,"2017-12-19 06:55:00"
IOP,0.0003742,"2017-12-19 07:00:00"
IOP,0.0003735,"2017-12-19 07:05:00"
IOP,0.00037347,"2017-12-19 07:10:00"
IOP,0.00037608,"2017-12-19 07:15:00"
IOP,0.0003784,"2017-12-19 07:20:00"
IOP,0.00037852,"2017-12-19 07:25:00"
IOP,0.00037607,"2017-12-19 07:30:00"
IOP,0.00037432,"2017-12-19 07:35:00"
IOP,0.00037848,"2017-12-19 07:40:00"
IOP,0.00037848,"2017-12-19 07:45:00"
IOP,0.00037865,"2017-12-19 07:50:00"
IOP,0.00037797,"2017-12-19 07:55:00"
IOP,0.00037796,"2017-12-19 08:00:00"
IOP,0.000379,"2017-12-19 08:05:00"
IOP,0.00038,"2017-12-19 08:10:00"
IOP,0.000381,"2017-12-19 08:15:00"
IOP,0.00038161,"2017-12-19 08:20:00"
IOP,0.0003835,"2017-12-19 08:25:00"
IOP,0.00038428,"2017-12-19 08:30:00"
IOP,0.00038497,"2017-12-19 08:35:00"
IOP,0.00038501,"2017-12-19 08:40:00"
IOP,0.0003871,"2017-12-19 08:45:00"
IOP,0.00038767,"2017-12-19 08:50:00"
IOP,0.0003885,"2017-12-19 08:55:00"
IOP,0.0003889,"2017-12-19 09:00:00"
IOP,0.00038939,"2017-12-19 09:05:00"
IOP,0.0003895,"2017-12-19 09:10:00"
IOP,0.000388,"2017-12-19 09:15:00"
IOP,0.00038217,"2017-12-19 09:20:00"
IOP,0.00038995,"2017-12-19 09:25:00"
IOP,0.000384,"2017-12-19 09:30:00"
IOP,0.00038215,"2017-12-19 09:35:00"
IOP,0.00038403,"2017-12-19 09:40:00"
IOP,0.00037791,"2017-12-19 09:45:00"
IOP,0.000381,"2017-12-19 09:50:00"
IOP,0.00038,"2017-12-19 09:55:00"
IOP,0.00037795,"2017-12-19 10:00:00"
IOP,0.00037788,"2017-12-19 10:05:00"
IOP,0.00037787,"2017-12-19 10:10:00"
IOP,0.00037431,"2017-12-19 10:15:00"
IOP,0.00037997,"2017-12-19 10:20:00"
IOP,0.00037562,"2017-12-19 10:25:00"
IOP,0.0003797,"2017-12-19 10:30:00"
IOP,0.0003797,"2017-12-19 10:35:00"
IOP,0.00037694,"2017-12-19 10:40:00"
IOP,0.00037968,"2017-12-19 10:45:00"
IOP,0.00037677,"2017-12-19 10:50:00"
IOP,0.00037,"2017-12-19 10:55:00"
IOP,0.000369,"2017-12-19 11:00:00"
IOP,0.0003686,"2017-12-19 11:05:00"
IOP,0.00037939,"2017-12-19 11:10:00"
IOP,0.0003697,"2017-12-19 11:15:00"
IOP,0.00036034,"2017-12-19 11:20:00"
IOP,0.00035702,"2017-12-19 11:25:00"
IOP,0.00035337,"2017-12-19 11:30:00"
IOP,0.00035252,"2017-12-19 11:35:00"
IOP,0.00034668,"2017-12-19 11:40:00"
IOP,0.0003455,"2017-12-19 11:45:00"
IOP,0.0003475,"2017-12-19 11:50:00"
IOP,0.00035162,"2017-12-19 11:55:00"
IOP,0.00034977,"2017-12-19 12:00:00"
IOP,0.000353,"2017-12-19 12:05:00"
IOP,0.000349,"2017-12-19 12:10:00"
IOP,0.00034312,"2017-12-19 12:15:00"
IOP,0.00034196,"2017-12-19 12:20:00"
IOP,0.00034636,"2017-12-19 12:25:00"
IOP,0.00034193,"2017-12-19 12:30:00"
IOP,0.0003466,"2017-12-19 12:35:00"
IOP,0.00035278,"2017-12-19 12:40:00"
IOP,0.00035345,"2017-12-19 12:45:00"
IOP,0.0003532,"2017-12-19 12:50:00"
IOP,0.0003532,"2017-12-19 12:55:00"
IOP,0.0003526,"2017-12-19 13:00:00"
IOP,0.00035,"2017-12-19 13:05:00"
IOP,0.0003511,"2017-12-19 13:10:00"
IOP,0.00035495,"2017-12-19 13:15:00"
IOP,0.0003552,"2017-12-19 13:20:00"
IOP,0.00035292,"2017-12-19 13:25:00"
IOP,0.00035294,"2017-12-19 13:30:00"
IOP,0.0003529,"2017-12-19 13:35:00"
IOP,0.0003549,"2017-12-19 13:40:00"
IOP,0.000355,"2017-12-19 13:45:00"
IOP,0.0003595,"2017-12-19 13:50:00"
IOP,0.00035501,"2017-12-19 13:55:00"
IOP,0.0003531,"2017-12-19 14:00:00"
IOP,0.0003569,"2017-12-19 14:05:00"
IOP,0.0003609,"2017-12-19 14:10:00"
IOP,0.00035812,"2017-12-19 14:15:00"
IOP,0.00036217,"2017-12-19 14:20:00"
IOP,0.00036019,"2017-12-19 14:25:00"
IOP,0.00036217,"2017-12-19 14:30:00"
IOP,0.0003637,"2017-12-19 14:35:00"
IOP,0.00036665,"2017-12-19 14:40:00"
IOP,0.000364,"2017-12-19 14:45:00"
IOP,0.00036062,"2017-12-19 14:50:00"
IOP,0.0003589,"2017-12-19 14:55:00"
IOP,0.00036,"2017-12-19 15:00:00"
IOP,0.00035889,"2017-12-19 15:05:00"
IOP,0.0003613,"2017-12-19 15:10:00"
IOP,0.000365,"2017-12-19 15:15:00"
IOP,0.000364,"2017-12-19 15:20:00"
IOP,0.00036301,"2017-12-19 15:25:00"
IOP,0.000365,"2017-12-19 15:30:00"
IOP,0.00036714,"2017-12-19 15:35:00"
IOP,0.0003675,"2017-12-19 15:40:00"
IOP,0.00036712,"2017-12-19 15:45:00"
IOP,0.00036426,"2017-12-19 15:50:00"
IOP,0.00036151,"2017-12-19 15:55:00"
IOP,0.00036,"2017-12-19 16:00:00"
IOP,0.00035889,"2017-12-19 16:05:00"
IOP,0.00035799,"2017-12-19 16:10:00"
IOP,0.00035353,"2017-12-19 16:15:00"
IOP,0.00035352,"2017-12-19 16:20:00"
IOP,0.00035737,"2017-12-19 16:25:00"
IOP,0.00035737,"2017-12-19 16:30:00"
IOP,0.00035737,"2017-12-19 16:35:00"
IOP,0.00035737,"2017-12-19 16:40:00"
IOP,0.00035735,"2017-12-19 16:45:00"
IOP,0.00036,"2017-12-19 16:50:00"
IOP,0.0003627,"2017-12-19 16:55:00"
IOP,0.0003642,"2017-12-19 17:00:00"
IOP,0.00036449,"2017-12-19 17:05:00"
IOP,0.0003642,"2017-12-19 17:10:00"
IOP,0.00036528,"2017-12-19 17:15:00"
IOP,0.00036528,"2017-12-19 17:20:00"
IOP,0.00036932,"2017-12-19 17:25:00"
IOP,0.00036903,"2017-12-19 17:30:00"
IOP,0.00036736,"2017-12-19 17:35:00"
IOP,0.00036889,"2017-12-19 17:40:00"
IOP,0.00037398,"2017-12-19 17:45:00"
IOP,0.00036702,"2017-12-19 17:50:00"
IOP,0.0003669,"2017-12-19 17:55:00"
IOP,0.00036851,"2017-12-19 18:00:00"
IOP,0.00037543,"2017-12-19 18:05:00"
IOP,0.00037026,"2017-12-19 18:10:00"
IOP,0.000375,"2017-12-19 18:15:00"
IOP,0.000377,"2017-12-19 18:20:00"
IOP,0.00037675,"2017-12-19 18:25:00"
IOP,0.00037826,"2017-12-19 18:30:00"
IOP,0.0003783,"2017-12-19 18:35:00"
IOP,0.00037838,"2017-12-19 18:40:00"
IOP,0.000378,"2017-12-19 18:45:00"
IOP,0.000373,"2017-12-19 18:50:00"
IOP,0.00037299,"2017-12-19 18:55:00"
IOP,0.0003779,"2017-12-19 19:00:00"
IOP,0.00038412,"2017-12-19 19:05:00"
IOP,0.00038517,"2017-12-19 19:10:00"
IOP,0.000386,"2017-12-19 19:15:00"
IOP,0.00038695,"2017-12-19 19:20:00"
IOP,0.0003815,"2017-12-19 19:25:00"
IOP,0.0003818,"2017-12-19 19:30:00"
IOP,0.00037965,"2017-12-19 19:35:00"
IOP,0.00037947,"2017-12-19 19:40:00"
IOP,0.000381,"2017-12-19 19:45:00"
IOP,0.00037947,"2017-12-19 19:50:00"
IOP,0.0003785,"2017-12-19 19:55:00"
IOP,0.00037946,"2017-12-19 20:00:00"
IOP,0.00037785,"2017-12-19 20:05:00"
IOP,0.00036989,"2017-12-19 20:10:00"
IOP,0.000372,"2017-12-19 20:15:00"
IOP,0.00037198,"2017-12-19 20:20:00"
IOP,0.000372,"2017-12-19 20:25:00"
IOP,0.00037001,"2017-12-19 20:30:00"
IOP,0.00037719,"2017-12-19 20:35:00"
IOP,0.000376,"2017-12-19 20:40:00"
IOP,0.00037224,"2017-12-19 20:45:00"
IOP,0.00037223,"2017-12-19 20:50:00"
IOP,0.0003754,"2017-12-19 20:55:00"
IOP,0.000371,"2017-12-19 21:00:00"
IOP,0.0003725,"2017-12-19 21:05:00"
IOP,0.00037102,"2017-12-19 21:10:00"
IOP,0.00036868,"2017-12-19 21:15:00"
IOP,0.0003582,"2017-12-19 21:20:00"
IOP,0.000355,"2017-12-19 21:25:00"
IOP,0.00036498,"2017-12-19 21:30:00"
IOP,0.00036,"2017-12-19 21:35:00"
IOP,0.000357,"2017-12-19 21:40:00"
IOP,0.000357,"2017-12-19 21:45:00"
IOP,0.00036278,"2017-12-19 21:50:00"
IOP,0.00036279,"2017-12-19 21:55:00"
IOP,0.00036422,"2017-12-19 22:00:00"
IOP,0.00036279,"2017-12-19 22:05:00"
IOP,0.00035706,"2017-12-19 22:10:00"
IOP,0.00035593,"2017-12-19 22:15:00"
IOP,0.00036368,"2017-12-19 22:20:00"
IOP,0.00036479,"2017-12-19 22:25:00"
IOP,0.0003607,"2017-12-19 22:30:00"
IOP,0.0003556,"2017-12-19 22:35:00"
IOP,0.000354,"2017-12-19 22:40:00"
IOP,0.0003545,"2017-12-19 22:45:00"
IOP,0.00035402,"2017-12-19 22:50:00"
IOP,0.00035177,"2017-12-19 22:55:00"
IOP,0.000349,"2017-12-19 23:00:00"
IOP,0.00034435,"2017-12-19 23:05:00"
IOP,0.00035124,"2017-12-19 23:10:00"
IOP,0.00035124,"2017-12-19 23:15:00"
IOP,0.00035346,"2017-12-19 23:20:00"
IOP,0.00034532,"2017-12-19 23:25:00"
IOP,0.00035022,"2017-12-19 23:30:00"
IOP,0.000355,"2017-12-19 23:35:00"
IOP,0.00035568,"2017-12-19 23:40:00"
IOP,0.00035586,"2017-12-19 23:45:00"
IOP,0.00035005,"2017-12-19 23:50:00"
IOP,0.00035345,"2017-12-19 23:55:00"
IOP,0.000353,"2017-12-20 00:00:00"
IOP,0.0003529,"2017-12-20 00:05:00"
IOP,0.00035024,"2017-12-20 00:10:00"
IOP,0.0003559,"2017-12-20 00:15:00"
IOP,0.00036049,"2017-12-20 00:20:00"
IOP,0.00036049,"2017-12-20 00:25:00"
IOP,0.00036001,"2017-12-20 00:30:00"
IOP,0.00036002,"2017-12-20 00:35:00"
IOP,0.00036474,"2017-12-20 00:40:00"
IOP,0.00036498,"2017-12-20 00:45:00"
IOP,0.00036499,"2017-12-20 00:50:00"
IOP,0.00036003,"2017-12-20 00:55:00"
IOP,0.0003514,"2017-12-20 01:00:00"
IOP,0.0003533,"2017-12-20 01:05:00"
IOP,0.00036002,"2017-12-20 01:10:00"
IOP,0.00036003,"2017-12-20 01:15:00"
IOP,0.00035215,"2017-12-20 01:20:00"
IOP,0.00035012,"2017-12-20 01:25:00"
IOP,0.00035,"2017-12-20 01:30:00"
IOP,0.00035002,"2017-12-20 01:35:00"
IOP,0.00034811,"2017-12-20 01:40:00"
IOP,0.00034596,"2017-12-20 01:45:00"
IOP,0.00034532,"2017-12-20 01:50:00"
IOP,0.00034439,"2017-12-20 01:55:00"
IOP,0.00034257,"2017-12-20 02:00:00"
IOP,0.00034529,"2017-12-20 02:05:00"
IOP,0.00034419,"2017-12-20 02:10:00"
IOP,0.000343,"2017-12-20 02:15:00"
IOP,0.0003404,"2017-12-20 02:20:00"
IOP,0.0003409,"2017-12-20 02:25:00"
IOP,0.00034079,"2017-12-20 02:30:00"
IOP,0.0003421,"2017-12-20 02:35:00"
IOP,0.00034422,"2017-12-20 02:40:00"
IOP,0.00034038,"2017-12-20 02:45:00"
IOP,0.00034001,"2017-12-20 02:50:00"
IOP,0.00034,"2017-12-20 02:55:00"
IOP,0.00034038,"2017-12-20 03:00:00"
IOP,0.0003401,"2017-12-20 03:05:00"
IOP,0.00034,"2017-12-20 03:10:00"
IOP,0.00034474,"2017-12-20 03:15:00"
IOP,0.00034461,"2017-12-20 03:20:00"
IOP,0.00034476,"2017-12-20 03:25:00"
IOP,0.00034479,"2017-12-20 03:30:00"
IOP,0.00034529,"2017-12-20 03:35:00"
IOP,0.0003453,"2017-12-20 03:40:00"
IOP,0.00034532,"2017-12-20 03:45:00"
IOP,0.00035088,"2017-12-20 03:50:00"
IOP,0.00035568,"2017-12-20 03:55:00"
IOP,0.00035341,"2017-12-20 04:00:00"
IOP,0.00035908,"2017-12-20 04:05:00"
IOP,0.00035908,"2017-12-20 04:10:00"
IOP,0.0003599,"2017-12-20 04:15:00"
IOP,0.00035988,"2017-12-20 04:20:00"
IOP,0.00035989,"2017-12-20 04:25:00"
IOP,0.00035988,"2017-12-20 04:30:00"
IOP,0.00035983,"2017-12-20 04:35:00"
IOP,0.00035983,"2017-12-20 04:40:00"
IOP,0.00034985,"2017-12-20 04:45:00"
IOP,0.00034985,"2017-12-20 04:50:00"
IOP,0.00035598,"2017-12-20 04:55:00"
IOP,0.000355,"2017-12-20 05:00:00"
IOP,0.00035213,"2017-12-20 05:05:00"
IOP,0.00035027,"2017-12-20 05:10:00"
IOP,0.00035035,"2017-12-20 05:15:00"
IOP,0.0003503,"2017-12-20 05:20:00"
IOP,0.00034999,"2017-12-20 05:25:00"
IOP,0.00034821,"2017-12-20 05:30:00"
IOP,0.000348,"2017-12-20 05:35:00"
IOP,0.0003503,"2017-12-20 05:40:00"
IOP,0.000348,"2017-12-20 05:45:00"
IOP,0.0003476,"2017-12-20 05:50:00"
IOP,0.00034051,"2017-12-20 05:55:00"
IOP,0.00034759,"2017-12-20 06:00:00"
IOP,0.00034745,"2017-12-20 06:05:00"
IOP,0.00034213,"2017-12-20 06:10:00"
IOP,0.00035973,"2017-12-20 06:15:00"
IOP,0.00036039,"2017-12-20 06:20:00"
IOP,0.00036157,"2017-12-20 06:25:00"
IOP,0.00036129,"2017-12-20 06:30:00"
IOP,0.00035128,"2017-12-20 06:35:00"
IOP,0.00035899,"2017-12-20 06:40:00"
IOP,0.00035881,"2017-12-20 06:45:00"
IOP,0.00035881,"2017-12-20 06:50:00"
IOP,0.000356,"2017-12-20 06:55:00"
IOP,0.000352,"2017-12-20 07:00:00"
IOP,0.00035998,"2017-12-20 07:05:00"
IOP,0.00035971,"2017-12-20 07:10:00"
IOP,0.00035215,"2017-12-20 07:15:00"
IOP,0.00035599,"2017-12-20 07:20:00"
IOP,0.00035972,"2017-12-20 07:25:00"
IOP,0.00035599,"2017-12-20 07:30:00"
IOP,0.00035598,"2017-12-20 07:35:00"
IOP,0.00035597,"2017-12-20 07:40:00"
IOP,0.00035598,"2017-12-20 07:45:00"
IOP,0.00035972,"2017-12-20 07:50:00"
IOP,0.00035599,"2017-12-20 07:55:00"
IOP,0.0003597,"2017-12-20 08:00:00"
IOP,0.00035599,"2017-12-20 08:05:00"
IOP,0.00035969,"2017-12-20 08:10:00"
IOP,0.00035601,"2017-12-20 08:15:00"
IOP,0.00035605,"2017-12-20 08:20:00"
IOP,0.00036,"2017-12-20 08:25:00"
IOP,0.00036441,"2017-12-20 08:30:00"
IOP,0.000369,"2017-12-20 08:35:00"
IOP,0.00036469,"2017-12-20 08:40:00"
IOP,0.00037,"2017-12-20 08:45:00"
IOP,0.00037045,"2017-12-20 08:50:00"
IOP,0.00037018,"2017-12-20 08:55:00"
IOP,0.00037044,"2017-12-20 09:00:00"
IOP,0.00037044,"2017-12-20 09:05:00"
IOP,0.00036605,"2017-12-20 09:10:00"
IOP,0.00036524,"2017-12-20 09:15:00"
IOP,0.00036513,"2017-12-20 09:20:00"
IOP,0.00036476,"2017-12-20 09:25:00"
IOP,0.00036476,"2017-12-20 09:30:00"
IOP,0.00035998,"2017-12-20 09:35:00"
IOP,0.00036,"2017-12-20 09:40:00"
IOP,0.00036476,"2017-12-20 09:45:00"
IOP,0.00036513,"2017-12-20 09:50:00"
IOP,0.00036731,"2017-12-20 09:55:00"
IOP,0.00036728,"2017-12-20 10:00:00"
IOP,0.00036696,"2017-12-20 10:05:00"
IOP,0.00036496,"2017-12-20 10:10:00"
IOP,0.00036525,"2017-12-20 10:15:00"
IOP,0.00036594,"2017-12-20 10:20:00"
IOP,0.00036496,"2017-12-20 10:25:00"
IOP,0.00036496,"2017-12-20 10:30:00"
IOP,0.00036713,"2017-12-20 10:35:00"
IOP,0.00036713,"2017-12-20 10:40:00"
IOP,0.00036613,"2017-12-20 10:45:00"
IOP,0.00036514,"2017-12-20 10:50:00"
IOP,0.00036998,"2017-12-20 10:55:00"
IOP,0.00036255,"2017-12-20 11:00:00"
IOP,0.00036401,"2017-12-20 11:05:00"
IOP,0.000365,"2017-12-20 11:10:00"
IOP,0.000362,"2017-12-20 11:15:00"
IOP,0.000362,"2017-12-20 11:20:00"
IOP,0.000362,"2017-12-20 11:25:00"
IOP,0.00036022,"2017-12-20 11:30:00"
IOP,0.00036022,"2017-12-20 11:35:00"
IOP,0.00036649,"2017-12-20 11:40:00"
IOP,0.00036021,"2017-12-20 11:45:00"
IOP,0.00036,"2017-12-20 11:50:00"
IOP,0.00035929,"2017-12-20 11:55:00"
IOP,0.00035929,"2017-12-20 12:00:00"
IOP,0.00035928,"2017-12-20 12:05:00"
IOP,0.00036324,"2017-12-20 12:10:00"
IOP,0.00036022,"2017-12-20 12:15:00"
IOP,0.00036362,"2017-12-20 12:20:00"
IOP,0.00036388,"2017-12-20 12:25:00"
IOP,0.0003639,"2017-12-20 12:30:00"
IOP,0.00036732,"2017-12-20 12:35:00"
IOP,0.0003639,"2017-12-20 12:40:00"
IOP,0.00036392,"2017-12-20 12:45:00"
IOP,0.00036401,"2017-12-20 12:50:00"
IOP,0.00036401,"2017-12-20 12:55:00"
IOP,0.0003657,"2017-12-20 13:00:00"
IOP,0.00036392,"2017-12-20 13:05:00"
IOP,0.00036391,"2017-12-20 13:10:00"
IOP,0.00036001,"2017-12-20 13:15:00"
IOP,0.00035969,"2017-12-20 13:20:00"
IOP,0.000356,"2017-12-20 13:25:00"
IOP,0.00035529,"2017-12-20 13:30:00"
IOP,0.0003547,"2017-12-20 13:35:00"
IOP,0.00035441,"2017-12-20 13:40:00"
IOP,0.0003501,"2017-12-20 13:45:00"
IOP,0.00035011,"2017-12-20 13:50:00"
IOP,0.00035099,"2017-12-20 13:55:00"
IOP,0.00035111,"2017-12-20 14:00:00"
IOP,0.00035122,"2017-12-20 14:05:00"
IOP,0.00035124,"2017-12-20 14:10:00"
IOP,0.00035132,"2017-12-20 14:15:00"
IOP,0.000352,"2017-12-20 14:20:00"
IOP,0.000355,"2017-12-20 14:25:00"
IOP,0.00035441,"2017-12-20 14:30:00"
IOP,0.00035772,"2017-12-20 14:35:00"
IOP,0.00035507,"2017-12-20 14:40:00"
IOP,0.00035598,"2017-12-20 14:45:00"
IOP,0.000362,"2017-12-20 14:50:00"
IOP,0.000369,"2017-12-20 14:55:00"
IOP,0.0003657,"2017-12-20 15:00:00"
IOP,0.000361,"2017-12-20 15:05:00"
IOP,0.0003631,"2017-12-20 15:10:00"
IOP,0.00036325,"2017-12-20 15:15:00"
IOP,0.000367,"2017-12-20 15:20:00"
IOP,0.00036582,"2017-12-20 15:25:00"
IOP,0.00036019,"2017-12-20 15:30:00"
IOP,0.00036468,"2017-12-20 15:35:00"
IOP,0.00036519,"2017-12-20 15:40:00"
IOP,0.00036701,"2017-12-20 15:45:00"
IOP,0.0003673,"2017-12-20 15:50:00"
IOP,0.00036898,"2017-12-20 15:55:00"
IOP,0.00036533,"2017-12-20 16:00:00"
IOP,0.00036005,"2017-12-20 16:05:00"
IOP,0.00036005,"2017-12-20 16:10:00"
IOP,0.00036011,"2017-12-20 16:15:00"
IOP,0.0003601,"2017-12-20 16:20:00"
IOP,0.00036011,"2017-12-20 16:25:00"
IOP,0.00036082,"2017-12-20 16:30:00"
IOP,0.000363,"2017-12-20 16:35:00"
IOP,0.00036143,"2017-12-20 16:40:00"
IOP,0.00036145,"2017-12-20 16:45:00"
IOP,0.00036145,"2017-12-20 16:50:00"
IOP,0.00036273,"2017-12-20 16:55:00"
IOP,0.0003628,"2017-12-20 17:00:00"
IOP,0.00036278,"2017-12-20 17:05:00"
IOP,0.00036112,"2017-12-20 17:10:00"
IOP,0.000361,"2017-12-20 17:15:00"
IOP,0.00035702,"2017-12-20 17:20:00"
IOP,0.000357,"2017-12-20 17:25:00"
IOP,0.00036088,"2017-12-20 17:30:00"
IOP,0.00035734,"2017-12-20 17:35:00"
IOP,0.00036393,"2017-12-20 17:40:00"
IOP,0.00036524,"2017-12-20 17:45:00"
IOP,0.00037,"2017-12-20 17:50:00"
IOP,0.00037005,"2017-12-20 17:55:00"
IOP,0.00036898,"2017-12-20 18:00:00"
IOP,0.00036453,"2017-12-20 18:05:00"
IOP,0.00036107,"2017-12-20 18:10:00"
IOP,0.00036707,"2017-12-20 18:15:00"
IOP,0.00035745,"2017-12-20 18:20:00"
IOP,0.00035998,"2017-12-20 18:25:00"
IOP,0.00035998,"2017-12-20 18:30:00"
IOP,0.00036362,"2017-12-20 18:35:00"
IOP,0.0003636,"2017-12-20 18:40:00"
IOP,0.00036447,"2017-12-20 18:45:00"
IOP,0.00036436,"2017-12-20 18:50:00"
IOP,0.00036436,"2017-12-20 18:55:00"
IOP,0.000371,"2017-12-20 19:00:00"
IOP,0.000375,"2017-12-20 19:05:00"
IOP,0.00037501,"2017-12-20 19:10:00"
IOP,0.00037,"2017-12-20 19:15:00"
IOP,0.00037,"2017-12-20 19:20:00"
IOP,0.00037499,"2017-12-20 19:25:00"
IOP,0.00037018,"2017-12-20 19:30:00"
IOP,0.00037305,"2017-12-20 19:35:00"
IOP,0.00037401,"2017-12-20 19:40:00"
IOP,0.0003839,"2017-12-20 19:45:00"
IOP,0.00038009,"2017-12-20 19:50:00"
IOP,0.000381,"2017-12-20 19:55:00"
IOP,0.00038994,"2017-12-20 20:00:00"
IOP,0.00037901,"2017-12-20 20:05:00"
IOP,0.00038491,"2017-12-20 20:10:00"
IOP,0.00038935,"2017-12-20 20:15:00"
IOP,0.00038302,"2017-12-20 20:20:00"
IOP,0.00038527,"2017-12-20 20:25:00"
IOP,0.00038308,"2017-12-20 20:30:00"
IOP,0.000383,"2017-12-20 20:35:00"
IOP,0.000383,"2017-12-20 20:40:00"
IOP,0.00038248,"2017-12-20 20:45:00"
IOP,0.00038,"2017-12-20 20:50:00"
IOP,0.0003779,"2017-12-20 20:55:00"
IOP,0.000375,"2017-12-20 21:00:00"
IOP,0.000381,"2017-12-20 21:05:00"
IOP,0.00038,"2017-12-20 21:10:00"
IOP,0.0003775,"2017-12-20 21:15:00"
IOP,0.00037308,"2017-12-20 21:20:00"
IOP,0.0003777,"2017-12-20 21:25:00"
IOP,0.0003777,"2017-12-20 21:30:00"
IOP,0.0003778,"2017-12-20 21:35:00"
IOP,0.00037409,"2017-12-20 21:40:00"
IOP,0.00037338,"2017-12-20 21:45:00"
IOP,0.00036738,"2017-12-20 21:50:00"
IOP,0.000367,"2017-12-20 21:55:00"
IOP,0.00037343,"2017-12-20 22:00:00"
IOP,0.00037319,"2017-12-20 22:05:00"
IOP,0.00037311,"2017-12-20 22:10:00"
IOP,0.00036261,"2017-12-20 22:15:00"
IOP,0.000363,"2017-12-20 22:20:00"
IOP,0.0003625,"2017-12-20 22:25:00"
IOP,0.000361,"2017-12-20 22:30:00"
IOP,0.0003619,"2017-12-20 22:35:00"
IOP,0.0003626,"2017-12-20 22:40:00"
IOP,0.0003611,"2017-12-20 22:45:00"
IOP,0.00036287,"2017-12-20 22:50:00"
IOP,0.00036062,"2017-12-20 22:55:00"
IOP,0.00036001,"2017-12-20 23:00:00"
IOP,0.00036062,"2017-12-20 23:05:00"
IOP,0.000363,"2017-12-20 23:10:00"
IOP,0.00036263,"2017-12-20 23:15:00"
IOP,0.00036264,"2017-12-20 23:20:00"
IOP,0.00036261,"2017-12-20 23:25:00"
IOP,0.00036261,"2017-12-20 23:30:00"
IOP,0.00036259,"2017-12-20 23:35:00"
IOP,0.00036259,"2017-12-20 23:40:00"
IOP,0.00036793,"2017-12-20 23:45:00"
IOP,0.00036737,"2017-12-20 23:50:00"
IOP,0.00036352,"2017-12-20 23:55:00"
IOP,0.00036685,"2017-12-21 00:00:00"
IOP,0.00036726,"2017-12-21 00:05:00"
IOP,0.00037249,"2017-12-21 00:10:00"
IOP,0.00037258,"2017-12-21 00:15:00"
IOP,0.0003735,"2017-12-21 00:20:00"
IOP,0.00037456,"2017-12-21 00:25:00"
IOP,0.0003735,"2017-12-21 00:30:00"
IOP,0.0003796,"2017-12-21 00:35:00"
IOP,0.00037357,"2017-12-21 00:40:00"
IOP,0.00037501,"2017-12-21 00:45:00"
IOP,0.00037941,"2017-12-21 00:50:00"
IOP,0.00037935,"2017-12-21 00:55:00"
IOP,0.00037358,"2017-12-21 01:00:00"
IOP,0.00037356,"2017-12-21 01:05:00"
IOP,0.00037355,"2017-12-21 01:10:00"
IOP,0.0003735,"2017-12-21 01:15:00"
IOP,0.0003735,"2017-12-21 01:20:00"
IOP,0.00037347,"2017-12-21 01:25:00"
IOP,0.0003725,"2017-12-21 01:30:00"
IOP,0.0003725,"2017-12-21 01:35:00"
IOP,0.00037845,"2017-12-21 01:40:00"
IOP,0.00037942,"2017-12-21 01:45:00"
IOP,0.0003752,"2017-12-21 01:50:00"
IOP,0.00038116,"2017-12-21 01:55:00"
IOP,0.00038074,"2017-12-21 02:00:00"
IOP,0.00038073,"2017-12-21 02:05:00"
IOP,0.00037624,"2017-12-21 02:10:00"
IOP,0.00037985,"2017-12-21 02:15:00"
IOP,0.00037987,"2017-12-21 02:20:00"
IOP,0.0003799,"2017-12-21 02:25:00"
IOP,0.00038261,"2017-12-21 02:30:00"
IOP,0.000382,"2017-12-21 02:35:00"
IOP,0.00037991,"2017-12-21 02:40:00"
IOP,0.00038,"2017-12-21 02:45:00"
IOP,0.000382,"2017-12-21 02:50:00"
IOP,0.00038226,"2017-12-21 02:55:00"
IOP,0.0003823,"2017-12-21 03:00:00"
IOP,0.000384,"2017-12-21 03:05:00"
IOP,0.000385,"2017-12-21 03:10:00"
IOP,0.00038774,"2017-12-21 03:15:00"
IOP,0.000388,"2017-12-21 03:20:00"
IOP,0.0003904,"2017-12-21 03:25:00"
IOP,0.00039885,"2017-12-21 03:30:00"
IOP,0.0003903,"2017-12-21 03:35:00"
IOP,0.00039732,"2017-12-21 03:40:00"
IOP,0.000398,"2017-12-21 03:45:00"
IOP,0.00039799,"2017-12-21 03:50:00"
IOP,0.0004,"2017-12-21 03:55:00"
IOP,0.000402,"2017-12-21 04:00:00"
IOP,0.000406,"2017-12-21 04:05:00"
IOP,0.00040798,"2017-12-21 04:10:00"
IOP,0.00040556,"2017-12-21 04:15:00"
IOP,0.0004,"2017-12-21 04:20:00"
IOP,0.00040499,"2017-12-21 04:25:00"
IOP,0.0004085,"2017-12-21 04:30:00"
IOP,0.00041814,"2017-12-21 04:35:00"
IOP,0.00042261,"2017-12-21 04:40:00"
IOP,0.00042001,"2017-12-21 04:45:00"
IOP,0.00042999,"2017-12-21 04:50:00"
IOP,0.00042771,"2017-12-21 04:55:00"
IOP,0.00042079,"2017-12-21 05:00:00"
IOP,0.00041112,"2017-12-21 05:05:00"
IOP,0.00041,"2017-12-21 05:10:00"
IOP,0.00041471,"2017-12-21 05:15:00"
IOP,0.00040609,"2017-12-21 05:20:00"
IOP,0.000405,"2017-12-21 05:25:00"
IOP,0.00040302,"2017-12-21 05:30:00"
IOP,0.00041199,"2017-12-21 05:35:00"
IOP,0.0004011,"2017-12-21 05:40:00"
IOP,0.00039771,"2017-12-21 05:45:00"
IOP,0.00043529,"2017-12-21 05:50:00"
IOP,0.000425,"2017-12-21 05:55:00"
IOP,0.00044699,"2017-12-21 06:00:00"
IOP,0.00044999,"2017-12-21 06:05:00"
IOP,0.00045499,"2017-12-21 06:10:00"
IOP,0.00046431,"2017-12-21 06:15:00"
IOP,0.00049095,"2017-12-21 06:20:00"
IOP,0.00047202,"2017-12-21 06:25:00"
IOP,0.0004633,"2017-12-21 06:30:00"
IOP,0.00045009,"2017-12-21 06:35:00"
IOP,0.00045006,"2017-12-21 06:40:00"
IOP,0.000471,"2017-12-21 06:45:00"
IOP,0.00046684,"2017-12-21 06:50:00"
IOP,0.00046116,"2017-12-21 06:55:00"
IOP,0.00046497,"2017-12-21 07:00:00"
IOP,0.00048191,"2017-12-21 07:05:00"
IOP,0.00049506,"2017-12-21 07:10:00"
IOP,0.00048778,"2017-12-21 07:15:00"
IOP,0.00046,"2017-12-21 07:20:00"
IOP,0.00045765,"2017-12-21 07:25:00"
IOP,0.000456,"2017-12-21 07:30:00"
IOP,0.000455,"2017-12-21 07:35:00"
IOP,0.00046,"2017-12-21 07:40:00"
IOP,0.00045338,"2017-12-21 07:45:00"
IOP,0.000445,"2017-12-21 07:50:00"
IOP,0.00042311,"2017-12-21 07:55:00"
IOP,0.00042705,"2017-12-21 08:00:00"
IOP,0.00044148,"2017-12-21 08:05:00"
IOP,0.00044147,"2017-12-21 08:10:00"
IOP,0.0004161,"2017-12-21 08:15:00"
IOP,0.0004299,"2017-12-21 08:20:00"
IOP,0.000428,"2017-12-21 08:25:00"
IOP,0.00045302,"2017-12-21 08:30:00"
IOP,0.000445,"2017-12-21 08:35:00"
IOP,0.00044098,"2017-12-21 08:40:00"
IOP,0.00043369,"2017-12-21 08:45:00"
IOP,0.00043923,"2017-12-21 08:50:00"
IOP,0.00044,"2017-12-21 08:55:00"
IOP,0.0004522,"2017-12-21 09:00:00"
IOP,0.00046329,"2017-12-21 09:05:00"
IOP,0.00047078,"2017-12-21 09:10:00"
IOP,0.0004653,"2017-12-21 09:15:00"
IOP,0.00046501,"2017-12-21 09:20:00"
IOP,0.000474,"2017-12-21 09:25:00"
IOP,0.000475,"2017-12-21 09:30:00"
IOP,0.00048,"2017-12-21 09:35:00"
IOP,0.00046004,"2017-12-21 09:40:00"
IOP,0.00046701,"2017-12-21 09:45:00"
IOP,0.00046597,"2017-12-21 09:50:00"
IOP,0.00045321,"2017-12-21 09:55:00"
IOP,0.00044395,"2017-12-21 10:00:00"
IOP,0.00046001,"2017-12-21 10:05:00"
IOP,0.000457,"2017-12-21 10:10:00"
IOP,0.0004592,"2017-12-21 10:15:00"
IOP,0.00048367,"2017-12-21 10:20:00"
IOP,0.00050009,"2017-12-21 10:25:00"
IOP,0.000491,"2017-12-21 10:30:00"
IOP,0.00048816,"2017-12-21 10:35:00"
IOP,0.00048813,"2017-12-21 10:40:00"
IOP,0.0004786,"2017-12-21 10:45:00"
IOP,0.000484,"2017-12-21 10:50:00"
IOP,0.000485,"2017-12-21 10:55:00"
IOP,0.000488,"2017-12-21 11:00:00"
IOP,0.0004896,"2017-12-21 11:05:00"
IOP,0.0004802,"2017-12-21 11:10:00"
IOP,0.00048209,"2017-12-21 11:15:00"
IOP,0.00048797,"2017-12-21 11:20:00"
IOP,0.00048221,"2017-12-21 11:25:00"
IOP,0.00048318,"2017-12-21 11:30:00"
IOP,0.00047241,"2017-12-21 11:35:00"
IOP,0.00046963,"2017-12-21 11:40:00"
IOP,0.000475,"2017-12-21 11:45:00"
IOP,0.00046654,"2017-12-21 11:50:00"
IOP,0.00047189,"2017-12-21 11:55:00"
IOP,0.00047189,"2017-12-21 12:00:00"
IOP,0.00047349,"2017-12-21 12:05:00"
IOP,0.0004718,"2017-12-21 12:10:00"
IOP,0.00048,"2017-12-21 12:15:00"
IOP,0.00047356,"2017-12-21 12:20:00"
IOP,0.00047842,"2017-12-21 12:25:00"
IOP,0.00048186,"2017-12-21 12:30:00"
IOP,0.00048356,"2017-12-21 12:35:00"
IOP,0.00048678,"2017-12-21 12:40:00"
IOP,0.00048913,"2017-12-21 12:45:00"
IOP,0.0004892,"2017-12-21 12:50:00"
IOP,0.0004895,"2017-12-21 12:55:00"
IOP,0.00048139,"2017-12-21 13:00:00"
IOP,0.00048,"2017-12-21 13:05:00"
IOP,0.00047404,"2017-12-21 13:10:00"
IOP,0.00047623,"2017-12-21 13:15:00"
IOP,0.0004825,"2017-12-21 13:20:00"
IOP,0.00047998,"2017-12-21 13:25:00"
IOP,0.00047001,"2017-12-21 13:30:00"
IOP,0.00046223,"2017-12-21 13:35:00"
IOP,0.00047542,"2017-12-21 13:40:00"
IOP,0.00046573,"2017-12-21 13:45:00"
IOP,0.00046763,"2017-12-21 13:50:00"
IOP,0.00046995,"2017-12-21 13:55:00"
IOP,0.00046529,"2017-12-21 14:00:00"
IOP,0.00045589,"2017-12-21 14:05:00"
IOP,0.000455,"2017-12-21 14:10:00"
IOP,0.00045831,"2017-12-21 14:15:00"
IOP,0.00045501,"2017-12-21 14:20:00"
IOP,0.0004665,"2017-12-21 14:25:00"
IOP,0.0004684,"2017-12-21 14:30:00"
IOP,0.00046495,"2017-12-21 14:35:00"
IOP,0.00046397,"2017-12-21 14:40:00"
IOP,0.00046056,"2017-12-21 14:45:00"
IOP,0.000459,"2017-12-21 14:50:00"
IOP,0.00045899,"2017-12-21 14:55:00"
IOP,0.0004555,"2017-12-21 15:00:00"
IOP,0.00045495,"2017-12-21 15:05:00"
IOP,0.00044805,"2017-12-21 15:10:00"
IOP,0.00044768,"2017-12-21 15:15:00"
IOP,0.00044599,"2017-12-21 15:20:00"
IOP,0.00044599,"2017-12-21 15:25:00"
IOP,0.00044599,"2017-12-21 15:30:00"
IOP,0.00045499,"2017-12-21 15:35:00"
IOP,0.00044893,"2017-12-21 15:40:00"
IOP,0.00045601,"2017-12-21 15:45:00"
IOP,0.00045101,"2017-12-21 15:50:00"
IOP,0.00045,"2017-12-21 15:55:00"
IOP,0.00044615,"2017-12-21 16:00:00"
IOP,0.00044531,"2017-12-21 16:05:00"
IOP,0.00044558,"2017-12-21 16:10:00"
IOP,0.0004401,"2017-12-21 16:15:00"
IOP,0.00042229,"2017-12-21 16:20:00"
IOP,0.00042301,"2017-12-21 16:25:00"
IOP,0.000427,"2017-12-21 16:30:00"
IOP,0.00042853,"2017-12-21 16:35:00"
IOP,0.00042113,"2017-12-21 16:40:00"
IOP,0.00041769,"2017-12-21 16:45:00"
IOP,0.00041666,"2017-12-21 16:50:00"
IOP,0.00040872,"2017-12-21 16:55:00"
IOP,0.00040343,"2017-12-21 17:00:00"
IOP,0.00040763,"2017-12-21 17:05:00"
IOP,0.00041447,"2017-12-21 17:10:00"
IOP,0.00040791,"2017-12-21 17:15:00"
IOP,0.00042254,"2017-12-21 17:20:00"
IOP,0.00042689,"2017-12-21 17:25:00"
IOP,0.0004275,"2017-12-21 17:30:00"
IOP,0.00042475,"2017-12-21 17:35:00"
IOP,0.00042731,"2017-12-21 17:40:00"
IOP,0.00042675,"2017-12-21 17:45:00"
IOP,0.00042408,"2017-12-21 17:50:00"
IOP,0.00042967,"2017-12-21 17:55:00"
IOP,0.0004245,"2017-12-21 18:00:00"
IOP,0.00042991,"2017-12-21 18:05:00"
IOP,0.00043732,"2017-12-21 18:10:00"
IOP,0.00042545,"2017-12-21 18:15:00"
IOP,0.0004255,"2017-12-21 18:20:00"
IOP,0.00042937,"2017-12-21 18:25:00"
IOP,0.00043095,"2017-12-21 18:30:00"
IOP,0.00043089,"2017-12-21 18:35:00"
IOP,0.00042603,"2017-12-21 18:40:00"
IOP,0.00041903,"2017-12-21 18:45:00"
IOP,0.0004205,"2017-12-21 18:50:00"
IOP,0.00042088,"2017-12-21 18:55:00"
IOP,0.00042096,"2017-12-21 19:00:00"
IOP,0.000425,"2017-12-21 19:05:00"
IOP,0.00043326,"2017-12-21 19:10:00"
IOP,0.00043732,"2017-12-21 19:15:00"
IOP,0.00042693,"2017-12-21 19:20:00"
IOP,0.00043739,"2017-12-21 19:25:00"
IOP,0.00043469,"2017-12-21 19:30:00"
IOP,0.00044248,"2017-12-21 19:35:00"
IOP,0.00043003,"2017-12-21 19:40:00"
IOP,0.00044172,"2017-12-21 19:45:00"
IOP,0.00044,"2017-12-21 19:50:00"
IOP,0.000433,"2017-12-21 19:55:00"
IOP,0.00042751,"2017-12-21 20:00:00"
IOP,0.000439,"2017-12-21 20:05:00"
IOP,0.00045183,"2017-12-21 20:10:00"
IOP,0.00045716,"2017-12-21 20:15:00"
IOP,0.00044824,"2017-12-21 20:20:00"
IOP,0.0004462,"2017-12-21 20:25:00"
IOP,0.00044832,"2017-12-21 20:30:00"
IOP,0.00045895,"2017-12-21 20:35:00"
IOP,0.00045505,"2017-12-21 20:40:00"
IOP,0.00045798,"2017-12-21 20:45:00"
IOP,0.00046361,"2017-12-21 20:50:00"
IOP,0.00045365,"2017-12-21 20:55:00"
IOP,0.0004588,"2017-12-21 21:00:00"
IOP,0.00045799,"2017-12-21 21:05:00"
IOP,0.00045877,"2017-12-21 21:10:00"
IOP,0.00044813,"2017-12-21 21:15:00"
IOP,0.000445,"2017-12-21 21:20:00"
IOP,0.00043984,"2017-12-21 21:25:00"
IOP,0.00044,"2017-12-21 21:30:00"
IOP,0.0004448,"2017-12-21 21:35:00"
IOP,0.00044,"2017-12-21 21:40:00"
IOP,0.00044098,"2017-12-21 21:45:00"
IOP,0.000445,"2017-12-21 21:50:00"
IOP,0.00044492,"2017-12-21 21:55:00"
IOP,0.00044598,"2017-12-21 22:00:00"
IOP,0.00044598,"2017-12-21 22:05:00"
IOP,0.000442,"2017-12-21 22:10:00"
IOP,0.00043869,"2017-12-21 22:15:00"
IOP,0.00044197,"2017-12-21 22:20:00"
IOP,0.00043576,"2017-12-21 22:25:00"
IOP,0.0004395,"2017-12-21 22:30:00"
IOP,0.00044017,"2017-12-21 22:35:00"
IOP,0.000446,"2017-12-21 22:40:00"
IOP,0.000443,"2017-12-21 22:45:00"
IOP,0.00044892,"2017-12-21 22:50:00"
IOP,0.00045175,"2017-12-21 22:55:00"
IOP,0.00045297,"2017-12-21 23:00:00"
IOP,0.00045415,"2017-12-21 23:05:00"
IOP,0.00045391,"2017-12-21 23:10:00"
IOP,0.00046574,"2017-12-21 23:15:00"
IOP,0.00046574,"2017-12-21 23:20:00"
IOP,0.00046939,"2017-12-21 23:25:00"
IOP,0.00046573,"2017-12-21 23:30:00"
IOP,0.00046,"2017-12-21 23:35:00"
IOP,0.000452,"2017-12-21 23:40:00"
IOP,0.000457,"2017-12-21 23:45:00"
IOP,0.00045622,"2017-12-21 23:50:00"
IOP,0.000455,"2017-12-21 23:55:00"
IOP,0.00045599,"2017-12-22 00:00:00"
IOP,0.00045616,"2017-12-22 00:05:00"
IOP,0.00046036,"2017-12-22 00:10:00"
IOP,0.00046034,"2017-12-22 00:15:00"
IOP,0.0004565,"2017-12-22 00:20:00"
IOP,0.000457,"2017-12-22 00:25:00"
IOP,0.0004649,"2017-12-22 00:30:00"
IOP,0.00046782,"2017-12-22 00:35:00"
IOP,0.00046967,"2017-12-22 00:40:00"
IOP,0.00046274,"2017-12-22 00:45:00"
IOP,0.00046286,"2017-12-22 00:50:00"
IOP,0.00046006,"2017-12-22 00:55:00"
IOP,0.0004593,"2017-12-22 01:00:00"
IOP,0.00045202,"2017-12-22 01:05:00"
IOP,0.00045,"2017-12-22 01:10:00"
IOP,0.00045201,"2017-12-22 01:15:00"
IOP,0.00044803,"2017-12-22 01:20:00"
IOP,0.00045204,"2017-12-22 01:25:00"
IOP,0.000455,"2017-12-22 01:30:00"
IOP,0.00044837,"2017-12-22 01:35:00"
IOP,0.00044851,"2017-12-22 01:40:00"
IOP,0.00044331,"2017-12-22 01:45:00"
IOP,0.00043835,"2017-12-22 01:50:00"
IOP,0.00043865,"2017-12-22 01:55:00"
IOP,0.00043839,"2017-12-22 02:00:00"
IOP,0.00043583,"2017-12-22 02:05:00"
IOP,0.00043693,"2017-12-22 02:10:00"
IOP,0.000426,"2017-12-22 02:15:00"
IOP,0.00043658,"2017-12-22 02:20:00"
IOP,0.00044001,"2017-12-22 02:25:00"
IOP,0.00044465,"2017-12-22 02:30:00"
IOP,0.00044206,"2017-12-22 02:35:00"
IOP,0.00043559,"2017-12-22 02:40:00"
IOP,0.00042628,"2017-12-22 02:45:00"
IOP,0.00041999,"2017-12-22 02:50:00"
IOP,0.00040786,"2017-12-22 02:55:00"
IOP,0.00040738,"2017-12-22 03:00:00"
IOP,0.00041001,"2017-12-22 03:05:00"
IOP,0.00042581,"2017-12-22 03:10:00"
IOP,0.00042909,"2017-12-22 03:15:00"
IOP,0.0004291,"2017-12-22 03:20:00"
IOP,0.00042984,"2017-12-22 03:25:00"
IOP,0.00043011,"2017-12-22 03:30:00"
IOP,0.00043011,"2017-12-22 03:35:00"
IOP,0.00043011,"2017-12-22 03:40:00"
IOP,0.00043011,"2017-12-22 03:45:00"
IOP,0.00042984,"2017-12-22 03:50:00"
IOP,0.00042984,"2017-12-22 03:55:00"
IOP,0.00043008,"2017-12-22 04:00:00"
IOP,0.0004201,"2017-12-22 04:05:00"
IOP,0.0004126,"2017-12-22 04:10:00"
IOP,0.00040999,"2017-12-22 04:15:00"
IOP,0.00040848,"2017-12-22 04:20:00"
IOP,0.00040712,"2017-12-22 04:25:00"
IOP,0.00040501,"2017-12-22 04:30:00"
IOP,0.00040645,"2017-12-22 04:35:00"
IOP,0.00040661,"2017-12-22 04:40:00"
IOP,0.00040778,"2017-12-22 04:45:00"
IOP,0.00040271,"2017-12-22 04:50:00"
IOP,0.0004027,"2017-12-22 04:55:00"
IOP,0.0004061,"2017-12-22 05:00:00"
IOP,0.00040612,"2017-12-22 05:05:00"
IOP,0.00040626,"2017-12-22 05:10:00"
IOP,0.00040676,"2017-12-22 05:15:00"
IOP,0.000407,"2017-12-22 05:20:00"
IOP,0.0004126,"2017-12-22 05:25:00"
IOP,0.00041441,"2017-12-22 05:30:00"
IOP,0.00041785,"2017-12-22 05:35:00"
IOP,0.00042035,"2017-12-22 05:40:00"
IOP,0.00042029,"2017-12-22 05:45:00"
IOP,0.00041398,"2017-12-22 05:50:00"
IOP,0.000411,"2017-12-22 05:55:00"
IOP,0.00041141,"2017-12-22 06:00:00"
IOP,0.00041686,"2017-12-22 06:05:00"
IOP,0.00041001,"2017-12-22 06:10:00"
IOP,0.000414,"2017-12-22 06:15:00"
IOP,0.00041575,"2017-12-22 06:20:00"
IOP,0.000414,"2017-12-22 06:25:00"
IOP,0.000414,"2017-12-22 06:30:00"
IOP,0.00041575,"2017-12-22 06:35:00"
IOP,0.0004196,"2017-12-22 06:40:00"
IOP,0.00041961,"2017-12-22 06:45:00"
IOP,0.00042038,"2017-12-22 06:50:00"
IOP,0.00042279,"2017-12-22 06:55:00"
IOP,0.0004228,"2017-12-22 07:00:00"
IOP,0.0004256,"2017-12-22 07:05:00"
IOP,0.00042374,"2017-12-22 07:10:00"
IOP,0.00041987,"2017-12-22 07:15:00"
IOP,0.00041995,"2017-12-22 07:20:00"
IOP,0.00041995,"2017-12-22 07:25:00"
IOP,0.00041986,"2017-12-22 07:30:00"
IOP,0.00041996,"2017-12-22 07:35:00"
IOP,0.000414,"2017-12-22 07:40:00"
IOP,0.0004105,"2017-12-22 07:45:00"
IOP,0.00040858,"2017-12-22 07:50:00"
IOP,0.00040489,"2017-12-22 07:55:00"
IOP,0.00040145,"2017-12-22 08:00:00"
IOP,0.00040048,"2017-12-22 08:05:00"
IOP,0.0004,"2017-12-22 08:10:00"
IOP,0.000399,"2017-12-22 08:15:00"
IOP,0.00038103,"2017-12-22 08:20:00"
IOP,0.00038102,"2017-12-22 08:25:00"
IOP,0.00039,"2017-12-22 08:30:00"
IOP,0.00038354,"2017-12-22 08:35:00"
IOP,0.00038354,"2017-12-22 08:40:00"
IOP,0.00038295,"2017-12-22 08:45:00"
IOP,0.00037717,"2017-12-22 08:50:00"
IOP,0.00037718,"2017-12-22 08:55:00"
IOP,0.000372,"2017-12-22 09:00:00"
IOP,0.00037699,"2017-12-22 09:05:00"
IOP,0.00037233,"2017-12-22 09:10:00"
IOP,0.000377,"2017-12-22 09:15:00"
IOP,0.00038,"2017-12-22 09:20:00"
IOP,0.00038841,"2017-12-22 09:25:00"
IOP,0.00038337,"2017-12-22 09:30:00"
IOP,0.00038542,"2017-12-22 09:35:00"
IOP,0.00039248,"2017-12-22 09:40:00"
IOP,0.00039203,"2017-12-22 09:45:00"
IOP,0.00039173,"2017-12-22 09:50:00"
IOP,0.00039375,"2017-12-22 09:55:00"
IOP,0.00039375,"2017-12-22 10:00:00"
IOP,0.00039705,"2017-12-22 10:05:00"
IOP,0.00039704,"2017-12-22 10:10:00"
IOP,0.000398,"2017-12-22 10:15:00"
IOP,0.00039323,"2017-12-22 10:20:00"
IOP,0.000398,"2017-12-22 10:25:00"
IOP,0.000393,"2017-12-22 10:30:00"
IOP,0.0003988,"2017-12-22 10:35:00"
IOP,0.000399,"2017-12-22 10:40:00"
IOP,0.00039463,"2017-12-22 10:45:00"
IOP,0.000395,"2017-12-22 10:50:00"
IOP,0.0003963,"2017-12-22 10:55:00"
IOP,0.00039589,"2017-12-22 11:00:00"
IOP,0.00039491,"2017-12-22 11:05:00"
IOP,0.00039,"2017-12-22 11:10:00"
IOP,0.00039,"2017-12-22 11:15:00"
IOP,0.00039001,"2017-12-22 11:20:00"
IOP,0.00040018,"2017-12-22 11:25:00"
IOP,0.00040499,"2017-12-22 11:30:00"
IOP,0.00040009,"2017-12-22 11:35:00"
IOP,0.000405,"2017-12-22 11:40:00"
IOP,0.000406,"2017-12-22 11:45:00"
IOP,0.00040599,"2017-12-22 11:50:00"
IOP,0.00040003,"2017-12-22 11:55:00"
IOP,0.00040569,"2017-12-22 12:00:00"
IOP,0.00040547,"2017-12-22 12:05:00"
IOP,0.00040002,"2017-12-22 12:10:00"
IOP,0.00040492,"2017-12-22 12:15:00"
IOP,0.00040432,"2017-12-22 12:20:00"
IOP,0.00040498,"2017-12-22 12:25:00"
IOP,0.00040001,"2017-12-22 12:30:00"
IOP,0.00040488,"2017-12-22 12:35:00"
IOP,0.00039991,"2017-12-22 12:40:00"
IOP,0.00040442,"2017-12-22 12:45:00"
IOP,0.00039671,"2017-12-22 12:50:00"
IOP,0.00039636,"2017-12-22 12:55:00"
IOP,0.00039636,"2017-12-22 13:00:00"
IOP,0.00039636,"2017-12-22 13:05:00"
IOP,0.00039636,"2017-12-22 13:10:00"
IOP,0.00039307,"2017-12-22 13:15:00"
IOP,0.00039298,"2017-12-22 13:20:00"
IOP,0.00039278,"2017-12-22 13:25:00"
IOP,0.00039242,"2017-12-22 13:30:00"
IOP,0.00038939,"2017-12-22 13:35:00"
IOP,0.00038499,"2017-12-22 13:40:00"
IOP,0.00038274,"2017-12-22 13:45:00"
IOP,0.0003759,"2017-12-22 13:50:00"
IOP,0.00038002,"2017-12-22 13:55:00"
IOP,0.00038149,"2017-12-22 14:00:00"
IOP,0.00037603,"2017-12-22 14:05:00"
IOP,0.00037106,"2017-12-22 14:10:00"
IOP,0.00037235,"2017-12-22 14:15:00"
IOP,0.00036383,"2017-12-22 14:20:00"
IOP,0.00036016,"2017-12-22 14:25:00"
IOP,0.00037536,"2017-12-22 14:30:00"
IOP,0.00036532,"2017-12-22 14:35:00"
IOP,0.0003661,"2017-12-22 14:40:00"
IOP,0.000372,"2017-12-22 14:45:00"
IOP,0.00037544,"2017-12-22 14:50:00"
IOP,0.000372,"2017-12-22 14:55:00"
IOP,0.00037111,"2017-12-22 15:00:00"
IOP,0.00036728,"2017-12-22 15:05:00"
IOP,0.00036708,"2017-12-22 15:10:00"
IOP,0.000369,"2017-12-22 15:15:00"
IOP,0.00036708,"2017-12-22 15:20:00"
IOP,0.00036854,"2017-12-22 15:25:00"
IOP,0.00036,"2017-12-22 15:30:00"
IOP,0.00036568,"2017-12-22 15:35:00"
IOP,0.00035842,"2017-12-22 15:40:00"
IOP,0.00035725,"2017-12-22 15:45:00"
IOP,0.0003565,"2017-12-22 15:50:00"
IOP,0.0003565,"2017-12-22 15:55:00"
IOP,0.00035501,"2017-12-22 16:00:00"
IOP,0.0003564,"2017-12-22 16:05:00"
IOP,0.000355,"2017-12-22 16:10:00"
IOP,0.00035725,"2017-12-22 16:15:00"
IOP,0.00036024,"2017-12-22 16:20:00"
IOP,0.00036999,"2017-12-22 16:25:00"
IOP,0.00037489,"2017-12-22 16:30:00"
IOP,0.00036588,"2017-12-22 16:35:00"
IOP,0.00037229,"2017-12-22 16:40:00"
IOP,0.0003668,"2017-12-22 16:45:00"
IOP,0.00036676,"2017-12-22 16:50:00"
IOP,0.00039,"2017-12-22 16:55:00"
IOP,0.00039493,"2017-12-22 17:00:00"
IOP,0.00038807,"2017-12-22 17:05:00"
IOP,0.00038846,"2017-12-22 17:10:00"
IOP,0.00038885,"2017-12-22 17:15:00"
IOP,0.00039452,"2017-12-22 17:20:00"
IOP,0.00039464,"2017-12-22 17:25:00"
IOP,0.00039444,"2017-12-22 17:30:00"
IOP,0.00038726,"2017-12-22 17:35:00"
IOP,0.00038734,"2017-12-22 17:40:00"
IOP,0.00038648,"2017-12-22 17:45:00"
IOP,0.00038513,"2017-12-22 17:50:00"
IOP,0.00038489,"2017-12-22 17:55:00"
IOP,0.00038489,"2017-12-22 18:00:00"
IOP,0.00038471,"2017-12-22 18:05:00"
IOP,0.00036836,"2017-12-22 18:10:00"
IOP,0.00037308,"2017-12-22 18:15:00"
IOP,0.00037004,"2017-12-22 18:20:00"
IOP,0.00037445,"2017-12-22 18:25:00"
IOP,0.00037536,"2017-12-22 18:30:00"
IOP,0.00038016,"2017-12-22 18:35:00"
IOP,0.00038012,"2017-12-22 18:40:00"
IOP,0.00038096,"2017-12-22 18:45:00"
IOP,0.00038001,"2017-12-22 18:50:00"
IOP,0.00038005,"2017-12-22 18:55:00"
IOP,0.00037724,"2017-12-22 19:00:00"
IOP,0.00038148,"2017-12-22 19:05:00"
IOP,0.00038749,"2017-12-22 19:10:00"
IOP,0.00038748,"2017-12-22 19:15:00"
IOP,0.00038749,"2017-12-22 19:20:00"
IOP,0.0003899,"2017-12-22 19:25:00"
IOP,0.00038546,"2017-12-22 19:30:00"
IOP,0.00039067,"2017-12-22 19:35:00"
IOP,0.00039217,"2017-12-22 19:40:00"
IOP,0.00039869,"2017-12-22 19:45:00"
IOP,0.00039919,"2017-12-22 19:50:00"
IOP,0.00040145,"2017-12-22 19:55:00"
IOP,0.00040281,"2017-12-22 20:00:00"
IOP,0.00039869,"2017-12-22 20:05:00"
IOP,0.00039253,"2017-12-22 20:10:00"
IOP,0.00039281,"2017-12-22 20:15:00"
IOP,0.00040281,"2017-12-22 20:20:00"
IOP,0.00040322,"2017-12-22 20:25:00"
IOP,0.0003951,"2017-12-22 20:30:00"
IOP,0.00040336,"2017-12-22 20:35:00"
IOP,0.0004,"2017-12-22 20:40:00"
IOP,0.00039992,"2017-12-22 20:45:00"
IOP,0.00039992,"2017-12-22 20:50:00"
IOP,0.00039995,"2017-12-22 20:55:00"
IOP,0.00039993,"2017-12-22 21:00:00"
IOP,0.00039898,"2017-12-22 21:05:00"
IOP,0.00039307,"2017-12-22 21:10:00"
IOP,0.000395,"2017-12-22 21:15:00"
IOP,0.00039796,"2017-12-22 21:20:00"
IOP,0.00039799,"2017-12-22 21:25:00"
IOP,0.00039886,"2017-12-22 21:30:00"
IOP,0.00039886,"2017-12-22 21:35:00"
IOP,0.00039899,"2017-12-22 21:40:00"
IOP,0.00039897,"2017-12-22 21:45:00"
IOP,0.00039992,"2017-12-22 21:50:00"
IOP,0.00039992,"2017-12-22 21:55:00"
IOP,0.00039999,"2017-12-22 22:00:00"
IOP,0.00039999,"2017-12-22 22:05:00"
IOP,0.0004035,"2017-12-22 22:10:00"
IOP,0.000399,"2017-12-22 22:15:00"
IOP,0.000399,"2017-12-22 22:20:00"
IOP,0.0004,"2017-12-22 22:25:00"
IOP,0.000399,"2017-12-22 22:30:00"
IOP,0.00039612,"2017-12-22 22:35:00"
IOP,0.00040162,"2017-12-22 22:40:00"
IOP,0.00039612,"2017-12-22 22:45:00"
IOP,0.0004034,"2017-12-22 22:50:00"
IOP,0.00040123,"2017-12-22 22:55:00"
IOP,0.000405,"2017-12-22 23:00:00"
IOP,0.00039361,"2017-12-22 23:05:00"
IOP,0.00040666,"2017-12-22 23:10:00"
IOP,0.00039611,"2017-12-22 23:15:00"
IOP,0.00040032,"2017-12-22 23:20:00"
IOP,0.00040286,"2017-12-22 23:25:00"
IOP,0.000407,"2017-12-22 23:30:00"
IOP,0.00040044,"2017-12-22 23:35:00"
IOP,0.00040752,"2017-12-22 23:40:00"
IOP,0.00040109,"2017-12-22 23:45:00"
IOP,0.00040757,"2017-12-22 23:50:00"
IOP,0.00040897,"2017-12-22 23:55:00"
IOP,0.00041,"2017-12-23 00:00:00"
IOP,0.00041006,"2017-12-23 00:05:00"
IOP,0.00041006,"2017-12-23 00:10:00"
IOP,0.00041548,"2017-12-23 00:15:00"
IOP,0.00040957,"2017-12-23 00:20:00"
IOP,0.00041499,"2017-12-23 00:25:00"
IOP,0.00040972,"2017-12-23 00:30:00"
IOP,0.00040957,"2017-12-23 00:35:00"
IOP,0.00041005,"2017-12-23 00:40:00"
IOP,0.00041846,"2017-12-23 00:45:00"
IOP,0.000418,"2017-12-23 00:50:00"
IOP,0.00041153,"2017-12-23 00:55:00"
IOP,0.00040929,"2017-12-23 01:00:00"
IOP,0.0004095,"2017-12-23 01:05:00"
IOP,0.00040118,"2017-12-23 01:10:00"
IOP,0.00039627,"2017-12-23 01:15:00"
IOP,0.00039805,"2017-12-23 01:20:00"
IOP,0.0004,"2017-12-23 01:25:00"
IOP,0.0004,"2017-12-23 01:30:00"
IOP,0.0003995,"2017-12-23 01:35:00"
IOP,0.0003992,"2017-12-23 01:40:00"
IOP,0.00039918,"2017-12-23 01:45:00"
IOP,0.00039805,"2017-12-23 01:50:00"
IOP,0.00040019,"2017-12-23 01:55:00"
IOP,0.00040002,"2017-12-23 02:00:00"
IOP,0.00040588,"2017-12-23 02:05:00"
IOP,0.00041009,"2017-12-23 02:10:00"
IOP,0.00040053,"2017-12-23 02:15:00"
IOP,0.00040301,"2017-12-23 02:20:00"
IOP,0.00041,"2017-12-23 02:25:00"
IOP,0.00041009,"2017-12-23 02:30:00"
IOP,0.00041113,"2017-12-23 02:35:00"
IOP,0.00042,"2017-12-23 02:40:00"
IOP,0.00042002,"2017-12-23 02:45:00"
IOP,0.00042003,"2017-12-23 02:50:00"
IOP,0.00041143,"2017-12-23 02:55:00"
IOP,0.0004206,"2017-12-23 03:00:00"
IOP,0.000415,"2017-12-23 03:05:00"
IOP,0.00041353,"2017-12-23 03:10:00"
IOP,0.00041354,"2017-12-23 03:15:00"
IOP,0.00041515,"2017-12-23 03:20:00"
IOP,0.00041515,"2017-12-23 03:25:00"
IOP,0.00041518,"2017-12-23 03:30:00"
IOP,0.0004206,"2017-12-23 03:35:00"
IOP,0.0004206,"2017-12-23 03:40:00"
IOP,0.000419,"2017-12-23 03:45:00"
IOP,0.00042083,"2017-12-23 03:50:00"
IOP,0.00042087,"2017-12-23 03:55:00"
IOP,0.00042086,"2017-12-23 04:00:00"
IOP,0.00042569,"2017-12-23 04:05:00"
IOP,0.00042086,"2017-12-23 04:10:00"
IOP,0.00042578,"2017-12-23 04:15:00"
IOP,0.00042624,"2017-12-23 04:20:00"
IOP,0.00042578,"2017-12-23 04:25:00"
IOP,0.000427,"2017-12-23 04:30:00"
IOP,0.000427,"2017-12-23 04:35:00"
IOP,0.00042702,"2017-12-23 04:40:00"
IOP,0.00042714,"2017-12-23 04:45:00"
IOP,0.00042722,"2017-12-23 04:50:00"
IOP,0.00042773,"2017-12-23 04:55:00"
IOP,0.00042821,"2017-12-23 05:00:00"
IOP,0.00043164,"2017-12-23 05:05:00"
IOP,0.0004282,"2017-12-23 05:10:00"
IOP,0.00042596,"2017-12-23 05:15:00"
IOP,0.00042127,"2017-12-23 05:20:00"
IOP,0.00042086,"2017-12-23 05:25:00"
IOP,0.00042086,"2017-12-23 05:30:00"
IOP,0.000423,"2017-12-23 05:35:00"
IOP,0.00042085,"2017-12-23 05:40:00"
IOP,0.00041499,"2017-12-23 05:45:00"
IOP,0.000415,"2017-12-23 05:50:00"
IOP,0.00042058,"2017-12-23 05:55:00"
IOP,0.00042049,"2017-12-23 06:00:00"
IOP,0.00042062,"2017-12-23 06:05:00"
IOP,0.00042349,"2017-12-23 06:10:00"
IOP,0.0004235,"2017-12-23 06:15:00"
IOP,0.00042351,"2017-12-23 06:20:00"
IOP,0.00042436,"2017-12-23 06:25:00"
IOP,0.00042441,"2017-12-23 06:30:00"
IOP,0.0004235,"2017-12-23 06:35:00"
IOP,0.0004233,"2017-12-23 06:40:00"
IOP,0.00042101,"2017-12-23 06:45:00"
IOP,0.00042101,"2017-12-23 06:50:00"
IOP,0.000414,"2017-12-23 06:55:00"
IOP,0.000414,"2017-12-23 07:00:00"
IOP,0.0004142,"2017-12-23 07:05:00"
IOP,0.000414,"2017-12-23 07:10:00"
IOP,0.00041298,"2017-12-23 07:15:00"
IOP,0.00040784,"2017-12-23 07:20:00"
IOP,0.00040999,"2017-12-23 07:25:00"
IOP,0.0004085,"2017-12-23 07:30:00"
IOP,0.0004085,"2017-12-23 07:35:00"
IOP,0.0004045,"2017-12-23 07:40:00"
IOP,0.00040352,"2017-12-23 07:45:00"
IOP,0.00041153,"2017-12-23 07:50:00"
IOP,0.0004085,"2017-12-23 07:55:00"
IOP,0.00040851,"2017-12-23 08:00:00"
IOP,0.00040889,"2017-12-23 08:05:00"
IOP,0.00041063,"2017-12-23 08:10:00"
IOP,0.00041297,"2017-12-23 08:15:00"
IOP,0.0004036,"2017-12-23 08:20:00"
IOP,0.00041393,"2017-12-23 08:25:00"
IOP,0.00040716,"2017-12-23 08:30:00"
IOP,0.00040995,"2017-12-23 08:35:00"
IOP,0.00041,"2017-12-23 08:40:00"
IOP,0.00041319,"2017-12-23 08:45:00"
IOP,0.00041319,"2017-12-23 08:50:00"
IOP,0.00041011,"2017-12-23 08:55:00"
IOP,0.00041215,"2017-12-23 09:00:00"
IOP,0.00041215,"2017-12-23 09:05:00"
IOP,0.00041801,"2017-12-23 09:10:00"
IOP,0.00041412,"2017-12-23 09:15:00"
IOP,0.00041729,"2017-12-23 09:20:00"
IOP,0.00041072,"2017-12-23 09:25:00"
IOP,0.000413,"2017-12-23 09:30:00"
IOP,0.00042,"2017-12-23 09:35:00"
IOP,0.00043998,"2017-12-23 09:40:00"
IOP,0.00044382,"2017-12-23 09:45:00"
IOP,0.000454,"2017-12-23 09:50:00"
IOP,0.000441,"2017-12-23 09:55:00"
IOP,0.00044106,"2017-12-23 10:00:00"
IOP,0.00045,"2017-12-23 10:05:00"
IOP,0.000457,"2017-12-23 10:10:00"
IOP,0.00044901,"2017-12-23 10:15:00"
IOP,0.000447,"2017-12-23 10:20:00"
IOP,0.00044599,"2017-12-23 10:25:00"
IOP,0.0004425,"2017-12-23 10:30:00"
IOP,0.00043832,"2017-12-23 10:35:00"
IOP,0.00043511,"2017-12-23 10:40:00"
IOP,0.00043919,"2017-12-23 10:45:00"
IOP,0.00043301,"2017-12-23 10:50:00"
IOP,0.00043924,"2017-12-23 10:55:00"
IOP,0.00043734,"2017-12-23 11:00:00"
IOP,0.00043734,"2017-12-23 11:05:00"
IOP,0.00044243,"2017-12-23 11:10:00"
IOP,0.00044454,"2017-12-23 11:15:00"
IOP,0.00044888,"2017-12-23 11:20:00"
IOP,0.00045344,"2017-12-23 11:25:00"
IOP,0.0004489,"2017-12-23 11:30:00"
IOP,0.000448,"2017-12-23 11:35:00"
IOP,0.00043733,"2017-12-23 11:40:00"
IOP,0.00043099,"2017-12-23 11:45:00"
IOP,0.00043203,"2017-12-23 11:50:00"
IOP,0.00043788,"2017-12-23 11:55:00"
IOP,0.00044009,"2017-12-23 12:00:00"
IOP,0.0004285,"2017-12-23 12:05:00"
IOP,0.00043087,"2017-12-23 12:10:00"
IOP,0.00043173,"2017-12-23 12:15:00"
IOP,0.00044328,"2017-12-23 12:20:00"
IOP,0.00044199,"2017-12-23 12:25:00"
IOP,0.00043252,"2017-12-23 12:30:00"
IOP,0.00043958,"2017-12-23 12:35:00"
IOP,0.00042911,"2017-12-23 12:40:00"
IOP,0.00043158,"2017-12-23 12:45:00"
IOP,0.00043561,"2017-12-23 12:50:00"
IOP,0.00043566,"2017-12-23 12:55:00"
IOP,0.00043571,"2017-12-23 13:00:00"
IOP,0.0004357,"2017-12-23 13:05:00"
IOP,0.00043924,"2017-12-23 13:10:00"
IOP,0.00042268,"2017-12-23 13:15:00"
IOP,0.00042268,"2017-12-23 13:20:00"
IOP,0.000419,"2017-12-23 13:25:00"
IOP,0.00042224,"2017-12-23 13:30:00"
IOP,0.00041803,"2017-12-23 13:35:00"
IOP,0.0004221,"2017-12-23 13:40:00"
IOP,0.00042267,"2017-12-23 13:45:00"
IOP,0.000429,"2017-12-23 13:50:00"
IOP,0.00042344,"2017-12-23 13:55:00"
IOP,0.00042357,"2017-12-23 14:00:00"
IOP,0.00042361,"2017-12-23 14:05:00"
IOP,0.00041901,"2017-12-23 14:10:00"
IOP,0.0004185,"2017-12-23 14:15:00"
IOP,0.00042484,"2017-12-23 14:20:00"
IOP,0.00041905,"2017-12-23 14:25:00"
IOP,0.00041909,"2017-12-23 14:30:00"
IOP,0.00042159,"2017-12-23 14:35:00"
IOP,0.0004181,"2017-12-23 14:40:00"
IOP,0.0004181,"2017-12-23 14:45:00"
IOP,0.0004181,"2017-12-23 14:50:00"
IOP,0.0004181,"2017-12-23 14:55:00"
IOP,0.000427,"2017-12-23 15:00:00"
IOP,0.000428,"2017-12-23 15:05:00"
IOP,0.000425,"2017-12-23 15:10:00"
IOP,0.00042399,"2017-12-23 15:15:00"
IOP,0.00042916,"2017-12-23 15:20:00"
IOP,0.00042916,"2017-12-23 15:25:00"
IOP,0.0004292,"2017-12-23 15:30:00"
IOP,0.00042036,"2017-12-23 15:35:00"
IOP,0.00042036,"2017-12-23 15:40:00"
IOP,0.00042905,"2017-12-23 15:45:00"
IOP,0.00043925,"2017-12-23 15:50:00"
IOP,0.00044082,"2017-12-23 15:55:00"
IOP,0.0004448,"2017-12-23 16:00:00"
IOP,0.00044049,"2017-12-23 16:05:00"
IOP,0.00043225,"2017-12-23 16:10:00"
IOP,0.00043225,"2017-12-23 16:15:00"
IOP,0.00044087,"2017-12-23 16:20:00"
IOP,0.0004439,"2017-12-23 16:25:00"
IOP,0.00043501,"2017-12-23 16:30:00"
IOP,0.00043188,"2017-12-23 16:35:00"
IOP,0.00042704,"2017-12-23 16:40:00"
IOP,0.00043516,"2017-12-23 16:45:00"
IOP,0.00043517,"2017-12-23 16:50:00"
IOP,0.000433,"2017-12-23 16:55:00"
IOP,0.00043659,"2017-12-23 17:00:00"
IOP,0.0004366,"2017-12-23 17:05:00"
IOP,0.00044091,"2017-12-23 17:10:00"
IOP,0.000441,"2017-12-23 17:15:00"
IOP,0.00043581,"2017-12-23 17:20:00"
IOP,0.00043999,"2017-12-23 17:25:00"
IOP,0.00044189,"2017-12-23 17:30:00"
IOP,0.00044399,"2017-12-23 17:35:00"
IOP,0.00044514,"2017-12-23 17:40:00"
IOP,0.00045421,"2017-12-23 17:45:00"
IOP,0.00044509,"2017-12-23 17:50:00"
IOP,0.00045,"2017-12-23 17:55:00"
IOP,0.00045284,"2017-12-23 18:00:00"
IOP,0.00044998,"2017-12-23 18:05:00"
IOP,0.00044997,"2017-12-23 18:10:00"
IOP,0.00045281,"2017-12-23 18:15:00"
IOP,0.00044851,"2017-12-23 18:20:00"
IOP,0.00044784,"2017-12-23 18:25:00"
IOP,0.00044785,"2017-12-23 18:30:00"
IOP,0.00044785,"2017-12-23 18:35:00"
IOP,0.00044396,"2017-12-23 18:40:00"
IOP,0.000444,"2017-12-23 18:45:00"
IOP,0.00044912,"2017-12-23 18:50:00"
IOP,0.00044405,"2017-12-23 18:55:00"
IOP,0.0004442,"2017-12-23 19:00:00"
IOP,0.00045,"2017-12-23 19:05:00"
IOP,0.0004565,"2017-12-23 19:10:00"
IOP,0.0004603,"2017-12-23 19:15:00"
IOP,0.00046006,"2017-12-23 19:20:00"
IOP,0.00045812,"2017-12-23 19:25:00"
IOP,0.00045965,"2017-12-23 19:30:00"
IOP,0.00045811,"2017-12-23 19:35:00"
IOP,0.00045811,"2017-12-23 19:40:00"
IOP,0.0004576,"2017-12-23 19:45:00"
IOP,0.000455,"2017-12-23 19:50:00"
IOP,0.000452,"2017-12-23 19:55:00"
IOP,0.00045349,"2017-12-23 20:00:00"
IOP,0.000463,"2017-12-23 20:05:00"
IOP,0.00046666,"2017-12-23 20:10:00"
IOP,0.00046847,"2017-12-23 20:15:00"
IOP,0.00046899,"2017-12-23 20:20:00"
IOP,0.00046002,"2017-12-23 20:25:00"
IOP,0.000455,"2017-12-23 20:30:00"
IOP,0.00045543,"2017-12-23 20:35:00"
IOP,0.0004598,"2017-12-23 20:40:00"
IOP,0.00045543,"2017-12-23 20:45:00"
IOP,0.00045544,"2017-12-23 20:50:00"
IOP,0.000459,"2017-12-23 20:55:00"
IOP,0.000459,"2017-12-23 21:00:00"
IOP,0.00045562,"2017-12-23 21:05:00"
IOP,0.0004548,"2017-12-23 21:10:00"
IOP,0.0004535,"2017-12-23 21:15:00"
IOP,0.0004535,"2017-12-23 21:20:00"
IOP,0.0004535,"2017-12-23 21:25:00"
IOP,0.00045995,"2017-12-23 21:30:00"
IOP,0.00045991,"2017-12-23 21:35:00"
IOP,0.00045304,"2017-12-23 21:40:00"
IOP,0.00045313,"2017-12-23 21:45:00"
IOP,0.00045947,"2017-12-23 21:50:00"
IOP,0.0004541,"2017-12-23 21:55:00"
IOP,0.0004541,"2017-12-23 22:00:00"
IOP,0.00045411,"2017-12-23 22:05:00"
IOP,0.00045914,"2017-12-23 22:10:00"
IOP,0.00045304,"2017-12-23 22:15:00"
IOP,0.0004521,"2017-12-23 22:20:00"
IOP,0.00045,"2017-12-23 22:25:00"
IOP,0.00044842,"2017-12-23 22:30:00"
IOP,0.000447,"2017-12-23 22:35:00"
IOP,0.000447,"2017-12-23 22:40:00"
IOP,0.00044797,"2017-12-23 22:45:00"
IOP,0.00044701,"2017-12-23 22:50:00"
IOP,0.00044699,"2017-12-23 22:55:00"
IOP,0.00044385,"2017-12-23 23:00:00"
IOP,0.00044375,"2017-12-23 23:05:00"
IOP,0.00044113,"2017-12-23 23:10:00"
IOP,0.0004437,"2017-12-23 23:15:00"
IOP,0.00044666,"2017-12-23 23:20:00"
IOP,0.00044392,"2017-12-23 23:25:00"
IOP,0.00044974,"2017-12-23 23:30:00"
IOP,0.00044436,"2017-12-23 23:35:00"
IOP,0.00044918,"2017-12-23 23:40:00"
IOP,0.000444,"2017-12-23 23:45:00"
IOP,0.00044392,"2017-12-23 23:50:00"
IOP,0.00044068,"2017-12-23 23:55:00"
IOP,0.00042912,"2017-12-24 00:00:00"
IOP,0.000434,"2017-12-24 00:05:00"
IOP,0.00043734,"2017-12-24 00:10:00"
IOP,0.0004374,"2017-12-24 00:15:00"
IOP,0.00043545,"2017-12-24 00:20:00"
IOP,0.00043557,"2017-12-24 00:25:00"
IOP,0.00044,"2017-12-24 00:30:00"
IOP,0.00044153,"2017-12-24 00:35:00"
IOP,0.00043362,"2017-12-24 00:40:00"
IOP,0.0004223,"2017-12-24 00:45:00"
IOP,0.0004223,"2017-12-24 00:50:00"
IOP,0.0004223,"2017-12-24 00:55:00"
IOP,0.00041803,"2017-12-24 01:00:00"
IOP,0.00041801,"2017-12-24 01:05:00"
IOP,0.00041078,"2017-12-24 01:10:00"
IOP,0.00041089,"2017-12-24 01:15:00"
IOP,0.00040695,"2017-12-24 01:20:00"
IOP,0.000414,"2017-12-24 01:25:00"
IOP,0.000412,"2017-12-24 01:30:00"
IOP,0.00040856,"2017-12-24 01:35:00"
IOP,0.00041569,"2017-12-24 01:40:00"
IOP,0.0004159,"2017-12-24 01:45:00"
IOP,0.00041594,"2017-12-24 01:50:00"
IOP,0.00041751,"2017-12-24 01:55:00"
IOP,0.00041011,"2017-12-24 02:00:00"
IOP,0.00040915,"2017-12-24 02:05:00"
IOP,0.00041748,"2017-12-24 02:10:00"
IOP,0.00042301,"2017-12-24 02:15:00"
IOP,0.000443,"2017-12-24 02:20:00"
IOP,0.00043168,"2017-12-24 02:25:00"
IOP,0.0004393,"2017-12-24 02:30:00"
IOP,0.00043,"2017-12-24 02:35:00"
IOP,0.00043252,"2017-12-24 02:40:00"
IOP,0.00043266,"2017-12-24 02:45:00"
IOP,0.00042312,"2017-12-24 02:50:00"
IOP,0.00042312,"2017-12-24 02:55:00"
IOP,0.000425,"2017-12-24 03:00:00"
IOP,0.00043899,"2017-12-24 03:05:00"
IOP,0.00043243,"2017-12-24 03:10:00"
IOP,0.00042187,"2017-12-24 03:15:00"
IOP,0.000421,"2017-12-24 03:20:00"
IOP,0.000419,"2017-12-24 03:25:00"
IOP,0.00042015,"2017-12-24 03:30:00"
IOP,0.00042046,"2017-12-24 03:35:00"
IOP,0.00042028,"2017-12-24 03:40:00"
IOP,0.00042033,"2017-12-24 03:45:00"
IOP,0.00042035,"2017-12-24 03:50:00"
IOP,0.0004271,"2017-12-24 03:55:00"
IOP,0.00041318,"2017-12-24 04:00:00"
IOP,0.00041748,"2017-12-24 04:05:00"
IOP,0.0004159,"2017-12-24 04:10:00"
IOP,0.00041597,"2017-12-24 04:15:00"
IOP,0.0004215,"2017-12-24 04:20:00"
IOP,0.00042498,"2017-12-24 04:25:00"
IOP,0.0004281,"2017-12-24 04:30:00"
IOP,0.00042581,"2017-12-24 04:35:00"
IOP,0.00042904,"2017-12-24 04:40:00"
IOP,0.00042314,"2017-12-24 04:45:00"
IOP,0.00043,"2017-12-24 04:50:00"
IOP,0.00043,"2017-12-24 04:55:00"
IOP,0.00043775,"2017-12-24 05:00:00"
IOP,0.00044304,"2017-12-24 05:05:00"
IOP,0.00043232,"2017-12-24 05:10:00"
IOP,0.00043535,"2017-12-24 05:15:00"
IOP,0.000441,"2017-12-24 05:20:00"
IOP,0.00044002,"2017-12-24 05:25:00"
IOP,0.00044365,"2017-12-24 05:30:00"
IOP,0.0004439,"2017-12-24 05:35:00"
IOP,0.00044003,"2017-12-24 05:40:00"
IOP,0.00043018,"2017-12-24 05:45:00"
IOP,0.00043138,"2017-12-24 05:50:00"
IOP,0.0004364,"2017-12-24 05:55:00"
IOP,0.00043168,"2017-12-24 06:00:00"
IOP,0.00042999,"2017-12-24 06:05:00"
IOP,0.00042565,"2017-12-24 06:10:00"
IOP,0.00042174,"2017-12-24 06:15:00"
IOP,0.00043644,"2017-12-24 06:20:00"
IOP,0.00043608,"2017-12-24 06:25:00"
IOP,0.00044,"2017-12-24 06:30:00"
IOP,0.00044263,"2017-12-24 06:35:00"
IOP,0.00044252,"2017-12-24 06:40:00"
IOP,0.0004402,"2017-12-24 06:45:00"
IOP,0.00044253,"2017-12-24 06:50:00"
IOP,0.00044884,"2017-12-24 06:55:00"
IOP,0.00044501,"2017-12-24 07:00:00"
IOP,0.00045188,"2017-12-24 07:05:00"
IOP,0.00044456,"2017-12-24 07:10:00"
IOP,0.00044444,"2017-12-24 07:15:00"
IOP,0.00042964,"2017-12-24 07:20:00"
IOP,0.00043273,"2017-12-24 07:25:00"
IOP,0.00042847,"2017-12-24 07:30:00"
IOP,0.00043523,"2017-12-24 07:35:00"
IOP,0.00043399,"2017-12-24 07:40:00"
IOP,0.00043,"2017-12-24 07:45:00"
IOP,0.00044,"2017-12-24 07:50:00"
IOP,0.00043992,"2017-12-24 07:55:00"
IOP,0.00043992,"2017-12-24 08:00:00"
IOP,0.00043493,"2017-12-24 08:05:00"
IOP,0.0004339,"2017-12-24 08:10:00"
IOP,0.00044,"2017-12-24 08:15:00"
IOP,0.0004323,"2017-12-24 08:20:00"
IOP,0.00043301,"2017-12-24 08:25:00"
IOP,0.00043586,"2017-12-24 08:30:00"
IOP,0.00043957,"2017-12-24 08:35:00"
IOP,0.00043306,"2017-12-24 08:40:00"
IOP,0.00043258,"2017-12-24 08:45:00"
IOP,0.00043264,"2017-12-24 08:50:00"
IOP,0.0004379,"2017-12-24 08:55:00"
IOP,0.00043271,"2017-12-24 09:00:00"
IOP,0.00043667,"2017-12-24 09:05:00"
IOP,0.00043668,"2017-12-24 09:10:00"
IOP,0.00043303,"2017-12-24 09:15:00"
IOP,0.00043667,"2017-12-24 09:20:00"
IOP,0.00043668,"2017-12-24 09:25:00"
IOP,0.0004394,"2017-12-24 09:30:00"
IOP,0.00044205,"2017-12-24 09:35:00"
IOP,0.00044206,"2017-12-24 09:40:00"
IOP,0.0004421,"2017-12-24 09:45:00"
IOP,0.00044212,"2017-12-24 09:50:00"
IOP,0.00044694,"2017-12-24 09:55:00"
IOP,0.000447,"2017-12-24 10:00:00"
IOP,0.0004512,"2017-12-24 10:05:00"
IOP,0.00045267,"2017-12-24 10:10:00"
IOP,0.00044231,"2017-12-24 10:15:00"
IOP,0.00044604,"2017-12-24 10:20:00"
IOP,0.00044603,"2017-12-24 10:25:00"
IOP,0.00044985,"2017-12-24 10:30:00"
IOP,0.00044987,"2017-12-24 10:35:00"
IOP,0.00045023,"2017-12-24 10:40:00"
IOP,0.00045,"2017-12-24 10:45:00"
IOP,0.00045031,"2017-12-24 10:50:00"
IOP,0.00044606,"2017-12-24 10:55:00"
IOP,0.00044604,"2017-12-24 11:00:00"
IOP,0.00044,"2017-12-24 11:05:00"
IOP,0.00043866,"2017-12-24 11:10:00"
IOP,0.00043796,"2017-12-24 11:15:00"
IOP,0.00043795,"2017-12-24 11:20:00"
IOP,0.00043796,"2017-12-24 11:25:00"
IOP,0.000446,"2017-12-24 11:30:00"
IOP,0.00043728,"2017-12-24 11:35:00"
IOP,0.0004398,"2017-12-24 11:40:00"
IOP,0.00043771,"2017-12-24 11:45:00"
IOP,0.00043725,"2017-12-24 11:50:00"
IOP,0.00043725,"2017-12-24 11:55:00"
IOP,0.0004305,"2017-12-24 12:00:00"
IOP,0.000422,"2017-12-24 12:05:00"
IOP,0.00042952,"2017-12-24 12:10:00"
IOP,0.00042306,"2017-12-24 12:15:00"
IOP,0.000422,"2017-12-24 12:20:00"
IOP,0.00041306,"2017-12-24 12:25:00"
IOP,0.00041649,"2017-12-24 12:30:00"
IOP,0.000414,"2017-12-24 12:35:00"
IOP,0.0004165,"2017-12-24 12:40:00"
IOP,0.00043228,"2017-12-24 12:45:00"
IOP,0.0004314,"2017-12-24 12:50:00"
IOP,0.00042001,"2017-12-24 12:55:00"
IOP,0.00042001,"2017-12-24 13:00:00"
IOP,0.00042001,"2017-12-24 13:05:00"
IOP,0.00042,"2017-12-24 13:10:00"
IOP,0.00041306,"2017-12-24 13:15:00"
IOP,0.00041845,"2017-12-24 13:20:00"
IOP,0.0004178,"2017-12-24 13:25:00"
IOP,0.00041338,"2017-12-24 13:30:00"
IOP,0.0004134,"2017-12-24 13:35:00"
IOP,0.00041325,"2017-12-24 13:40:00"
IOP,0.00040821,"2017-12-24 13:45:00"
IOP,0.00042999,"2017-12-24 13:50:00"
IOP,0.00042336,"2017-12-24 13:55:00"
IOP,0.00042957,"2017-12-24 14:00:00"
IOP,0.0004295,"2017-12-24 14:05:00"
IOP,0.00043022,"2017-12-24 14:10:00"
IOP,0.0004359,"2017-12-24 14:15:00"
IOP,0.00043591,"2017-12-24 14:20:00"
IOP,0.00043157,"2017-12-24 14:25:00"
IOP,0.00042502,"2017-12-24 14:30:00"
IOP,0.00043,"2017-12-24 14:35:00"
IOP,0.0004277,"2017-12-24 14:40:00"
IOP,0.00042789,"2017-12-24 14:45:00"
IOP,0.00042794,"2017-12-24 14:50:00"
IOP,0.0004227,"2017-12-24 14:55:00"
IOP,0.00042233,"2017-12-24 15:00:00"
IOP,0.00041499,"2017-12-24 15:05:00"
IOP,0.00042914,"2017-12-24 15:10:00"
IOP,0.0004254,"2017-12-24 15:15:00"
IOP,0.00042792,"2017-12-24 15:20:00"
IOP,0.00043595,"2017-12-24 15:25:00"
IOP,0.00042543,"2017-12-24 15:30:00"
IOP,0.00042544,"2017-12-24 15:35:00"
IOP,0.0004296,"2017-12-24 15:40:00"
IOP,0.00043495,"2017-12-24 15:45:00"
IOP,0.00043483,"2017-12-24 15:50:00"
IOP,0.000435,"2017-12-24 15:55:00"
IOP,0.000437,"2017-12-24 16:00:00"
IOP,0.00042544,"2017-12-24 16:05:00"
IOP,0.00042808,"2017-12-24 16:10:00"
IOP,0.00042797,"2017-12-24 16:15:00"
IOP,0.00042677,"2017-12-24 16:20:00"
IOP,0.00043395,"2017-12-24 16:25:00"
IOP,0.00042678,"2017-12-24 16:30:00"
IOP,0.00042339,"2017-12-24 16:35:00"
IOP,0.00042339,"2017-12-24 16:40:00"
IOP,0.000422,"2017-12-24 16:45:00"
IOP,0.00042288,"2017-12-24 16:50:00"
IOP,0.00042201,"2017-12-24 16:55:00"
IOP,0.00043384,"2017-12-24 17:00:00"
IOP,0.00043385,"2017-12-24 17:05:00"
IOP,0.00043385,"2017-12-24 17:10:00"
IOP,0.0004355,"2017-12-24 17:15:00"
IOP,0.00043997,"2017-12-24 17:20:00"
IOP,0.00044,"2017-12-24 17:25:00"
IOP,0.00044609,"2017-12-24 17:30:00"
IOP,0.00044012,"2017-12-24 17:35:00"
IOP,0.00043698,"2017-12-24 17:40:00"
IOP,0.00043679,"2017-12-24 17:45:00"
IOP,0.00043691,"2017-12-24 17:50:00"
IOP,0.0004372,"2017-12-24 17:55:00"
IOP,0.00043679,"2017-12-24 18:00:00"
IOP,0.00043686,"2017-12-24 18:05:00"
IOP,0.000433,"2017-12-24 18:10:00"
IOP,0.00043,"2017-12-24 18:15:00"
IOP,0.00042725,"2017-12-24 18:20:00"
IOP,0.00042751,"2017-12-24 18:25:00"
IOP,0.00043291,"2017-12-24 18:30:00"
IOP,0.00043,"2017-12-24 18:35:00"
IOP,0.00043001,"2017-12-24 18:40:00"
IOP,0.00043711,"2017-12-24 18:45:00"
IOP,0.00044375,"2017-12-24 18:50:00"
IOP,0.00043754,"2017-12-24 18:55:00"
IOP,0.00043711,"2017-12-24 19:00:00"
IOP,0.00043711,"2017-12-24 19:05:00"
IOP,0.00043362,"2017-12-24 19:10:00"
IOP,0.00043289,"2017-12-24 19:15:00"
IOP,0.00043412,"2017-12-24 19:20:00"
IOP,0.0004424,"2017-12-24 19:25:00"
IOP,0.00043282,"2017-12-24 19:30:00"
IOP,0.0004418,"2017-12-24 19:35:00"
IOP,0.00043666,"2017-12-24 19:40:00"
IOP,0.00043493,"2017-12-24 19:45:00"
IOP,0.00043994,"2017-12-24 19:50:00"
IOP,0.00043996,"2017-12-24 19:55:00"
IOP,0.00043995,"2017-12-24 20:00:00"
IOP,0.00043997,"2017-12-24 20:05:00"
IOP,0.00043997,"2017-12-24 20:10:00"
IOP,0.000435,"2017-12-24 20:15:00"
IOP,0.00043,"2017-12-24 20:20:00"
IOP,0.00042999,"2017-12-24 20:25:00"
IOP,0.00042999,"2017-12-24 20:30:00"
IOP,0.00043,"2017-12-24 20:35:00"
IOP,0.00043486,"2017-12-24 20:40:00"
IOP,0.000431,"2017-12-24 20:45:00"
IOP,0.00043484,"2017-12-24 20:50:00"
IOP,0.00043108,"2017-12-24 20:55:00"
IOP,0.0004343,"2017-12-24 21:00:00"
IOP,0.00043109,"2017-12-24 21:05:00"
IOP,0.00043111,"2017-12-24 21:10:00"
IOP,0.00043449,"2017-12-24 21:15:00"
IOP,0.0004281,"2017-12-24 21:20:00"
IOP,0.00043441,"2017-12-24 21:25:00"
IOP,0.00042865,"2017-12-24 21:30:00"
IOP,0.00043,"2017-12-24 21:35:00"
IOP,0.00043002,"2017-12-24 21:40:00"
IOP,0.00043003,"2017-12-24 21:45:00"
IOP,0.00043317,"2017-12-24 21:50:00"
IOP,0.00043315,"2017-12-24 21:55:00"
IOP,0.00042862,"2017-12-24 22:00:00"
IOP,0.00043315,"2017-12-24 22:05:00"
IOP,0.00042869,"2017-12-24 22:10:00"
IOP,0.0004345,"2017-12-24 22:15:00"
IOP,0.00043,"2017-12-24 22:20:00"
IOP,0.00043982,"2017-12-24 22:25:00"
IOP,0.0004335,"2017-12-24 22:30:00"
IOP,0.00043798,"2017-12-24 22:35:00"
IOP,0.00043983,"2017-12-24 22:40:00"
IOP,0.00044114,"2017-12-24 22:45:00"
IOP,0.00043541,"2017-12-24 22:50:00"
IOP,0.000435,"2017-12-24 22:55:00"
IOP,0.00043054,"2017-12-24 23:00:00"
IOP,0.00043495,"2017-12-24 23:05:00"
IOP,0.00043495,"2017-12-24 23:10:00"
IOP,0.00043494,"2017-12-24 23:15:00"
IOP,0.00044119,"2017-12-24 23:20:00"
IOP,0.00043603,"2017-12-24 23:25:00"
IOP,0.00043801,"2017-12-24 23:30:00"
IOP,0.00044198,"2017-12-24 23:35:00"
IOP,0.00043604,"2017-12-24 23:40:00"
IOP,0.00044197,"2017-12-24 23:45:00"
IOP,0.00044443,"2017-12-24 23:50:00"
IOP,0.000446,"2017-12-24 23:55:00"
IOP,0.000444,"2017-12-25 00:00:00"
IOP,0.00043793,"2017-12-25 00:05:00"
IOP,0.0004439,"2017-12-25 00:10:00"
IOP,0.00043913,"2017-12-25 00:15:00"
IOP,0.00044398,"2017-12-25 00:20:00"
IOP,0.0004405,"2017-12-25 00:25:00"
IOP,0.000439,"2017-12-25 00:30:00"
IOP,0.000436,"2017-12-25 00:35:00"
IOP,0.00043205,"2017-12-25 00:40:00"
IOP,0.00043604,"2017-12-25 00:45:00"
IOP,0.00044,"2017-12-25 00:50:00"
IOP,0.00044602,"2017-12-25 00:55:00"
IOP,0.00044735,"2017-12-25 01:00:00"
IOP,0.00044737,"2017-12-25 01:05:00"
IOP,0.00044737,"2017-12-25 01:10:00"
IOP,0.0004473,"2017-12-25 01:15:00"
IOP,0.00044301,"2017-12-25 01:20:00"
IOP,0.000448,"2017-12-25 01:25:00"
IOP,0.000451,"2017-12-25 01:30:00"
IOP,0.00045801,"2017-12-25 01:35:00"
IOP,0.00045953,"2017-12-25 01:40:00"
IOP,0.00045953,"2017-12-25 01:45:00"
IOP,0.00046041,"2017-12-25 01:50:00"
IOP,0.00045,"2017-12-25 01:55:00"
IOP,0.00044899,"2017-12-25 02:00:00"
IOP,0.00044859,"2017-12-25 02:05:00"
IOP,0.00044209,"2017-12-25 02:10:00"
IOP,0.00044788,"2017-12-25 02:15:00"
IOP,0.00045346,"2017-12-25 02:20:00"
IOP,0.00046239,"2017-12-25 02:25:00"
IOP,0.00045366,"2017-12-25 02:30:00"
IOP,0.00045379,"2017-12-25 02:35:00"
IOP,0.00045347,"2017-12-25 02:40:00"
IOP,0.00045175,"2017-12-25 02:45:00"
IOP,0.00045346,"2017-12-25 02:50:00"
IOP,0.00046359,"2017-12-25 02:55:00"
IOP,0.00046,"2017-12-25 03:00:00"
IOP,0.00045999,"2017-12-25 03:05:00"
IOP,0.00046362,"2017-12-25 03:10:00"
IOP,0.00046699,"2017-12-25 03:15:00"
IOP,0.00047332,"2017-12-25 03:20:00"
IOP,0.00047,"2017-12-25 03:25:00"
IOP,0.00047,"2017-12-25 03:30:00"
IOP,0.00046124,"2017-12-25 03:35:00"
IOP,0.00046,"2017-12-25 03:40:00"
IOP,0.00046125,"2017-12-25 03:45:00"
IOP,0.00047,"2017-12-25 03:50:00"
IOP,0.00047251,"2017-12-25 03:55:00"
IOP,0.00046555,"2017-12-25 04:00:00"
IOP,0.00046288,"2017-12-25 04:05:00"
IOP,0.00045742,"2017-12-25 04:10:00"
IOP,0.00045983,"2017-12-25 04:15:00"
IOP,0.00045742,"2017-12-25 04:20:00"
IOP,0.00046058,"2017-12-25 04:25:00"
IOP,0.00045862,"2017-12-25 04:30:00"
IOP,0.00046078,"2017-12-25 04:35:00"
IOP,0.00047,"2017-12-25 04:40:00"
IOP,0.00046513,"2017-12-25 04:45:00"
IOP,0.0004696,"2017-12-25 04:50:00"
IOP,0.00046979,"2017-12-25 04:55:00"
IOP,0.00047,"2017-12-25 05:00:00"
IOP,0.00046998,"2017-12-25 05:05:00"
IOP,0.00045822,"2017-12-25 05:10:00"
IOP,0.00046034,"2017-12-25 05:15:00"
IOP,0.00046763,"2017-12-25 05:20:00"
IOP,0.00046253,"2017-12-25 05:25:00"
IOP,0.00046042,"2017-12-25 05:30:00"
IOP,0.000465,"2017-12-25 05:35:00"
IOP,0.00047165,"2017-12-25 05:40:00"
IOP,0.00046611,"2017-12-25 05:45:00"
IOP,0.00046622,"2017-12-25 05:50:00"
IOP,0.00046611,"2017-12-25 05:55:00"
IOP,0.000466,"2017-12-25 06:00:00"
IOP,0.00047,"2017-12-25 06:05:00"
IOP,0.00047248,"2017-12-25 06:10:00"
IOP,0.00046713,"2017-12-25 06:15:00"
IOP,0.0004697,"2017-12-25 06:20:00"
IOP,0.00046955,"2017-12-25 06:25:00"
IOP,0.00047599,"2017-12-25 06:30:00"
IOP,0.00047817,"2017-12-25 06:35:00"
IOP,0.00047819,"2017-12-25 06:40:00"
IOP,0.00047501,"2017-12-25 06:45:00"
IOP,0.0004752,"2017-12-25 06:50:00"
IOP,0.00048057,"2017-12-25 06:55:00"
IOP,0.0005,"2017-12-25 07:00:00"
IOP,0.00047999,"2017-12-25 07:05:00"
IOP,0.00048,"2017-12-25 07:10:00"
IOP,0.00047011,"2017-12-25 07:15:00"
IOP,0.00047446,"2017-12-25 07:20:00"
IOP,0.00048865,"2017-12-25 07:25:00"
IOP,0.00048047,"2017-12-25 07:30:00"
IOP,0.000475,"2017-12-25 07:35:00"
IOP,0.0004711,"2017-12-25 07:40:00"
IOP,0.00047041,"2017-12-25 07:45:00"
IOP,0.00047042,"2017-12-25 07:50:00"
IOP,0.00047456,"2017-12-25 07:55:00"
IOP,0.00047536,"2017-12-25 08:00:00"
IOP,0.00047529,"2017-12-25 08:05:00"
IOP,0.00048399,"2017-12-25 08:10:00"
IOP,0.00048536,"2017-12-25 08:15:00"
IOP,0.00048501,"2017-12-25 08:20:00"
IOP,0.000484,"2017-12-25 08:25:00"
IOP,0.0004843,"2017-12-25 08:30:00"
IOP,0.00048859,"2017-12-25 08:35:00"
IOP,0.00049,"2017-12-25 08:40:00"
IOP,0.0005,"2017-12-25 08:45:00"
IOP,0.0005,"2017-12-25 08:50:00"
IOP,0.00051164,"2017-12-25 08:55:00"
IOP,0.000515,"2017-12-25 09:00:00"
IOP,0.00050913,"2017-12-25 09:05:00"
IOP,0.00050941,"2017-12-25 09:10:00"
IOP,0.00051318,"2017-12-25 09:15:00"
IOP,0.00050943,"2017-12-25 09:20:00"
IOP,0.00050944,"2017-12-25 09:25:00"
IOP,0.00050104,"2017-12-25 09:30:00"
IOP,0.00049023,"2017-12-25 09:35:00"
IOP,0.000494,"2017-12-25 09:40:00"
IOP,0.00049099,"2017-12-25 09:45:00"
IOP,0.00048201,"2017-12-25 09:50:00"
IOP,0.000491,"2017-12-25 09:55:00"
IOP,0.000491,"2017-12-25 10:00:00"
IOP,0.00048201,"2017-12-25 10:05:00"
IOP,0.000482,"2017-12-25 10:10:00"
IOP,0.00048243,"2017-12-25 10:15:00"
IOP,0.00049244,"2017-12-25 10:20:00"
IOP,0.00048903,"2017-12-25 10:25:00"
IOP,0.0004875,"2017-12-25 10:30:00"
IOP,0.00048109,"2017-12-25 10:35:00"
IOP,0.00047777,"2017-12-25 10:40:00"
IOP,0.00048303,"2017-12-25 10:45:00"
IOP,0.00051417,"2017-12-25 10:50:00"
IOP,0.0005003,"2017-12-25 10:55:00"
IOP,0.00050004,"2017-12-25 11:00:00"
IOP,0.000503,"2017-12-25 11:05:00"
IOP,0.00050665,"2017-12-25 11:10:00"
IOP,0.00050709,"2017-12-25 11:15:00"
IOP,0.000511,"2017-12-25 11:20:00"
IOP,0.00050728,"2017-12-25 11:25:00"
IOP,0.000511,"2017-12-25 11:30:00"
IOP,0.00051171,"2017-12-25 11:35:00"
IOP,0.0005119,"2017-12-25 11:40:00"
IOP,0.000511,"2017-12-25 11:45:00"
IOP,0.000509,"2017-12-25 11:50:00"
IOP,0.000505,"2017-12-25 11:55:00"
IOP,0.000506,"2017-12-25 12:00:00"
IOP,0.00050103,"2017-12-25 12:05:00"
IOP,0.00050295,"2017-12-25 12:10:00"
IOP,0.00050294,"2017-12-25 12:15:00"
IOP,0.0005015,"2017-12-25 12:20:00"
IOP,0.000501,"2017-12-25 12:25:00"
IOP,0.00050603,"2017-12-25 12:30:00"
IOP,0.00050788,"2017-12-25 12:35:00"
IOP,0.00050009,"2017-12-25 12:40:00"
IOP,0.00050743,"2017-12-25 12:45:00"
IOP,0.00051319,"2017-12-25 12:50:00"
IOP,0.00051799,"2017-12-25 12:55:00"
IOP,0.00051,"2017-12-25 13:00:00"
IOP,0.00052668,"2017-12-25 13:05:00"
IOP,0.0005489,"2017-12-25 13:10:00"
IOP,0.0005379,"2017-12-25 13:15:00"
IOP,0.000529,"2017-12-25 13:20:00"
IOP,0.00052501,"2017-12-25 13:25:00"
IOP,0.0005289,"2017-12-25 13:30:00"
IOP,0.00053646,"2017-12-25 13:35:00"
IOP,0.00054319,"2017-12-25 13:40:00"
IOP,0.00054,"2017-12-25 13:45:00"
IOP,0.000529,"2017-12-25 13:50:00"
IOP,0.00052968,"2017-12-25 13:55:00"
IOP,0.00051312,"2017-12-25 14:00:00"
IOP,0.000513,"2017-12-25 14:05:00"
IOP,0.00049801,"2017-12-25 14:10:00"
IOP,0.00051758,"2017-12-25 14:15:00"
IOP,0.00051543,"2017-12-25 14:20:00"
IOP,0.00051017,"2017-12-25 14:25:00"
IOP,0.00051,"2017-12-25 14:30:00"
IOP,0.0005,"2017-12-25 14:35:00"
IOP,0.00051,"2017-12-25 14:40:00"
IOP,0.00051108,"2017-12-25 14:45:00"
IOP,0.000516,"2017-12-25 14:50:00"
IOP,0.0005193,"2017-12-25 14:55:00"
IOP,0.00051,"2017-12-25 15:00:00"
IOP,0.00051,"2017-12-25 15:05:00"
IOP,0.00050909,"2017-12-25 15:10:00"
IOP,0.0005025,"2017-12-25 15:15:00"
IOP,0.0005025,"2017-12-25 15:20:00"
IOP,0.00049802,"2017-12-25 15:25:00"
IOP,0.00049841,"2017-12-25 15:30:00"
IOP,0.00049897,"2017-12-25 15:35:00"
IOP,0.0005,"2017-12-25 15:40:00"
IOP,0.00050078,"2017-12-25 15:45:00"
IOP,0.00051,"2017-12-25 15:50:00"
IOP,0.00050746,"2017-12-25 15:55:00"
IOP,0.00050251,"2017-12-25 16:00:00"
IOP,0.00050252,"2017-12-25 16:05:00"
IOP,0.00050729,"2017-12-25 16:10:00"
IOP,0.00050729,"2017-12-25 16:15:00"
IOP,0.0005073,"2017-12-25 16:20:00"
IOP,0.000511,"2017-12-25 16:25:00"
IOP,0.000512,"2017-12-25 16:30:00"
IOP,0.00051376,"2017-12-25 16:35:00"
IOP,0.00051489,"2017-12-25 16:40:00"
IOP,0.0005144,"2017-12-25 16:45:00"
IOP,0.00051546,"2017-12-25 16:50:00"
IOP,0.00051546,"2017-12-25 16:55:00"
IOP,0.00051982,"2017-12-25 17:00:00"
IOP,0.0005225,"2017-12-25 17:05:00"
IOP,0.00052915,"2017-12-25 17:10:00"
IOP,0.0005309,"2017-12-25 17:15:00"
IOP,0.00053591,"2017-12-25 17:20:00"
IOP,0.00052501,"2017-12-25 17:25:00"
IOP,0.00053297,"2017-12-25 17:30:00"
IOP,0.00052,"2017-12-25 17:35:00"
IOP,0.0005222,"2017-12-25 17:40:00"
IOP,0.00053003,"2017-12-25 17:45:00"
IOP,0.00053,"2017-12-25 17:50:00"
IOP,0.00052266,"2017-12-25 17:55:00"
IOP,0.00052251,"2017-12-25 18:00:00"
IOP,0.00052253,"2017-12-25 18:05:00"
IOP,0.00052306,"2017-12-25 18:10:00"
IOP,0.000522,"2017-12-25 18:15:00"
IOP,0.0005211,"2017-12-25 18:20:00"
IOP,0.00052104,"2017-12-25 18:25:00"
IOP,0.0005275,"2017-12-25 18:30:00"
IOP,0.000532,"2017-12-25 18:35:00"
IOP,0.0005385,"2017-12-25 18:40:00"
IOP,0.00054,"2017-12-25 18:45:00"
IOP,0.00053838,"2017-12-25 18:50:00"
IOP,0.000535,"2017-12-25 18:55:00"
IOP,0.0005428,"2017-12-25 19:00:00"
IOP,0.00053501,"2017-12-25 19:05:00"
IOP,0.00053789,"2017-12-25 19:10:00"
IOP,0.00054199,"2017-12-25 19:15:00"
IOP,0.00054277,"2017-12-25 19:20:00"
IOP,0.00054377,"2017-12-25 19:25:00"
IOP,0.00054,"2017-12-25 19:30:00"
IOP,0.0005399,"2017-12-25 19:35:00"
IOP,0.00053219,"2017-12-25 19:40:00"
IOP,0.00053055,"2017-12-25 19:45:00"
IOP,0.00053834,"2017-12-25 19:50:00"
IOP,0.000539,"2017-12-25 19:55:00"
IOP,0.0005442,"2017-12-25 20:00:00"
IOP,0.00054417,"2017-12-25 20:05:00"
IOP,0.0005442,"2017-12-25 20:10:00"
IOP,0.00054417,"2017-12-25 20:15:00"
IOP,0.00053901,"2017-12-25 20:20:00"
IOP,0.00053835,"2017-12-25 20:25:00"
IOP,0.00053836,"2017-12-25 20:30:00"
IOP,0.00053901,"2017-12-25 20:35:00"
IOP,0.0005479,"2017-12-25 20:40:00"
IOP,0.00054003,"2017-12-25 20:45:00"
IOP,0.00054423,"2017-12-25 20:50:00"
IOP,0.00054999,"2017-12-25 20:55:00"
IOP,0.00054999,"2017-12-25 21:00:00"
IOP,0.00054954,"2017-12-25 21:05:00"
IOP,0.00055298,"2017-12-25 21:10:00"
IOP,0.0005597,"2017-12-25 21:15:00"
IOP,0.00056,"2017-12-25 21:20:00"
IOP,0.00056014,"2017-12-25 21:25:00"
IOP,0.0005599,"2017-12-25 21:30:00"
IOP,0.00055869,"2017-12-25 21:35:00"
IOP,0.000548,"2017-12-25 21:40:00"
IOP,0.00054719,"2017-12-25 21:45:00"
IOP,0.00054127,"2017-12-25 21:50:00"
IOP,0.00054122,"2017-12-25 21:55:00"
IOP,0.000539,"2017-12-25 22:00:00"
IOP,0.00054524,"2017-12-25 22:05:00"
IOP,0.00053914,"2017-12-25 22:10:00"
IOP,0.00053107,"2017-12-25 22:15:00"
IOP,0.000536,"2017-12-25 22:20:00"
IOP,0.00054539,"2017-12-25 22:25:00"
IOP,0.00054478,"2017-12-25 22:30:00"
IOP,0.00053944,"2017-12-25 22:35:00"
IOP,0.00055347,"2017-12-25 22:40:00"
IOP,0.00055487,"2017-12-25 22:45:00"
IOP,0.0005549,"2017-12-25 22:50:00"
IOP,0.00054602,"2017-12-25 22:55:00"
IOP,0.00055199,"2017-12-25 23:00:00"
IOP,0.000555,"2017-12-25 23:05:00"
IOP,0.000552,"2017-12-25 23:10:00"
IOP,0.00056,"2017-12-25 23:15:00"
IOP,0.00056017,"2017-12-25 23:20:00"
IOP,0.00056491,"2017-12-25 23:25:00"
IOP,0.0005656,"2017-12-25 23:30:00"
IOP,0.00056437,"2017-12-25 23:35:00"
IOP,0.0005643,"2017-12-25 23:40:00"
IOP,0.0005598,"2017-12-25 23:45:00"
IOP,0.00055982,"2017-12-25 23:50:00"
IOP,0.0005598,"2017-12-25 23:55:00"
IOP,0.00055981,"2017-12-26 00:00:00"
IOP,0.00055983,"2017-12-26 00:05:00"
IOP,0.000564,"2017-12-26 00:10:00"
IOP,0.0005652,"2017-12-26 00:15:00"
IOP,0.000564,"2017-12-26 00:20:00"
IOP,0.00055536,"2017-12-26 00:25:00"
IOP,0.00054859,"2017-12-26 00:30:00"
IOP,0.00053109,"2017-12-26 00:35:00"
IOP,0.00053109,"2017-12-26 00:40:00"
IOP,0.00053113,"2017-12-26 00:45:00"
IOP,0.00051824,"2017-12-26 00:50:00"
IOP,0.0005123,"2017-12-26 00:55:00"
IOP,0.00051948,"2017-12-26 01:00:00"
IOP,0.00052499,"2017-12-26 01:05:00"
IOP,0.000527,"2017-12-26 01:10:00"
IOP,0.00053418,"2017-12-26 01:15:00"
IOP,0.00057,"2017-12-26 01:20:00"
IOP,0.000535,"2017-12-26 01:25:00"
IOP,0.00053718,"2017-12-26 01:30:00"
IOP,0.00054412,"2017-12-26 01:35:00"
IOP,0.00055064,"2017-12-26 01:40:00"
IOP,0.00056934,"2017-12-26 01:45:00"
IOP,0.00056545,"2017-12-26 01:50:00"
IOP,0.0005696,"2017-12-26 01:55:00"
IOP,0.00059566,"2017-12-26 02:00:00"
IOP,0.00058453,"2017-12-26 02:05:00"
IOP,0.00057821,"2017-12-26 02:10:00"
IOP,0.0005705,"2017-12-26 02:15:00"
IOP,0.00057821,"2017-12-26 02:20:00"
IOP,0.00058565,"2017-12-26 02:25:00"
IOP,0.00059103,"2017-12-26 02:30:00"
IOP,0.00059454,"2017-12-26 02:35:00"
IOP,0.000586,"2017-12-26 02:40:00"
IOP,0.00058606,"2017-12-26 02:45:00"
IOP,0.00058562,"2017-12-26 02:50:00"
IOP,0.00058561,"2017-12-26 02:55:00"
IOP,0.00058478,"2017-12-26 03:00:00"
IOP,0.00057491,"2017-12-26 03:05:00"
IOP,0.00056649,"2017-12-26 03:10:00"
IOP,0.0005687,"2017-12-26 03:15:00"
IOP,0.000574,"2017-12-26 03:20:00"
IOP,0.00057001,"2017-12-26 03:25:00"
IOP,0.00055997,"2017-12-26 03:30:00"
IOP,0.00057,"2017-12-26 03:35:00"
IOP,0.00058,"2017-12-26 03:40:00"
IOP,0.00057703,"2017-12-26 03:45:00"
IOP,0.0005721,"2017-12-26 03:50:00"
IOP,0.0005721,"2017-12-26 03:55:00"
IOP,0.00057572,"2017-12-26 04:00:00"
IOP,0.00057009,"2017-12-26 04:05:00"
IOP,0.00057245,"2017-12-26 04:10:00"
IOP,0.00056748,"2017-12-26 04:15:00"
IOP,0.00056665,"2017-12-26 04:20:00"
IOP,0.000567,"2017-12-26 04:25:00"
IOP,0.00057169,"2017-12-26 04:30:00"
IOP,0.00057,"2017-12-26 04:35:00"
IOP,0.00057148,"2017-12-26 04:40:00"
IOP,0.00057167,"2017-12-26 04:45:00"
IOP,0.00056668,"2017-12-26 04:50:00"
IOP,0.000551,"2017-12-26 04:55:00"
IOP,0.00052999,"2017-12-26 05:00:00"
IOP,0.000504,"2017-12-26 05:05:00"
IOP,0.00053573,"2017-12-26 05:10:00"
IOP,0.0005204,"2017-12-26 05:15:00"
IOP,0.00049051,"2017-12-26 05:20:00"
IOP,0.0004834,"2017-12-26 05:25:00"
IOP,0.00048351,"2017-12-26 05:30:00"
IOP,0.00050029,"2017-12-26 05:35:00"
IOP,0.00047745,"2017-12-26 05:40:00"
IOP,0.00046056,"2017-12-26 05:45:00"
IOP,0.000476,"2017-12-26 05:50:00"
IOP,0.00047034,"2017-12-26 05:55:00"
IOP,0.00047,"2017-12-26 06:00:00"
IOP,0.00046,"2017-12-26 06:05:00"
IOP,0.000441,"2017-12-26 06:10:00"
IOP,0.0004075,"2017-12-26 06:15:00"
IOP,0.00037261,"2017-12-26 06:20:00"
IOP,0.00041,"2017-12-26 06:25:00"
IOP,0.0004295,"2017-12-26 06:30:00"
IOP,0.00045652,"2017-12-26 06:35:00"
IOP,0.00044401,"2017-12-26 06:40:00"
IOP,0.000453,"2017-12-26 06:45:00"
IOP,0.00046494,"2017-12-26 06:50:00"
IOP,0.00046499,"2017-12-26 06:55:00"
IOP,0.000454,"2017-12-26 07:00:00"
IOP,0.00045874,"2017-12-26 07:05:00"
IOP,0.00045874,"2017-12-26 07:10:00"
IOP,0.00045872,"2017-12-26 07:15:00"
IOP,0.00045865,"2017-12-26 07:20:00"
IOP,0.00045875,"2017-12-26 07:25:00"
IOP,0.0004674,"2017-12-26 07:30:00"
IOP,0.00045874,"2017-12-26 07:35:00"
IOP,0.00045484,"2017-12-26 07:40:00"
IOP,0.00044999,"2017-12-26 07:45:00"
IOP,0.00043,"2017-12-26 07:50:00"
IOP,0.00041443,"2017-12-26 07:55:00"
IOP,0.00042516,"2017-12-26 08:00:00"
IOP,0.0004235,"2017-12-26 08:05:00"
IOP,0.00043251,"2017-12-26 08:10:00"
IOP,0.00044278,"2017-12-26 08:15:00"
IOP,0.00045623,"2017-12-26 08:20:00"
IOP,0.000454,"2017-12-26 08:25:00"
IOP,0.00044276,"2017-12-26 08:30:00"
IOP,0.00045076,"2017-12-26 08:35:00"
IOP,0.00044364,"2017-12-26 08:40:00"
IOP,0.00044333,"2017-12-26 08:45:00"
IOP,0.00044322,"2017-12-26 08:50:00"
IOP,0.00044783,"2017-12-26 08:55:00"
IOP,0.00044544,"2017-12-26 09:00:00"
IOP,0.00044774,"2017-12-26 09:05:00"
IOP,0.0004477,"2017-12-26 09:10:00"
IOP,0.00044101,"2017-12-26 09:15:00"
IOP,0.00044152,"2017-12-26 09:20:00"
IOP,0.00044578,"2017-12-26 09:25:00"
IOP,0.0004458,"2017-12-26 09:30:00"
IOP,0.0004477,"2017-12-26 09:35:00"
IOP,0.00045,"2017-12-26 09:40:00"
IOP,0.00045303,"2017-12-26 09:45:00"
IOP,0.000463,"2017-12-26 09:50:00"
IOP,0.00046401,"2017-12-26 09:55:00"
IOP,0.00046303,"2017-12-26 10:00:00"
IOP,0.00046304,"2017-12-26 10:05:00"
IOP,0.00046899,"2017-12-26 10:10:00"
IOP,0.00047421,"2017-12-26 10:15:00"
IOP,0.00047439,"2017-12-26 10:20:00"
IOP,0.00047431,"2017-12-26 10:25:00"
IOP,0.0004774,"2017-12-26 10:30:00"
IOP,0.0004772,"2017-12-26 10:35:00"
IOP,0.000478,"2017-12-26 10:40:00"
IOP,0.00048916,"2017-12-26 10:45:00"
IOP,0.00047431,"2017-12-26 10:50:00"
IOP,0.00046635,"2017-12-26 10:55:00"
IOP,0.000459,"2017-12-26 11:00:00"
IOP,0.00045218,"2017-12-26 11:05:00"
IOP,0.00045221,"2017-12-26 11:10:00"
IOP,0.00045,"2017-12-26 11:15:00"
IOP,0.00044499,"2017-12-26 11:20:00"
IOP,0.00044594,"2017-12-26 11:25:00"
IOP,0.00044017,"2017-12-26 11:30:00"
IOP,0.00044599,"2017-12-26 11:35:00"
IOP,0.00044651,"2017-12-26 11:40:00"
IOP,0.0004523,"2017-12-26 11:45:00"
IOP,0.00045678,"2017-12-26 11:50:00"
IOP,0.00045605,"2017-12-26 11:55:00"
IOP,0.00045602,"2017-12-26 12:00:00"
IOP,0.00045999,"2017-12-26 12:05:00"
IOP,0.00045532,"2017-12-26 12:10:00"
IOP,0.00045518,"2017-12-26 12:15:00"
IOP,0.00045192,"2017-12-26 12:20:00"
IOP,0.00045192,"2017-12-26 12:25:00"
IOP,0.00044646,"2017-12-26 12:30:00"
IOP,0.00044026,"2017-12-26 12:35:00"
IOP,0.00043799,"2017-12-26 12:40:00"
IOP,0.00043,"2017-12-26 12:45:00"
IOP,0.00043014,"2017-12-26 12:50:00"
IOP,0.00043243,"2017-12-26 12:55:00"
IOP,0.00043596,"2017-12-26 13:00:00"
IOP,0.00043333,"2017-12-26 13:05:00"
IOP,0.0004355,"2017-12-26 13:10:00"
IOP,0.00043598,"2017-12-26 13:15:00"
IOP,0.00044073,"2017-12-26 13:20:00"
IOP,0.00044474,"2017-12-26 13:25:00"
IOP,0.00043904,"2017-12-26 13:30:00"
IOP,0.00043898,"2017-12-26 13:35:00"
IOP,0.00043799,"2017-12-26 13:40:00"
IOP,0.000435,"2017-12-26 13:45:00"
IOP,0.00043799,"2017-12-26 13:50:00"
IOP,0.0004322,"2017-12-26 13:55:00"
IOP,0.00043797,"2017-12-26 14:00:00"
IOP,0.0004321,"2017-12-26 14:05:00"
IOP,0.00042286,"2017-12-26 14:10:00"
IOP,0.00042286,"2017-12-26 14:15:00"
IOP,0.00042289,"2017-12-26 14:20:00"
IOP,0.00042452,"2017-12-26 14:25:00"
IOP,0.00042161,"2017-12-26 14:30:00"
IOP,0.00042655,"2017-12-26 14:35:00"
IOP,0.00042312,"2017-12-26 14:40:00"
IOP,0.00042676,"2017-12-26 14:45:00"
IOP,0.00042668,"2017-12-26 14:50:00"
IOP,0.00042312,"2017-12-26 14:55:00"
IOP,0.00042591,"2017-12-26 15:00:00"
IOP,0.00042591,"2017-12-26 15:05:00"
IOP,0.00043475,"2017-12-26 15:10:00"
IOP,0.00043579,"2017-12-26 15:15:00"
IOP,0.00044562,"2017-12-26 15:20:00"
IOP,0.00043053,"2017-12-26 15:25:00"
IOP,0.0004152,"2017-12-26 15:30:00"
IOP,0.00041219,"2017-12-26 15:35:00"
IOP,0.00041569,"2017-12-26 15:40:00"
IOP,0.000415,"2017-12-26 15:45:00"
IOP,0.00041021,"2017-12-26 15:50:00"
IOP,0.00040812,"2017-12-26 15:55:00"
IOP,0.0003821,"2017-12-26 16:00:00"
IOP,0.00040572,"2017-12-26 16:05:00"
IOP,0.000399,"2017-12-26 16:10:00"
IOP,0.00038234,"2017-12-26 16:15:00"
IOP,0.00038995,"2017-12-26 16:20:00"
IOP,0.00038303,"2017-12-26 16:25:00"
IOP,0.00040493,"2017-12-26 16:30:00"
IOP,0.00040542,"2017-12-26 16:35:00"
IOP,0.00040792,"2017-12-26 16:40:00"
IOP,0.00041594,"2017-12-26 16:45:00"
IOP,0.00042214,"2017-12-26 16:50:00"
IOP,0.00044,"2017-12-26 16:55:00"
IOP,0.0004358,"2017-12-26 17:00:00"
IOP,0.00043586,"2017-12-26 17:05:00"
IOP,0.00043,"2017-12-26 17:10:00"
IOP,0.000426,"2017-12-26 17:15:00"
IOP,0.00041302,"2017-12-26 17:20:00"
IOP,0.00042056,"2017-12-26 17:25:00"
IOP,0.00042058,"2017-12-26 17:30:00"
IOP,0.00042074,"2017-12-26 17:35:00"
IOP,0.0004102,"2017-12-26 17:40:00"
IOP,0.00040805,"2017-12-26 17:45:00"
IOP,0.00042001,"2017-12-26 17:50:00"
IOP,0.00043567,"2017-12-26 17:55:00"
IOP,0.0004358,"2017-12-26 18:00:00"
IOP,0.000435,"2017-12-26 18:05:00"
IOP,0.00043519,"2017-12-26 18:10:00"
IOP,0.000435,"2017-12-26 18:15:00"
IOP,0.00042,"2017-12-26 18:20:00"
IOP,0.00042988,"2017-12-26 18:25:00"
IOP,0.00042525,"2017-12-26 18:30:00"
IOP,0.00042986,"2017-12-26 18:35:00"
IOP,0.00042988,"2017-12-26 18:40:00"
IOP,0.00042204,"2017-12-26 18:45:00"
IOP,0.000428,"2017-12-26 18:50:00"
IOP,0.00042736,"2017-12-26 18:55:00"
IOP,0.00043226,"2017-12-26 19:00:00"
IOP,0.00042562,"2017-12-26 19:05:00"
IOP,0.00043095,"2017-12-26 19:10:00"
IOP,0.00042563,"2017-12-26 19:15:00"
IOP,0.00043038,"2017-12-26 19:20:00"
IOP,0.00042958,"2017-12-26 19:25:00"
IOP,0.00042361,"2017-12-26 19:30:00"
IOP,0.0004235,"2017-12-26 19:35:00"
IOP,0.00043066,"2017-12-26 19:40:00"
IOP,0.0004337,"2017-12-26 19:45:00"
IOP,0.000433,"2017-12-26 19:50:00"
IOP,0.00043225,"2017-12-26 19:55:00"
IOP,0.00042955,"2017-12-26 20:00:00"
IOP,0.00043225,"2017-12-26 20:05:00"
IOP,0.00042955,"2017-12-26 20:10:00"
IOP,0.000425,"2017-12-26 20:15:00"
IOP,0.000425,"2017-12-26 20:20:00"
IOP,0.000425,"2017-12-26 20:25:00"
IOP,0.0004295,"2017-12-26 20:30:00"
IOP,0.00042618,"2017-12-26 20:35:00"
IOP,0.000429,"2017-12-26 20:40:00"
IOP,0.00042618,"2017-12-26 20:45:00"
IOP,0.00043155,"2017-12-26 20:50:00"
IOP,0.00043451,"2017-12-26 20:55:00"
IOP,0.00043359,"2017-12-26 21:00:00"
IOP,0.00043,"2017-12-26 21:05:00"
IOP,0.00042631,"2017-12-26 21:10:00"
IOP,0.00042502,"2017-12-26 21:15:00"
IOP,0.00041586,"2017-12-26 21:20:00"
IOP,0.0004142,"2017-12-26 21:25:00"
IOP,0.00041424,"2017-12-26 21:30:00"
IOP,0.00042596,"2017-12-26 21:35:00"
IOP,0.00043124,"2017-12-26 21:40:00"
IOP,0.00043124,"2017-12-26 21:45:00"
IOP,0.00042593,"2017-12-26 21:50:00"
IOP,0.00042992,"2017-12-26 21:55:00"
IOP,0.00043119,"2017-12-26 22:00:00"
IOP,0.00043119,"2017-12-26 22:05:00"
IOP,0.00042594,"2017-12-26 22:10:00"
IOP,0.00042594,"2017-12-26 22:15:00"
IOP,0.00042596,"2017-12-26 22:20:00"
IOP,0.00043107,"2017-12-26 22:25:00"
IOP,0.00042597,"2017-12-26 22:30:00"
IOP,0.00042597,"2017-12-26 22:35:00"
IOP,0.00042597,"2017-12-26 22:40:00"
IOP,0.00041321,"2017-12-26 22:45:00"
IOP,0.00042144,"2017-12-26 22:50:00"
IOP,0.00041452,"2017-12-26 22:55:00"
IOP,0.00041863,"2017-12-26 23:00:00"
IOP,0.0004209,"2017-12-26 23:05:00"
IOP,0.0004186,"2017-12-26 23:10:00"
IOP,0.0004149,"2017-12-26 23:15:00"
IOP,0.00041452,"2017-12-26 23:20:00"
IOP,0.0004139,"2017-12-26 23:25:00"
IOP,0.0004149,"2017-12-26 23:30:00"
IOP,0.00042,"2017-12-26 23:35:00"
IOP,0.000419,"2017-12-26 23:40:00"
IOP,0.00041891,"2017-12-26 23:45:00"
IOP,0.00041992,"2017-12-26 23:50:00"
IOP,0.00041502,"2017-12-26 23:55:00"
IOP,0.00041502,"2017-12-27 00:00:00"
IOP,0.000414,"2017-12-27 00:05:00"
IOP,0.00041501,"2017-12-27 00:10:00"
IOP,0.00041502,"2017-12-27 00:15:00"
IOP,0.00042109,"2017-12-27 00:20:00"
IOP,0.00042213,"2017-12-27 00:25:00"
IOP,0.00042189,"2017-12-27 00:30:00"
IOP,0.00042285,"2017-12-27 00:35:00"
IOP,0.00042491,"2017-12-27 00:40:00"
IOP,0.00042588,"2017-12-27 00:45:00"
IOP,0.0004305,"2017-12-27 00:50:00"
IOP,0.00043124,"2017-12-27 00:55:00"
IOP,0.00043589,"2017-12-27 01:00:00"
IOP,0.00043694,"2017-12-27 01:05:00"
IOP,0.00043995,"2017-12-27 01:10:00"
IOP,0.0004315,"2017-12-27 01:15:00"
IOP,0.000435,"2017-12-27 01:20:00"
IOP,0.00043498,"2017-12-27 01:25:00"
IOP,0.00043787,"2017-12-27 01:30:00"
IOP,0.000439,"2017-12-27 01:35:00"
IOP,0.00044635,"2017-12-27 01:40:00"
IOP,0.00044702,"2017-12-27 01:45:00"
IOP,0.00044716,"2017-12-27 01:50:00"
IOP,0.00044703,"2017-12-27 01:55:00"
IOP,0.0004349,"2017-12-27 02:00:00"
IOP,0.00043788,"2017-12-27 02:05:00"
IOP,0.00043782,"2017-12-27 02:10:00"
IOP,0.00044092,"2017-12-27 02:15:00"
IOP,0.00043006,"2017-12-27 02:20:00"
IOP,0.0004305,"2017-12-27 02:25:00"
IOP,0.00043306,"2017-12-27 02:30:00"
IOP,0.000439,"2017-12-27 02:35:00"
IOP,0.00043894,"2017-12-27 02:40:00"
IOP,0.00044845,"2017-12-27 02:45:00"
IOP,0.00044405,"2017-12-27 02:50:00"
IOP,0.00046909,"2017-12-27 02:55:00"
IOP,0.00048358,"2017-12-27 03:00:00"
IOP,0.00044828,"2017-12-27 03:05:00"
IOP,0.00045252,"2017-12-27 03:10:00"
IOP,0.00044827,"2017-12-27 03:15:00"
IOP,0.0004431,"2017-12-27 03:20:00"
IOP,0.000461,"2017-12-27 03:25:00"
IOP,0.00044902,"2017-12-27 03:30:00"
IOP,0.00045103,"2017-12-27 03:35:00"
IOP,0.000452,"2017-12-27 03:40:00"
IOP,0.00045551,"2017-12-27 03:45:00"
IOP,0.0004554,"2017-12-27 03:50:00"
IOP,0.0004555,"2017-12-27 03:55:00"
IOP,0.00044668,"2017-12-27 04:00:00"
IOP,0.00045693,"2017-12-27 04:05:00"
IOP,0.00044674,"2017-12-27 04:10:00"
IOP,0.0004539,"2017-12-27 04:15:00"
IOP,0.00044899,"2017-12-27 04:20:00"
IOP,0.00044688,"2017-12-27 04:25:00"
IOP,0.00045647,"2017-12-27 04:30:00"
IOP,0.00047191,"2017-12-27 04:35:00"
IOP,0.000467,"2017-12-27 04:40:00"
IOP,0.00045693,"2017-12-27 04:45:00"
IOP,0.00045595,"2017-12-27 04:50:00"
IOP,0.00045002,"2017-12-27 04:55:00"
IOP,0.00044497,"2017-12-27 05:00:00"
IOP,0.00044,"2017-12-27 05:05:00"
IOP,0.00043021,"2017-12-27 05:10:00"
IOP,0.00043111,"2017-12-27 05:15:00"
IOP,0.00042287,"2017-12-27 05:20:00"
IOP,0.00042285,"2017-12-27 05:25:00"
IOP,0.0004029,"2017-12-27 05:30:00"
IOP,0.00040719,"2017-12-27 05:35:00"
IOP,0.00041363,"2017-12-27 05:40:00"
IOP,0.00041266,"2017-12-27 05:45:00"
IOP,0.00042001,"2017-12-27 05:50:00"
IOP,0.000415,"2017-12-27 05:55:00"
IOP,0.0004155,"2017-12-27 06:00:00"
IOP,0.0004155,"2017-12-27 06:05:00"
IOP,0.00042263,"2017-12-27 06:10:00"
IOP,0.00042001,"2017-12-27 06:15:00"
IOP,0.00042493,"2017-12-27 06:20:00"
IOP,0.000422,"2017-12-27 06:25:00"
IOP,0.0004249,"2017-12-27 06:30:00"
IOP,0.00042,"2017-12-27 06:35:00"
IOP,0.00041035,"2017-12-27 06:40:00"
IOP,0.00041702,"2017-12-27 06:45:00"
IOP,0.00041507,"2017-12-27 06:50:00"
IOP,0.00041507,"2017-12-27 06:55:00"
IOP,0.00041472,"2017-12-27 07:00:00"
IOP,0.00041034,"2017-12-27 07:05:00"
IOP,0.000408,"2017-12-27 07:10:00"
IOP,0.00040716,"2017-12-27 07:15:00"
IOP,0.00040732,"2017-12-27 07:20:00"
IOP,0.00040726,"2017-12-27 07:25:00"
IOP,0.00041103,"2017-12-27 07:30:00"
IOP,0.0004135,"2017-12-27 07:35:00"
IOP,0.00041102,"2017-12-27 07:40:00"
IOP,0.00041472,"2017-12-27 07:45:00"
IOP,0.0004197,"2017-12-27 07:50:00"
IOP,0.000415,"2017-12-27 07:55:00"
IOP,0.00041473,"2017-12-27 08:00:00"
IOP,0.00041979,"2017-12-27 08:05:00"
IOP,0.00042435,"2017-12-27 08:10:00"
IOP,0.00042435,"2017-12-27 08:15:00"
IOP,0.00042201,"2017-12-27 08:20:00"
IOP,0.00042434,"2017-12-27 08:25:00"
IOP,0.00042435,"2017-12-27 08:30:00"
IOP,0.00041957,"2017-12-27 08:35:00"
IOP,0.00042645,"2017-12-27 08:40:00"
IOP,0.00043323,"2017-12-27 08:45:00"
IOP,0.00043897,"2017-12-27 08:50:00"
IOP,0.000441,"2017-12-27 08:55:00"
IOP,0.00042836,"2017-12-27 09:00:00"
IOP,0.00044226,"2017-12-27 09:05:00"
IOP,0.00044226,"2017-12-27 09:10:00"
IOP,0.00042311,"2017-12-27 09:15:00"
IOP,0.0004352,"2017-12-27 09:20:00"
IOP,0.00043018,"2017-12-27 09:25:00"
IOP,0.000435,"2017-12-27 09:30:00"
IOP,0.00043522,"2017-12-27 09:35:00"
IOP,0.00044314,"2017-12-27 09:40:00"
IOP,0.00044988,"2017-12-27 09:45:00"
IOP,0.00044979,"2017-12-27 09:50:00"
IOP,0.00045779,"2017-12-27 09:55:00"
IOP,0.00046585,"2017-12-27 10:00:00"
IOP,0.00045553,"2017-12-27 10:05:00"
IOP,0.00045186,"2017-12-27 10:10:00"
IOP,0.00045594,"2017-12-27 10:15:00"
IOP,0.00045185,"2017-12-27 10:20:00"
IOP,0.00044414,"2017-12-27 10:25:00"
IOP,0.00045379,"2017-12-27 10:30:00"
IOP,0.00045196,"2017-12-27 10:35:00"
IOP,0.00044726,"2017-12-27 10:40:00"
IOP,0.00044686,"2017-12-27 10:45:00"
IOP,0.00044662,"2017-12-27 10:50:00"
IOP,0.00045,"2017-12-27 10:55:00"
IOP,0.00045,"2017-12-27 11:00:00"
IOP,0.00045024,"2017-12-27 11:05:00"
IOP,0.00044539,"2017-12-27 11:10:00"
IOP,0.00044522,"2017-12-27 11:15:00"
IOP,0.00045024,"2017-12-27 11:20:00"
IOP,0.00045478,"2017-12-27 11:25:00"
IOP,0.00045029,"2017-12-27 11:30:00"
IOP,0.00045029,"2017-12-27 11:35:00"
IOP,0.00044591,"2017-12-27 11:40:00"
IOP,0.00045417,"2017-12-27 11:45:00"
IOP,0.00045197,"2017-12-27 11:50:00"
IOP,0.00044593,"2017-12-27 11:55:00"
IOP,0.00045025,"2017-12-27 12:00:00"
IOP,0.0004521,"2017-12-27 12:05:00"
IOP,0.000448,"2017-12-27 12:10:00"
IOP,0.00045126,"2017-12-27 12:15:00"
IOP,0.00044984,"2017-12-27 12:20:00"
IOP,0.0004486,"2017-12-27 12:25:00"
IOP,0.00045007,"2017-12-27 12:30:00"
IOP,0.00044845,"2017-12-27 12:35:00"
IOP,0.00044843,"2017-12-27 12:40:00"
IOP,0.00044605,"2017-12-27 12:45:00"
IOP,0.000447,"2017-12-27 12:50:00"
IOP,0.0004462,"2017-12-27 12:55:00"
IOP,0.00044839,"2017-12-27 13:00:00"
IOP,0.00044811,"2017-12-27 13:05:00"
IOP,0.000448,"2017-12-27 13:10:00"
IOP,0.00044604,"2017-12-27 13:15:00"
IOP,0.00044241,"2017-12-27 13:20:00"
IOP,0.00044589,"2017-12-27 13:25:00"
IOP,0.00045111,"2017-12-27 13:30:00"
IOP,0.00045758,"2017-12-27 13:35:00"
IOP,0.00046761,"2017-12-27 13:40:00"
IOP,0.00045961,"2017-12-27 13:45:00"
IOP,0.000458,"2017-12-27 13:50:00"
IOP,0.000458,"2017-12-27 13:55:00"
IOP,0.00045943,"2017-12-27 14:00:00"
IOP,0.000455,"2017-12-27 14:05:00"
IOP,0.0004551,"2017-12-27 14:10:00"
IOP,0.00045937,"2017-12-27 14:15:00"
IOP,0.00045949,"2017-12-27 14:20:00"
IOP,0.00046357,"2017-12-27 14:25:00"
IOP,0.000465,"2017-12-27 14:30:00"
IOP,0.00046356,"2017-12-27 14:35:00"
IOP,0.00045956,"2017-12-27 14:40:00"
IOP,0.00045998,"2017-12-27 14:45:00"
IOP,0.00045954,"2017-12-27 14:50:00"
IOP,0.0004634,"2017-12-27 14:55:00"
IOP,0.0004634,"2017-12-27 15:00:00"
IOP,0.00046,"2017-12-27 15:05:00"
IOP,0.000461,"2017-12-27 15:10:00"
IOP,0.00046,"2017-12-27 15:15:00"
IOP,0.00045987,"2017-12-27 15:20:00"
IOP,0.00046099,"2017-12-27 15:25:00"
IOP,0.00046338,"2017-12-27 15:30:00"
IOP,0.00046338,"2017-12-27 15:35:00"
IOP,0.0004634,"2017-12-27 15:40:00"
IOP,0.00046,"2017-12-27 15:45:00"
IOP,0.0004468,"2017-12-27 15:50:00"
IOP,0.00044984,"2017-12-27 15:55:00"
IOP,0.00045,"2017-12-27 16:00:00"
IOP,0.00045454,"2017-12-27 16:05:00"
IOP,0.00046,"2017-12-27 16:10:00"
IOP,0.00047497,"2017-12-27 16:15:00"
IOP,0.00046098,"2017-12-27 16:20:00"
IOP,0.00047436,"2017-12-27 16:25:00"
IOP,0.000474,"2017-12-27 16:30:00"
IOP,0.00047397,"2017-12-27 16:35:00"
IOP,0.00047414,"2017-12-27 16:40:00"
IOP,0.00047405,"2017-12-27 16:45:00"
IOP,0.00047399,"2017-12-27 16:50:00"
IOP,0.00047377,"2017-12-27 16:55:00"
IOP,0.000474,"2017-12-27 17:00:00"
IOP,0.00047377,"2017-12-27 17:05:00"
IOP,0.00047002,"2017-12-27 17:10:00"
IOP,0.0004701,"2017-12-27 17:15:00"
IOP,0.00047001,"2017-12-27 17:20:00"
IOP,0.00047399,"2017-12-27 17:25:00"
IOP,0.00047425,"2017-12-27 17:30:00"
IOP,0.00047426,"2017-12-27 17:35:00"
IOP,0.00047001,"2017-12-27 17:40:00"
IOP,0.00047425,"2017-12-27 17:45:00"
IOP,0.000472,"2017-12-27 17:50:00"
IOP,0.000472,"2017-12-27 17:55:00"
IOP,0.00047426,"2017-12-27 18:00:00"
IOP,0.00046579,"2017-12-27 18:05:00"
IOP,0.00047,"2017-12-27 18:10:00"
IOP,0.000471,"2017-12-27 18:15:00"
IOP,0.000469,"2017-12-27 18:20:00"
IOP,0.00046623,"2017-12-27 18:25:00"
IOP,0.00046555,"2017-12-27 18:30:00"
IOP,0.00047001,"2017-12-27 18:35:00"
IOP,0.00047002,"2017-12-27 18:40:00"
IOP,0.000472,"2017-12-27 18:45:00"
IOP,0.00047002,"2017-12-27 18:50:00"
IOP,0.00047,"2017-12-27 18:55:00"
IOP,0.00047,"2017-12-27 19:00:00"
IOP,0.00046583,"2017-12-27 19:05:00"
IOP,0.00046102,"2017-12-27 19:10:00"
IOP,0.00046001,"2017-12-27 19:15:00"
IOP,0.00046695,"2017-12-27 19:20:00"
IOP,0.000469,"2017-12-27 19:25:00"
IOP,0.000469,"2017-12-27 19:30:00"
IOP,0.00046127,"2017-12-27 19:35:00"
IOP,0.00047519,"2017-12-27 19:40:00"
IOP,0.00046339,"2017-12-27 19:45:00"
IOP,0.00047029,"2017-12-27 19:50:00"
IOP,0.0004634,"2017-12-27 19:55:00"
IOP,0.00046047,"2017-12-27 20:00:00"
IOP,0.00046113,"2017-12-27 20:05:00"
IOP,0.0004671,"2017-12-27 20:10:00"
IOP,0.00046,"2017-12-27 20:15:00"
IOP,0.00046297,"2017-12-27 20:20:00"
IOP,0.00046294,"2017-12-27 20:25:00"
IOP,0.00045826,"2017-12-27 20:30:00"
IOP,0.00045784,"2017-12-27 20:35:00"
IOP,0.00046,"2017-12-27 20:40:00"
IOP,0.00046,"2017-12-27 20:45:00"
IOP,0.00046292,"2017-12-27 20:50:00"
IOP,0.00046294,"2017-12-27 20:55:00"
IOP,0.00046094,"2017-12-27 21:00:00"
IOP,0.00046098,"2017-12-27 21:05:00"
IOP,0.00046014,"2017-12-27 21:10:00"
IOP,0.00046107,"2017-12-27 21:15:00"
IOP,0.00046107,"2017-12-27 21:20:00"
IOP,0.00046763,"2017-12-27 21:25:00"
IOP,0.00046706,"2017-12-27 21:30:00"
IOP,0.0004618,"2017-12-27 21:35:00"
IOP,0.00046108,"2017-12-27 21:40:00"
IOP,0.00047499,"2017-12-27 21:45:00"
IOP,0.00046255,"2017-12-27 21:50:00"
IOP,0.00046335,"2017-12-27 21:55:00"
IOP,0.00047263,"2017-12-27 22:00:00"
IOP,0.00047997,"2017-12-27 22:05:00"
IOP,0.00048031,"2017-12-27 22:10:00"
IOP,0.00048719,"2017-12-27 22:15:00"
IOP,0.00048203,"2017-12-27 22:20:00"
IOP,0.00048472,"2017-12-27 22:25:00"
IOP,0.00047996,"2017-12-27 22:30:00"
IOP,0.00046714,"2017-12-27 22:35:00"
IOP,0.00047335,"2017-12-27 22:40:00"
IOP,0.00047325,"2017-12-27 22:45:00"
IOP,0.000468,"2017-12-27 22:50:00"
IOP,0.00046798,"2017-12-27 22:55:00"
IOP,0.00046596,"2017-12-27 23:00:00"
IOP,0.00046608,"2017-12-27 23:05:00"
IOP,0.00047162,"2017-12-27 23:10:00"
IOP,0.00047416,"2017-12-27 23:15:00"
IOP,0.00047162,"2017-12-27 23:20:00"
IOP,0.00047923,"2017-12-27 23:25:00"
IOP,0.00048826,"2017-12-27 23:30:00"
IOP,0.00047097,"2017-12-27 23:35:00"
IOP,0.000472,"2017-12-27 23:40:00"
IOP,0.00047578,"2017-12-27 23:45:00"
IOP,0.00047001,"2017-12-27 23:50:00"
IOP,0.0004745,"2017-12-27 23:55:00"
IOP,0.00047127,"2017-12-28 00:00:00"
IOP,0.0004718,"2017-12-28 00:05:00"
IOP,0.0004819,"2017-12-28 00:10:00"
IOP,0.00048032,"2017-12-28 00:15:00"
IOP,0.00047469,"2017-12-28 00:20:00"
IOP,0.00047631,"2017-12-28 00:25:00"
IOP,0.00047707,"2017-12-28 00:30:00"
IOP,0.00048035,"2017-12-28 00:35:00"
IOP,0.000489,"2017-12-28 00:40:00"
IOP,0.000482,"2017-12-28 00:45:00"
IOP,0.00048138,"2017-12-28 00:50:00"
IOP,0.00047223,"2017-12-28 00:55:00"
IOP,0.0004724,"2017-12-28 01:00:00"
IOP,0.00047708,"2017-12-28 01:05:00"
IOP,0.0004801,"2017-12-28 01:10:00"
IOP,0.00048972,"2017-12-28 01:15:00"
IOP,0.00048988,"2017-12-28 01:20:00"
IOP,0.0004949,"2017-12-28 01:25:00"
IOP,0.00048897,"2017-12-28 01:30:00"
IOP,0.000495,"2017-12-28 01:35:00"
IOP,0.00050199,"2017-12-28 01:40:00"
IOP,0.000504,"2017-12-28 01:45:00"
IOP,0.00050198,"2017-12-28 01:50:00"
IOP,0.00049513,"2017-12-28 01:55:00"
IOP,0.00049499,"2017-12-28 02:00:00"
IOP,0.00050003,"2017-12-28 02:05:00"
IOP,0.00050367,"2017-12-28 02:10:00"
IOP,0.00050007,"2017-12-28 02:15:00"
IOP,0.00049999,"2017-12-28 02:20:00"
IOP,0.0004903,"2017-12-28 02:25:00"
IOP,0.00048736,"2017-12-28 02:30:00"
IOP,0.00049,"2017-12-28 02:35:00"
IOP,0.00049998,"2017-12-28 02:40:00"
IOP,0.00050322,"2017-12-28 02:45:00"
IOP,0.00049997,"2017-12-28 02:50:00"
IOP,0.00050324,"2017-12-28 02:55:00"
IOP,0.0005,"2017-12-28 03:00:00"
IOP,0.0004915,"2017-12-28 03:05:00"
IOP,0.000482,"2017-12-28 03:10:00"
IOP,0.0004614,"2017-12-28 03:15:00"
IOP,0.00046,"2017-12-28 03:20:00"
IOP,0.00046405,"2017-12-28 03:25:00"
IOP,0.00044611,"2017-12-28 03:30:00"
IOP,0.00044232,"2017-12-28 03:35:00"
IOP,0.0004384,"2017-12-28 03:40:00"
IOP,0.00041821,"2017-12-28 03:45:00"
IOP,0.00042,"2017-12-28 03:50:00"
IOP,0.00045961,"2017-12-28 03:55:00"
IOP,0.00045764,"2017-12-28 04:00:00"
IOP,0.00045006,"2017-12-28 04:05:00"
IOP,0.00044989,"2017-12-28 04:10:00"
IOP,0.00044611,"2017-12-28 04:15:00"
IOP,0.00045745,"2017-12-28 04:20:00"
IOP,0.00045751,"2017-12-28 04:25:00"
IOP,0.00044766,"2017-12-28 04:30:00"
IOP,0.0004499,"2017-12-28 04:35:00"
IOP,0.00045001,"2017-12-28 04:40:00"
IOP,0.000452,"2017-12-28 04:45:00"
IOP,0.00048,"2017-12-28 04:50:00"
IOP,0.000482,"2017-12-28 04:55:00"
IOP,0.00046652,"2017-12-28 05:00:00"
IOP,0.00046652,"2017-12-28 05:05:00"
IOP,0.00045648,"2017-12-28 05:10:00"
IOP,0.00045421,"2017-12-28 05:15:00"
IOP,0.00045874,"2017-12-28 05:20:00"
IOP,0.00045875,"2017-12-28 05:25:00"
IOP,0.0004587,"2017-12-28 05:30:00"
IOP,0.00046574,"2017-12-28 05:35:00"
IOP,0.00045963,"2017-12-28 05:40:00"
IOP,0.00046026,"2017-12-28 05:45:00"
IOP,0.00046068,"2017-12-28 05:50:00"
IOP,0.0004621,"2017-12-28 05:55:00"
IOP,0.00046215,"2017-12-28 06:00:00"
IOP,0.00046999,"2017-12-28 06:05:00"
IOP,0.00046995,"2017-12-28 06:10:00"
IOP,0.00046263,"2017-12-28 06:15:00"
IOP,0.00046067,"2017-12-28 06:20:00"
IOP,0.000454,"2017-12-28 06:25:00"
IOP,0.00045869,"2017-12-28 06:30:00"
IOP,0.0004505,"2017-12-28 06:35:00"
IOP,0.00045052,"2017-12-28 06:40:00"
IOP,0.00045052,"2017-12-28 06:45:00"
IOP,0.00045801,"2017-12-28 06:50:00"
IOP,0.0004577,"2017-12-28 06:55:00"
IOP,0.00045568,"2017-12-28 07:00:00"
IOP,0.00045769,"2017-12-28 07:05:00"
IOP,0.00046231,"2017-12-28 07:10:00"
IOP,0.00046266,"2017-12-28 07:15:00"
IOP,0.00046267,"2017-12-28 07:20:00"
IOP,0.00046984,"2017-12-28 07:25:00"
IOP,0.00046985,"2017-12-28 07:30:00"
IOP,0.00046986,"2017-12-28 07:35:00"
IOP,0.00047083,"2017-12-28 07:40:00"
IOP,0.00046526,"2017-12-28 07:45:00"
IOP,0.00046309,"2017-12-28 07:50:00"
IOP,0.00046299,"2017-12-28 07:55:00"
IOP,0.00046142,"2017-12-28 08:00:00"
IOP,0.00046998,"2017-12-28 08:05:00"
IOP,0.00046956,"2017-12-28 08:10:00"
IOP,0.00046957,"2017-12-28 08:15:00"
IOP,0.00047251,"2017-12-28 08:20:00"
IOP,0.0004793,"2017-12-28 08:25:00"
IOP,0.00047933,"2017-12-28 08:30:00"
IOP,0.00047933,"2017-12-28 08:35:00"
IOP,0.00047944,"2017-12-28 08:40:00"
IOP,0.00047908,"2017-12-28 08:45:00"
IOP,0.00047876,"2017-12-28 08:50:00"
IOP,0.00047876,"2017-12-28 08:55:00"
IOP,0.0004725,"2017-12-28 09:00:00"
IOP,0.000475,"2017-12-28 09:05:00"
IOP,0.0004735,"2017-12-28 09:10:00"
IOP,0.00047232,"2017-12-28 09:15:00"
IOP,0.00047229,"2017-12-28 09:20:00"
IOP,0.00047168,"2017-12-28 09:25:00"
IOP,0.00047181,"2017-12-28 09:30:00"
IOP,0.00047204,"2017-12-28 09:35:00"
IOP,0.00047202,"2017-12-28 09:40:00"
IOP,0.00047189,"2017-12-28 09:45:00"
IOP,0.00047185,"2017-12-28 09:50:00"
IOP,0.0004784,"2017-12-28 09:55:00"
IOP,0.00047196,"2017-12-28 10:00:00"
IOP,0.00047185,"2017-12-28 10:05:00"
IOP,0.00047186,"2017-12-28 10:10:00"
IOP,0.00047836,"2017-12-28 10:15:00"
IOP,0.00047838,"2017-12-28 10:20:00"
IOP,0.00047841,"2017-12-28 10:25:00"
IOP,0.00047838,"2017-12-28 10:30:00"
IOP,0.000473,"2017-12-28 10:35:00"
IOP,0.00047943,"2017-12-28 10:40:00"
IOP,0.00047376,"2017-12-28 10:45:00"
IOP,0.00047403,"2017-12-28 10:50:00"
IOP,0.00047999,"2017-12-28 10:55:00"
IOP,0.000487,"2017-12-28 11:00:00"
IOP,0.00049263,"2017-12-28 11:05:00"
IOP,0.00049365,"2017-12-28 11:10:00"
IOP,0.00048,"2017-12-28 11:15:00"
IOP,0.00048943,"2017-12-28 11:20:00"
IOP,0.00049513,"2017-12-28 11:25:00"
IOP,0.00049379,"2017-12-28 11:30:00"
IOP,0.00048481,"2017-12-28 11:35:00"
IOP,0.00048347,"2017-12-28 11:40:00"
IOP,0.00048346,"2017-12-28 11:45:00"
IOP,0.000487,"2017-12-28 11:50:00"
IOP,0.00048334,"2017-12-28 11:55:00"
IOP,0.00047581,"2017-12-28 12:00:00"
IOP,0.00046639,"2017-12-28 12:05:00"
IOP,0.00046911,"2017-12-28 12:10:00"
IOP,0.00046973,"2017-12-28 12:15:00"
IOP,0.00047372,"2017-12-28 12:20:00"
IOP,0.00046974,"2017-12-28 12:25:00"
IOP,0.00046835,"2017-12-28 12:30:00"
IOP,0.00046837,"2017-12-28 12:35:00"
IOP,0.00046347,"2017-12-28 12:40:00"
IOP,0.0004635,"2017-12-28 12:45:00"
IOP,0.00046,"2017-12-28 12:50:00"
IOP,0.00046656,"2017-12-28 12:55:00"
IOP,0.00046005,"2017-12-28 13:00:00"
IOP,0.00046005,"2017-12-28 13:05:00"
IOP,0.00046009,"2017-12-28 13:10:00"
IOP,0.00046632,"2017-12-28 13:15:00"
IOP,0.0004656,"2017-12-28 13:20:00"
IOP,0.00046023,"2017-12-28 13:25:00"
IOP,0.00046301,"2017-12-28 13:30:00"
IOP,0.00046303,"2017-12-28 13:35:00"
IOP,0.000463,"2017-12-28 13:40:00"
IOP,0.00046481,"2017-12-28 13:45:00"
IOP,0.00045738,"2017-12-28 13:50:00"
IOP,0.00046191,"2017-12-28 13:55:00"
IOP,0.00045747,"2017-12-28 14:00:00"
IOP,0.00045738,"2017-12-28 14:05:00"
IOP,0.00046565,"2017-12-28 14:10:00"
IOP,0.00046,"2017-12-28 14:15:00"
IOP,0.000458,"2017-12-28 14:20:00"
IOP,0.00046396,"2017-12-28 14:25:00"
IOP,0.00046,"2017-12-28 14:30:00"
IOP,0.00046,"2017-12-28 14:35:00"
IOP,0.00047,"2017-12-28 14:40:00"
IOP,0.00046596,"2017-12-28 14:45:00"
IOP,0.0004739,"2017-12-28 14:50:00"
IOP,0.00048889,"2017-12-28 14:55:00"
IOP,0.0004924,"2017-12-28 15:00:00"
IOP,0.00049649,"2017-12-28 15:05:00"
IOP,0.000497,"2017-12-28 15:10:00"
IOP,0.00048406,"2017-12-28 15:15:00"
IOP,0.000484,"2017-12-28 15:20:00"
IOP,0.0004863,"2017-12-28 15:25:00"
IOP,0.00049798,"2017-12-28 15:30:00"
IOP,0.0004901,"2017-12-28 15:35:00"
IOP,0.00049405,"2017-12-28 15:40:00"
IOP,0.00049749,"2017-12-28 15:45:00"
IOP,0.0004905,"2017-12-28 15:50:00"
IOP,0.000495,"2017-12-28 15:55:00"
IOP,0.0004857,"2017-12-28 16:00:00"
IOP,0.0004843,"2017-12-28 16:05:00"
IOP,0.00048155,"2017-12-28 16:10:00"
IOP,0.00048145,"2017-12-28 16:15:00"
IOP,0.00048499,"2017-12-28 16:20:00"
IOP,0.0004836,"2017-12-28 16:25:00"
IOP,0.00048,"2017-12-28 16:30:00"
IOP,0.00048247,"2017-12-28 16:35:00"
IOP,0.00047944,"2017-12-28 16:40:00"
IOP,0.000485,"2017-12-28 16:45:00"
IOP,0.00049,"2017-12-28 16:50:00"
IOP,0.00049228,"2017-12-28 16:55:00"
IOP,0.00049,"2017-12-28 17:00:00"
IOP,0.00048333,"2017-12-28 17:05:00"
IOP,0.00049,"2017-12-28 17:10:00"
IOP,0.00048581,"2017-12-28 17:15:00"
IOP,0.00048999,"2017-12-28 17:20:00"
IOP,0.00049389,"2017-12-28 17:25:00"
IOP,0.00048707,"2017-12-28 17:30:00"
IOP,0.00049296,"2017-12-28 17:35:00"
IOP,0.00048776,"2017-12-28 17:40:00"
IOP,0.00049099,"2017-12-28 17:45:00"
IOP,0.0004928,"2017-12-28 17:50:00"
IOP,0.000491,"2017-12-28 17:55:00"
IOP,0.00049277,"2017-12-28 18:00:00"
IOP,0.00049107,"2017-12-28 18:05:00"
IOP,0.00049266,"2017-12-28 18:10:00"
IOP,0.00049,"2017-12-28 18:15:00"
IOP,0.00048763,"2017-12-28 18:20:00"
IOP,0.00048632,"2017-12-28 18:25:00"
IOP,0.0004865,"2017-12-28 18:30:00"
IOP,0.000492,"2017-12-28 18:35:00"
IOP,0.000488,"2017-12-28 18:40:00"
IOP,0.00049,"2017-12-28 18:45:00"
IOP,0.00048633,"2017-12-28 18:50:00"
IOP,0.00048999,"2017-12-28 18:55:00"
IOP,0.000489,"2017-12-28 19:00:00"
IOP,0.0004888,"2017-12-28 19:05:00"
IOP,0.00049127,"2017-12-28 19:10:00"
IOP,0.00049094,"2017-12-28 19:15:00"
IOP,0.00049088,"2017-12-28 19:20:00"
IOP,0.00048803,"2017-12-28 19:25:00"
IOP,0.0004928,"2017-12-28 19:30:00"
IOP,0.000493,"2017-12-28 19:35:00"
IOP,0.00049427,"2017-12-28 19:40:00"
IOP,0.00049667,"2017-12-28 19:45:00"
IOP,0.0004975,"2017-12-28 19:50:00"
IOP,0.00049427,"2017-12-28 19:55:00"
IOP,0.00049667,"2017-12-28 20:00:00"
IOP,0.00049797,"2017-12-28 20:05:00"
IOP,0.00049796,"2017-12-28 20:10:00"
IOP,0.0005,"2017-12-28 20:15:00"
IOP,0.00050225,"2017-12-28 20:20:00"
IOP,0.00050632,"2017-12-28 20:25:00"
IOP,0.0005074,"2017-12-28 20:30:00"
IOP,0.0005079,"2017-12-28 20:35:00"
IOP,0.00050997,"2017-12-28 20:40:00"
IOP,0.000516,"2017-12-28 20:45:00"
IOP,0.00052,"2017-12-28 20:50:00"
IOP,0.00053069,"2017-12-28 20:55:00"
IOP,0.00050743,"2017-12-28 21:00:00"
IOP,0.00052198,"2017-12-28 21:05:00"
IOP,0.00052687,"2017-12-28 21:10:00"
IOP,0.00051706,"2017-12-28 21:15:00"
IOP,0.00052,"2017-12-28 21:20:00"
IOP,0.000522,"2017-12-28 21:25:00"
IOP,0.00052896,"2017-12-28 21:30:00"
IOP,0.00053002,"2017-12-28 21:35:00"
IOP,0.0005299,"2017-12-28 21:40:00"
IOP,0.00052501,"2017-12-28 21:45:00"
IOP,0.00053293,"2017-12-28 21:50:00"
IOP,0.00053293,"2017-12-28 21:55:00"
IOP,0.00053277,"2017-12-28 22:00:00"
IOP,0.00053866,"2017-12-28 22:05:00"
IOP,0.00053277,"2017-12-28 22:10:00"
IOP,0.00052473,"2017-12-28 22:15:00"
IOP,0.00052343,"2017-12-28 22:20:00"
IOP,0.00051703,"2017-12-28 22:25:00"
IOP,0.00052,"2017-12-28 22:30:00"
IOP,0.00051218,"2017-12-28 22:35:00"
IOP,0.00052001,"2017-12-28 22:40:00"
IOP,0.00052499,"2017-12-28 22:45:00"
IOP,0.00052409,"2017-12-28 22:50:00"
IOP,0.00051681,"2017-12-28 22:55:00"
IOP,0.0005228,"2017-12-28 23:00:00"
IOP,0.00052266,"2017-12-28 23:05:00"
IOP,0.000518,"2017-12-28 23:10:00"
IOP,0.00051687,"2017-12-28 23:15:00"
IOP,0.00052271,"2017-12-28 23:20:00"
IOP,0.00052999,"2017-12-28 23:25:00"
IOP,0.00053693,"2017-12-28 23:30:00"
IOP,0.00053043,"2017-12-28 23:35:00"
IOP,0.0005381,"2017-12-28 23:40:00"
IOP,0.0005382,"2017-12-28 23:45:00"
IOP,0.00051784,"2017-12-28 23:50:00"
IOP,0.00050863,"2017-12-28 23:55:00"
IOP,0.00050863,"2017-12-29 00:00:00"
IOP,0.00050862,"2017-12-29 00:05:00"
IOP,0.00050862,"2017-12-29 00:10:00"
IOP,0.00050862,"2017-12-29 00:15:00"
IOP,0.00051863,"2017-12-29 00:20:00"
IOP,0.0005185,"2017-12-29 00:25:00"
IOP,0.00052825,"2017-12-29 00:30:00"
IOP,0.00052493,"2017-12-29 00:35:00"
IOP,0.00051724,"2017-12-29 00:40:00"
IOP,0.00051198,"2017-12-29 00:45:00"
IOP,0.00051114,"2017-12-29 00:50:00"
IOP,0.00050539,"2017-12-29 00:55:00"
IOP,0.00050696,"2017-12-29 01:00:00"
IOP,0.00049,"2017-12-29 01:05:00"
IOP,0.00049681,"2017-12-29 01:10:00"
IOP,0.000499,"2017-12-29 01:15:00"
IOP,0.0004991,"2017-12-29 01:20:00"
IOP,0.00050215,"2017-12-29 01:25:00"
IOP,0.00050215,"2017-12-29 01:30:00"
IOP,0.00050434,"2017-12-29 01:35:00"
IOP,0.0005065,"2017-12-29 01:40:00"
IOP,0.00050828,"2017-12-29 01:45:00"
IOP,0.00050314,"2017-12-29 01:50:00"
IOP,0.00051114,"2017-12-29 01:55:00"
IOP,0.00051709,"2017-12-29 02:00:00"
IOP,0.00051589,"2017-12-29 02:05:00"
IOP,0.00049702,"2017-12-29 02:10:00"
IOP,0.00049,"2017-12-29 02:15:00"
IOP,0.00049715,"2017-12-29 02:20:00"
IOP,0.0004883,"2017-12-29 02:25:00"
IOP,0.00049242,"2017-12-29 02:30:00"
IOP,0.00049958,"2017-12-29 02:35:00"
IOP,0.00049375,"2017-12-29 02:40:00"
IOP,0.00050195,"2017-12-29 02:45:00"
IOP,0.00050566,"2017-12-29 02:50:00"
IOP,0.0005064,"2017-12-29 02:55:00"
IOP,0.00050638,"2017-12-29 03:00:00"
IOP,0.0004978,"2017-12-29 03:05:00"
IOP,0.00050508,"2017-12-29 03:10:00"
IOP,0.00048883,"2017-12-29 03:15:00"
IOP,0.00048698,"2017-12-29 03:20:00"
IOP,0.00048697,"2017-12-29 03:25:00"
IOP,0.000487,"2017-12-29 03:30:00"
IOP,0.00048697,"2017-12-29 03:35:00"
IOP,0.00048696,"2017-12-29 03:40:00"
IOP,0.00050302,"2017-12-29 03:45:00"
IOP,0.00050001,"2017-12-29 03:50:00"
IOP,0.00048859,"2017-12-29 03:55:00"
IOP,0.00049789,"2017-12-29 04:00:00"
IOP,0.00049534,"2017-12-29 04:05:00"
IOP,0.00048872,"2017-12-29 04:10:00"
IOP,0.00049199,"2017-12-29 04:15:00"
IOP,0.00049199,"2017-12-29 04:20:00"
IOP,0.00049199,"2017-12-29 04:25:00"
IOP,0.00049199,"2017-12-29 04:30:00"
IOP,0.000492,"2017-12-29 04:35:00"
IOP,0.00049632,"2017-12-29 04:40:00"
IOP,0.00049499,"2017-12-29 04:45:00"
IOP,0.00049399,"2017-12-29 04:50:00"
IOP,0.00049399,"2017-12-29 04:55:00"
IOP,0.00048725,"2017-12-29 05:00:00"
IOP,0.000494,"2017-12-29 05:05:00"
IOP,0.000494,"2017-12-29 05:10:00"
IOP,0.0004938,"2017-12-29 05:15:00"
IOP,0.0004925,"2017-12-29 05:20:00"
IOP,0.00049011,"2017-12-29 05:25:00"
IOP,0.00049632,"2017-12-29 05:30:00"
IOP,0.000493,"2017-12-29 05:35:00"
IOP,0.000493,"2017-12-29 05:40:00"
IOP,0.00049886,"2017-12-29 05:45:00"
IOP,0.00049974,"2017-12-29 05:50:00"
IOP,0.0005,"2017-12-29 05:55:00"
IOP,0.00049885,"2017-12-29 06:00:00"
IOP,0.00049885,"2017-12-29 06:05:00"
IOP,0.000493,"2017-12-29 06:10:00"
IOP,0.00049299,"2017-12-29 06:15:00"
IOP,0.00049299,"2017-12-29 06:20:00"
IOP,0.00049004,"2017-12-29 06:25:00"
IOP,0.00049299,"2017-12-29 06:30:00"
IOP,0.000493,"2017-12-29 06:35:00"
IOP,0.00049299,"2017-12-29 06:40:00"
IOP,0.00049813,"2017-12-29 06:45:00"
IOP,0.00049953,"2017-12-29 06:50:00"
IOP,0.00049821,"2017-12-29 06:55:00"
IOP,0.00049952,"2017-12-29 07:00:00"
IOP,0.00049315,"2017-12-29 07:05:00"
IOP,0.00050098,"2017-12-29 07:10:00"
IOP,0.00050096,"2017-12-29 07:15:00"
IOP,0.000495,"2017-12-29 07:20:00"
IOP,0.000502,"2017-12-29 07:25:00"
IOP,0.000495,"2017-12-29 07:30:00"
IOP,0.0005018,"2017-12-29 07:35:00"
IOP,0.0005019,"2017-12-29 07:40:00"
IOP,0.000501,"2017-12-29 07:45:00"
IOP,0.00049534,"2017-12-29 07:50:00"
IOP,0.00049514,"2017-12-29 07:55:00"
IOP,0.00049531,"2017-12-29 08:00:00"
IOP,0.00049531,"2017-12-29 08:05:00"
IOP,0.0005,"2017-12-29 08:10:00"
IOP,0.00049533,"2017-12-29 08:15:00"
IOP,0.00049444,"2017-12-29 08:20:00"
IOP,0.00049999,"2017-12-29 08:25:00"
IOP,0.00049156,"2017-12-29 08:30:00"
IOP,0.00049974,"2017-12-29 08:35:00"
IOP,0.00049445,"2017-12-29 08:40:00"
IOP,0.00049494,"2017-12-29 08:45:00"
IOP,0.0005008,"2017-12-29 08:50:00"
IOP,0.0005,"2017-12-29 08:55:00"
IOP,0.0005,"2017-12-29 09:00:00"
IOP,0.00050001,"2017-12-29 09:05:00"
IOP,0.00050098,"2017-12-29 09:10:00"
IOP,0.00049501,"2017-12-29 09:15:00"
IOP,0.00049701,"2017-12-29 09:20:00"
IOP,0.00049709,"2017-12-29 09:25:00"
IOP,0.00049709,"2017-12-29 09:30:00"
IOP,0.0005,"2017-12-29 09:35:00"
IOP,0.0005,"2017-12-29 09:40:00"
IOP,0.00049503,"2017-12-29 09:45:00"
IOP,0.00049629,"2017-12-29 09:50:00"
IOP,0.00049316,"2017-12-29 09:55:00"
IOP,0.00049316,"2017-12-29 10:00:00"
IOP,0.00049999,"2017-12-29 10:05:00"
IOP,0.00049631,"2017-12-29 10:10:00"
IOP,0.00049989,"2017-12-29 10:15:00"
IOP,0.00049402,"2017-12-29 10:20:00"
IOP,0.00049169,"2017-12-29 10:25:00"
IOP,0.00049288,"2017-12-29 10:30:00"
IOP,0.00049661,"2017-12-29 10:35:00"
IOP,0.00049662,"2017-12-29 10:40:00"
IOP,0.000498,"2017-12-29 10:45:00"
IOP,0.000498,"2017-12-29 10:50:00"
IOP,0.00049289,"2017-12-29 10:55:00"
IOP,0.000497,"2017-12-29 11:00:00"
IOP,0.000497,"2017-12-29 11:05:00"
IOP,0.00049184,"2017-12-29 11:10:00"
IOP,0.00049798,"2017-12-29 11:15:00"
IOP,0.00049204,"2017-12-29 11:20:00"
IOP,0.00049746,"2017-12-29 11:25:00"
IOP,0.00049746,"2017-12-29 11:30:00"
IOP,0.00049202,"2017-12-29 11:35:00"
IOP,0.00049202,"2017-12-29 11:40:00"
IOP,0.00049716,"2017-12-29 11:45:00"
IOP,0.00049247,"2017-12-29 11:50:00"
IOP,0.00049716,"2017-12-29 11:55:00"
IOP,0.0004942,"2017-12-29 12:00:00"
IOP,0.00049416,"2017-12-29 12:05:00"
IOP,0.000494,"2017-12-29 12:10:00"
IOP,0.00049887,"2017-12-29 12:15:00"
IOP,0.00050298,"2017-12-29 12:20:00"
IOP,0.00050999,"2017-12-29 12:25:00"
IOP,0.0005088,"2017-12-29 12:30:00"
IOP,0.00050172,"2017-12-29 12:35:00"
IOP,0.0005087,"2017-12-29 12:40:00"
IOP,0.00050205,"2017-12-29 12:45:00"
IOP,0.00050172,"2017-12-29 12:50:00"
IOP,0.00050171,"2017-12-29 12:55:00"
IOP,0.00049939,"2017-12-29 13:00:00"
IOP,0.00049814,"2017-12-29 13:05:00"
IOP,0.000498,"2017-12-29 13:10:00"
IOP,0.0004921,"2017-12-29 13:15:00"
IOP,0.0004925,"2017-12-29 13:20:00"
IOP,0.00049252,"2017-12-29 13:25:00"
IOP,0.0004955,"2017-12-29 13:30:00"
IOP,0.00049254,"2017-12-29 13:35:00"
IOP,0.00049254,"2017-12-29 13:40:00"
IOP,0.00050137,"2017-12-29 13:45:00"
IOP,0.00049201,"2017-12-29 13:50:00"
IOP,0.00049593,"2017-12-29 13:55:00"
IOP,0.0004959,"2017-12-29 14:00:00"
IOP,0.0004955,"2017-12-29 14:05:00"
IOP,0.00049275,"2017-12-29 14:10:00"
IOP,0.0004959,"2017-12-29 14:15:00"
IOP,0.00049802,"2017-12-29 14:20:00"
IOP,0.00049379,"2017-12-29 14:25:00"
IOP,0.000497,"2017-12-29 14:30:00"
IOP,0.00049379,"2017-12-29 14:35:00"
IOP,0.00049602,"2017-12-29 14:40:00"
IOP,0.0004965,"2017-12-29 14:45:00"
IOP,0.0004961,"2017-12-29 14:50:00"
IOP,0.000498,"2017-12-29 14:55:00"
IOP,0.0005,"2017-12-29 15:00:00"
IOP,0.00050891,"2017-12-29 15:05:00"
IOP,0.00050993,"2017-12-29 15:10:00"
IOP,0.0005042,"2017-12-29 15:15:00"
IOP,0.0005095,"2017-12-29 15:20:00"
IOP,0.0005053,"2017-12-29 15:25:00"
IOP,0.00050415,"2017-12-29 15:30:00"
IOP,0.00050385,"2017-12-29 15:35:00"
IOP,0.00051651,"2017-12-29 15:40:00"
IOP,0.00051025,"2017-12-29 15:45:00"
IOP,0.00051073,"2017-12-29 15:50:00"
IOP,0.00051607,"2017-12-29 15:55:00"
IOP,0.000515,"2017-12-29 16:00:00"
IOP,0.000517,"2017-12-29 16:05:00"
IOP,0.000517,"2017-12-29 16:10:00"
IOP,0.000516,"2017-12-29 16:15:00"
IOP,0.00051501,"2017-12-29 16:20:00"
IOP,0.00051855,"2017-12-29 16:25:00"
IOP,0.00051856,"2017-12-29 16:30:00"
IOP,0.0005185,"2017-12-29 16:35:00"
IOP,0.0005168,"2017-12-29 16:40:00"
IOP,0.000515,"2017-12-29 16:45:00"
IOP,0.000515,"2017-12-29 16:50:00"
IOP,0.000515,"2017-12-29 16:55:00"
IOP,0.0005117,"2017-12-29 17:00:00"
IOP,0.000515,"2017-12-29 17:05:00"
IOP,0.00051155,"2017-12-29 17:10:00"
IOP,0.00051852,"2017-12-29 17:15:00"
IOP,0.00051852,"2017-12-29 17:20:00"
IOP,0.00051852,"2017-12-29 17:25:00"
IOP,0.00051852,"2017-12-29 17:30:00"
IOP,0.00051992,"2017-12-29 17:35:00"
IOP,0.00052,"2017-12-29 17:40:00"
IOP,0.00051755,"2017-12-29 17:45:00"
IOP,0.00053,"2017-12-29 17:50:00"
IOP,0.0005389,"2017-12-29 17:55:00"
IOP,0.00054202,"2017-12-29 18:00:00"
IOP,0.00053601,"2017-12-29 18:05:00"
IOP,0.00053773,"2017-12-29 18:10:00"
IOP,0.0005441,"2017-12-29 18:15:00"
IOP,0.00054287,"2017-12-29 18:20:00"
IOP,0.0005439,"2017-12-29 18:25:00"
IOP,0.00054564,"2017-12-29 18:30:00"
IOP,0.00054425,"2017-12-29 18:35:00"
IOP,0.0005442,"2017-12-29 18:40:00"
IOP,0.00055205,"2017-12-29 18:45:00"
IOP,0.00056307,"2017-12-29 18:50:00"
IOP,0.00055,"2017-12-29 18:55:00"
IOP,0.00055,"2017-12-29 19:00:00"
IOP,0.00056,"2017-12-29 19:05:00"
IOP,0.000563,"2017-12-29 19:10:00"
IOP,0.000567,"2017-12-29 19:15:00"
IOP,0.00056699,"2017-12-29 19:20:00"
IOP,0.00056307,"2017-12-29 19:25:00"
IOP,0.000568,"2017-12-29 19:30:00"
IOP,0.00056859,"2017-12-29 19:35:00"
IOP,0.0005655,"2017-12-29 19:40:00"
IOP,0.00056005,"2017-12-29 19:45:00"
IOP,0.00055,"2017-12-29 19:50:00"
IOP,0.00055228,"2017-12-29 19:55:00"
IOP,0.00056873,"2017-12-29 20:00:00"
IOP,0.00055592,"2017-12-29 20:05:00"
IOP,0.00055254,"2017-12-29 20:10:00"
IOP,0.00055506,"2017-12-29 20:15:00"
IOP,0.0005586,"2017-12-29 20:20:00"
IOP,0.00056503,"2017-12-29 20:25:00"
IOP,0.00057,"2017-12-29 20:30:00"
IOP,0.00056999,"2017-12-29 20:35:00"
IOP,0.00057228,"2017-12-29 20:40:00"
IOP,0.00057011,"2017-12-29 20:45:00"
IOP,0.00057335,"2017-12-29 20:50:00"
IOP,0.00058206,"2017-12-29 20:55:00"
IOP,0.00059113,"2017-12-29 21:00:00"
IOP,0.00056508,"2017-12-29 21:05:00"
IOP,0.00058068,"2017-12-29 21:10:00"
IOP,0.0005901,"2017-12-29 21:15:00"
IOP,0.00058479,"2017-12-29 21:20:00"
IOP,0.00057542,"2017-12-29 21:25:00"
IOP,0.00057501,"2017-12-29 21:30:00"
IOP,0.00057501,"2017-12-29 21:35:00"
IOP,0.000572,"2017-12-29 21:40:00"
IOP,0.00056847,"2017-12-29 21:45:00"
IOP,0.0005587,"2017-12-29 21:50:00"
IOP,0.00055729,"2017-12-29 21:55:00"
IOP,0.00055726,"2017-12-29 22:00:00"
IOP,0.00055872,"2017-12-29 22:05:00"
IOP,0.0005624,"2017-12-29 22:10:00"
IOP,0.00056508,"2017-12-29 22:15:00"
IOP,0.00057126,"2017-12-29 22:20:00"
IOP,0.00057716,"2017-12-29 22:25:00"
IOP,0.00057803,"2017-12-29 22:30:00"
IOP,0.00056753,"2017-12-29 22:35:00"
IOP,0.00057263,"2017-12-29 22:40:00"
IOP,0.0005729,"2017-12-29 22:45:00"
IOP,0.0005729,"2017-12-29 22:50:00"
IOP,0.00057217,"2017-12-29 22:55:00"
IOP,0.00057,"2017-12-29 23:00:00"
IOP,0.00059236,"2017-12-29 23:05:00"
IOP,0.00059663,"2017-12-29 23:10:00"
IOP,0.00059678,"2017-12-29 23:15:00"
IOP,0.00058025,"2017-12-29 23:20:00"
IOP,0.00058994,"2017-12-29 23:25:00"
IOP,0.00058497,"2017-12-29 23:30:00"
IOP,0.00057301,"2017-12-29 23:35:00"
IOP,0.000565,"2017-12-29 23:40:00"
IOP,0.00057498,"2017-12-29 23:45:00"
IOP,0.00057499,"2017-12-29 23:50:00"
IOP,0.00057543,"2017-12-29 23:55:00"
IOP,0.0005754,"2017-12-30 00:00:00"
IOP,0.00057542,"2017-12-30 00:05:00"
IOP,0.00057542,"2017-12-30 00:10:00"
IOP,0.00057542,"2017-12-30 00:15:00"
IOP,0.00058,"2017-12-30 00:20:00"
IOP,0.00058103,"2017-12-30 00:25:00"
IOP,0.00057005,"2017-12-30 00:30:00"
IOP,0.000568,"2017-12-30 00:35:00"
IOP,0.00056131,"2017-12-30 00:40:00"
IOP,0.00056,"2017-12-30 00:45:00"
IOP,0.00055632,"2017-12-30 00:50:00"
IOP,0.00056374,"2017-12-30 00:55:00"
IOP,0.00055807,"2017-12-30 01:00:00"
IOP,0.00055608,"2017-12-30 01:05:00"
IOP,0.00055553,"2017-12-30 01:10:00"
IOP,0.00056201,"2017-12-30 01:15:00"
IOP,0.00055592,"2017-12-30 01:20:00"
IOP,0.00055584,"2017-12-30 01:25:00"
IOP,0.00055349,"2017-12-30 01:30:00"
IOP,0.00054621,"2017-12-30 01:35:00"
IOP,0.00053399,"2017-12-30 01:40:00"
IOP,0.000529,"2017-12-30 01:45:00"
IOP,0.00052646,"2017-12-30 01:50:00"
IOP,0.00052402,"2017-12-30 01:55:00"
IOP,0.000529,"2017-12-30 02:00:00"
IOP,0.00052907,"2017-12-30 02:05:00"
IOP,0.00052,"2017-12-30 02:10:00"
IOP,0.000516,"2017-12-30 02:15:00"
IOP,0.0005135,"2017-12-30 02:20:00"
IOP,0.00051087,"2017-12-30 02:25:00"
IOP,0.00051322,"2017-12-30 02:30:00"
IOP,0.00051797,"2017-12-30 02:35:00"
IOP,0.00052385,"2017-12-30 02:40:00"
IOP,0.00052385,"2017-12-30 02:45:00"
IOP,0.00051799,"2017-12-30 02:50:00"
IOP,0.00051597,"2017-12-30 02:55:00"
IOP,0.00051113,"2017-12-30 03:00:00"
IOP,0.00052187,"2017-12-30 03:05:00"
IOP,0.00052129,"2017-12-30 03:10:00"
IOP,0.00050517,"2017-12-30 03:15:00"
IOP,0.00050201,"2017-12-30 03:20:00"
IOP,0.000503,"2017-12-30 03:25:00"
IOP,0.00050158,"2017-12-30 03:30:00"
IOP,0.00049538,"2017-12-30 03:35:00"
IOP,0.00048956,"2017-12-30 03:40:00"
IOP,0.00048999,"2017-12-30 03:45:00"
IOP,0.00049,"2017-12-30 03:50:00"
IOP,0.00050187,"2017-12-30 03:55:00"
IOP,0.00050699,"2017-12-30 04:00:00"
IOP,0.00050516,"2017-12-30 04:05:00"
IOP,0.0005,"2017-12-30 04:10:00"
IOP,0.0005,"2017-12-30 04:15:00"
IOP,0.00050735,"2017-12-30 04:20:00"
IOP,0.00049839,"2017-12-30 04:25:00"
IOP,0.00049702,"2017-12-30 04:30:00"
IOP,0.00050691,"2017-12-30 04:35:00"
IOP,0.00050507,"2017-12-30 04:40:00"
IOP,0.00050281,"2017-12-30 04:45:00"
IOP,0.000517,"2017-12-30 04:50:00"
IOP,0.00051878,"2017-12-30 04:55:00"
IOP,0.0005117,"2017-12-30 05:00:00"
IOP,0.0005117,"2017-12-30 05:05:00"
IOP,0.00052066,"2017-12-30 05:10:00"
IOP,0.00052846,"2017-12-30 05:15:00"
IOP,0.00052714,"2017-12-30 05:20:00"
IOP,0.00052714,"2017-12-30 05:25:00"
IOP,0.00052714,"2017-12-30 05:30:00"
IOP,0.00052104,"2017-12-30 05:35:00"
IOP,0.00052102,"2017-12-30 05:40:00"
IOP,0.000519,"2017-12-30 05:45:00"
IOP,0.00051891,"2017-12-30 05:50:00"
IOP,0.00051257,"2017-12-30 05:55:00"
IOP,0.00051071,"2017-12-30 06:00:00"
IOP,0.00050753,"2017-12-30 06:05:00"
IOP,0.00051131,"2017-12-30 06:10:00"
IOP,0.00051699,"2017-12-30 06:15:00"
IOP,0.000516,"2017-12-30 06:20:00"
IOP,0.00051642,"2017-12-30 06:25:00"
IOP,0.0005189,"2017-12-30 06:30:00"
IOP,0.00051892,"2017-12-30 06:35:00"
IOP,0.00051892,"2017-12-30 06:40:00"
IOP,0.00051893,"2017-12-30 06:45:00"
IOP,0.00051893,"2017-12-30 06:50:00"
IOP,0.00051945,"2017-12-30 06:55:00"
IOP,0.00051016,"2017-12-30 07:00:00"
IOP,0.00051876,"2017-12-30 07:05:00"
IOP,0.00051483,"2017-12-30 07:10:00"
IOP,0.00051449,"2017-12-30 07:15:00"
IOP,0.00051399,"2017-12-30 07:20:00"
IOP,0.00051,"2017-12-30 07:25:00"
IOP,0.00051399,"2017-12-30 07:30:00"
IOP,0.00051299,"2017-12-30 07:35:00"
IOP,0.00051001,"2017-12-30 07:40:00"
IOP,0.0005139,"2017-12-30 07:45:00"
IOP,0.0005139,"2017-12-30 07:50:00"
IOP,0.00051597,"2017-12-30 07:55:00"
IOP,0.00051128,"2017-12-30 08:00:00"
IOP,0.00051598,"2017-12-30 08:05:00"
IOP,0.00051176,"2017-12-30 08:10:00"
IOP,0.00051587,"2017-12-30 08:15:00"
IOP,0.00051582,"2017-12-30 08:20:00"
IOP,0.000514,"2017-12-30 08:25:00"
IOP,0.00051582,"2017-12-30 08:30:00"
IOP,0.0005113,"2017-12-30 08:35:00"
IOP,0.00051132,"2017-12-30 08:40:00"
IOP,0.00050846,"2017-12-30 08:45:00"
IOP,0.00050366,"2017-12-30 08:50:00"
IOP,0.00050845,"2017-12-30 08:55:00"
IOP,0.00050843,"2017-12-30 09:00:00"
IOP,0.00050365,"2017-12-30 09:05:00"
IOP,0.00050841,"2017-12-30 09:10:00"
IOP,0.00049807,"2017-12-30 09:15:00"
IOP,0.00049769,"2017-12-30 09:20:00"
IOP,0.00050128,"2017-12-30 09:25:00"
IOP,0.00050132,"2017-12-30 09:30:00"
IOP,0.00050756,"2017-12-30 09:35:00"
IOP,0.00050783,"2017-12-30 09:40:00"
IOP,0.00050781,"2017-12-30 09:45:00"
IOP,0.00051371,"2017-12-30 09:50:00"
IOP,0.00050999,"2017-12-30 09:55:00"
IOP,0.00050999,"2017-12-30 10:00:00"
IOP,0.00050643,"2017-12-30 10:05:00"
IOP,0.00050642,"2017-12-30 10:10:00"
IOP,0.00050643,"2017-12-30 10:15:00"
IOP,0.00050297,"2017-12-30 10:20:00"
IOP,0.0005025,"2017-12-30 10:25:00"
IOP,0.00050665,"2017-12-30 10:30:00"
IOP,0.00050498,"2017-12-30 10:35:00"
IOP,0.0005,"2017-12-30 10:40:00"
IOP,0.00049399,"2017-12-30 10:45:00"
IOP,0.000497,"2017-12-30 10:50:00"
IOP,0.0004943,"2017-12-30 10:55:00"
IOP,0.00049421,"2017-12-30 11:00:00"
IOP,0.00049529,"2017-12-30 11:05:00"
IOP,0.00050115,"2017-12-30 11:10:00"
IOP,0.00050235,"2017-12-30 11:15:00"
IOP,0.00050841,"2017-12-30 11:20:00"
IOP,0.00051107,"2017-12-30 11:25:00"
IOP,0.00051565,"2017-12-30 11:30:00"
IOP,0.00051,"2017-12-30 11:35:00"
IOP,0.00050999,"2017-12-30 11:40:00"
IOP,0.00051546,"2017-12-30 11:45:00"
IOP,0.00050225,"2017-12-30 11:50:00"
IOP,0.00049462,"2017-12-30 11:55:00"
IOP,0.00050251,"2017-12-30 12:00:00"
IOP,0.00050058,"2017-12-30 12:05:00"
IOP,0.00050039,"2017-12-30 12:10:00"
IOP,0.00050057,"2017-12-30 12:15:00"
IOP,0.000507,"2017-12-30 12:20:00"
IOP,0.0005073,"2017-12-30 12:25:00"
IOP,0.000507,"2017-12-30 12:30:00"
IOP,0.0005039,"2017-12-30 12:35:00"
IOP,0.00050697,"2017-12-30 12:40:00"
IOP,0.00050041,"2017-12-30 12:45:00"
IOP,0.00050506,"2017-12-30 12:50:00"
IOP,0.00050033,"2017-12-30 12:55:00"
IOP,0.00050829,"2017-12-30 13:00:00"
IOP,0.00050002,"2017-12-30 13:05:00"
IOP,0.00050004,"2017-12-30 13:10:00"
IOP,0.00049495,"2017-12-30 13:15:00"
IOP,0.00048899,"2017-12-30 13:20:00"
IOP,0.00049478,"2017-12-30 13:25:00"
IOP,0.00049507,"2017-12-30 13:30:00"
IOP,0.00049507,"2017-12-30 13:35:00"
IOP,0.00049507,"2017-12-30 13:40:00"
IOP,0.00049033,"2017-12-30 13:45:00"
IOP,0.00048511,"2017-12-30 13:50:00"
IOP,0.00048048,"2017-12-30 13:55:00"
IOP,0.00048,"2017-12-30 14:00:00"
IOP,0.00047682,"2017-12-30 14:05:00"
IOP,0.0004755,"2017-12-30 14:10:00"
IOP,0.00047471,"2017-12-30 14:15:00"
IOP,0.00047101,"2017-12-30 14:20:00"
IOP,0.00047559,"2017-12-30 14:25:00"
IOP,0.00048093,"2017-12-30 14:30:00"
IOP,0.00048301,"2017-12-30 14:35:00"
IOP,0.00048691,"2017-12-30 14:40:00"
IOP,0.00048712,"2017-12-30 14:45:00"
IOP,0.00049061,"2017-12-30 14:50:00"
IOP,0.00049387,"2017-12-30 14:55:00"
IOP,0.000494,"2017-12-30 15:00:00"
IOP,0.00049387,"2017-12-30 15:05:00"
IOP,0.0004949,"2017-12-30 15:10:00"
IOP,0.00049998,"2017-12-30 15:15:00"
IOP,0.00049497,"2017-12-30 15:20:00"
IOP,0.00049935,"2017-12-30 15:25:00"
IOP,0.00049494,"2017-12-30 15:30:00"
IOP,0.00049938,"2017-12-30 15:35:00"
IOP,0.000495,"2017-12-30 15:40:00"
IOP,0.00049994,"2017-12-30 15:45:00"
IOP,0.00049986,"2017-12-30 15:50:00"
IOP,0.000495,"2017-12-30 15:55:00"
IOP,0.000495,"2017-12-30 16:00:00"
IOP,0.00049597,"2017-12-30 16:05:00"
IOP,0.0005,"2017-12-30 16:10:00"
IOP,0.00050003,"2017-12-30 16:15:00"
IOP,0.00050007,"2017-12-30 16:20:00"
IOP,0.00050497,"2017-12-30 16:25:00"
IOP,0.00050106,"2017-12-30 16:30:00"
IOP,0.000509,"2017-12-30 16:35:00"
IOP,0.00050798,"2017-12-30 16:40:00"
IOP,0.00050111,"2017-12-30 16:45:00"
IOP,0.00050111,"2017-12-30 16:50:00"
IOP,0.00050111,"2017-12-30 16:55:00"
IOP,0.000502,"2017-12-30 17:00:00"
IOP,0.00050201,"2017-12-30 17:05:00"
IOP,0.00050904,"2017-12-30 17:10:00"
IOP,0.00050201,"2017-12-30 17:15:00"
IOP,0.00050903,"2017-12-30 17:20:00"
IOP,0.00050214,"2017-12-30 17:25:00"
IOP,0.00050898,"2017-12-30 17:30:00"
IOP,0.00050219,"2017-12-30 17:35:00"
IOP,0.0005001,"2017-12-30 17:40:00"
IOP,0.0004949,"2017-12-30 17:45:00"
IOP,0.00049,"2017-12-30 17:50:00"
IOP,0.00049399,"2017-12-30 17:55:00"
IOP,0.00048222,"2017-12-30 18:00:00"
IOP,0.00049399,"2017-12-30 18:05:00"
IOP,0.00049295,"2017-12-30 18:10:00"
IOP,0.00048999,"2017-12-30 18:15:00"
IOP,0.00049295,"2017-12-30 18:20:00"
IOP,0.000494,"2017-12-30 18:25:00"
IOP,0.0004968,"2017-12-30 18:30:00"
IOP,0.00050001,"2017-12-30 18:35:00"
IOP,0.0005012,"2017-12-30 18:40:00"
IOP,0.00049703,"2017-12-30 18:45:00"
IOP,0.00049747,"2017-12-30 18:50:00"
IOP,0.0005058,"2017-12-30 18:55:00"
IOP,0.00050555,"2017-12-30 19:00:00"
IOP,0.00050554,"2017-12-30 19:05:00"
IOP,0.00050554,"2017-12-30 19:10:00"
IOP,0.00050008,"2017-12-30 19:15:00"
IOP,0.00050547,"2017-12-30 19:20:00"
IOP,0.0005001,"2017-12-30 19:25:00"
IOP,0.00050003,"2017-12-30 19:30:00"
IOP,0.00050003,"2017-12-30 19:35:00"
IOP,0.00050008,"2017-12-30 19:40:00"
IOP,0.00050545,"2017-12-30 19:45:00"
IOP,0.00050558,"2017-12-30 19:50:00"
IOP,0.000515,"2017-12-30 19:55:00"
IOP,0.00051,"2017-12-30 20:00:00"
IOP,0.00051,"2017-12-30 20:05:00"
IOP,0.00051583,"2017-12-30 20:10:00"
IOP,0.00051568,"2017-12-30 20:15:00"
IOP,0.00051595,"2017-12-30 20:20:00"
IOP,0.00051612,"2017-12-30 20:25:00"
IOP,0.00051595,"2017-12-30 20:30:00"
IOP,0.00051005,"2017-12-30 20:35:00"
IOP,0.00051006,"2017-12-30 20:40:00"
IOP,0.00051595,"2017-12-30 20:45:00"
IOP,0.00051593,"2017-12-30 20:50:00"
IOP,0.00051593,"2017-12-30 20:55:00"
IOP,0.0005188,"2017-12-30 21:00:00"
IOP,0.00052285,"2017-12-30 21:05:00"
IOP,0.00051593,"2017-12-30 21:10:00"
IOP,0.00051593,"2017-12-30 21:15:00"
IOP,0.00051593,"2017-12-30 21:20:00"
IOP,0.00049999,"2017-12-30 21:25:00"
IOP,0.00049999,"2017-12-30 21:30:00"
IOP,0.00050695,"2017-12-30 21:35:00"
IOP,0.00051,"2017-12-30 21:40:00"
IOP,0.00051582,"2017-12-30 21:45:00"
IOP,0.00051581,"2017-12-30 21:50:00"
IOP,0.00051581,"2017-12-30 21:55:00"
IOP,0.00051582,"2017-12-30 22:00:00"
IOP,0.00051581,"2017-12-30 22:05:00"
IOP,0.00051044,"2017-12-30 22:10:00"
IOP,0.00051583,"2017-12-30 22:15:00"
IOP,0.00051588,"2017-12-30 22:20:00"
IOP,0.00052631,"2017-12-30 22:25:00"
IOP,0.000529,"2017-12-30 22:30:00"
IOP,0.00052899,"2017-12-30 22:35:00"
IOP,0.00053375,"2017-12-30 22:40:00"
IOP,0.00053997,"2017-12-30 22:45:00"
IOP,0.00054846,"2017-12-30 22:50:00"
IOP,0.00055555,"2017-12-30 22:55:00"
IOP,0.00054259,"2017-12-30 23:00:00"
IOP,0.00053402,"2017-12-30 23:05:00"
IOP,0.0005431,"2017-12-30 23:10:00"
IOP,0.00054807,"2017-12-30 23:15:00"
IOP,0.0005431,"2017-12-30 23:20:00"
IOP,0.000537,"2017-12-30 23:25:00"
IOP,0.00054,"2017-12-30 23:30:00"
IOP,0.00053701,"2017-12-30 23:35:00"
IOP,0.00054,"2017-12-30 23:40:00"
IOP,0.00054003,"2017-12-30 23:45:00"
IOP,0.00055348,"2017-12-30 23:50:00"
IOP,0.00055355,"2017-12-30 23:55:00"
IOP,0.000545,"2017-12-31 00:00:00"
IOP,0.00054,"2017-12-31 00:05:00"
IOP,0.00053702,"2017-12-31 00:10:00"
IOP,0.00052999,"2017-12-31 00:15:00"
IOP,0.00052999,"2017-12-31 00:20:00"
IOP,0.00052999,"2017-12-31 00:25:00"
IOP,0.000523,"2017-12-31 00:30:00"
IOP,0.00053,"2017-12-31 00:35:00"
IOP,0.00052725,"2017-12-31 00:40:00"
IOP,0.000532,"2017-12-31 00:45:00"
IOP,0.00053,"2017-12-31 00:50:00"
IOP,0.00053,"2017-12-31 00:55:00"
IOP,0.00052856,"2017-12-31 01:00:00"
IOP,0.00053395,"2017-12-31 01:05:00"
IOP,0.00054,"2017-12-31 01:10:00"
IOP,0.00052725,"2017-12-31 01:15:00"
IOP,0.00051683,"2017-12-31 01:20:00"
IOP,0.00051757,"2017-12-31 01:25:00"
IOP,0.00052759,"2017-12-31 01:30:00"
IOP,0.00053333,"2017-12-31 01:35:00"
IOP,0.0005303,"2017-12-31 01:40:00"
IOP,0.00051757,"2017-12-31 01:45:00"
IOP,0.0005176,"2017-12-31 01:50:00"
IOP,0.0005176,"2017-12-31 01:55:00"
IOP,0.00052265,"2017-12-31 02:00:00"
IOP,0.00052224,"2017-12-31 02:05:00"
IOP,0.00053,"2017-12-31 02:10:00"
IOP,0.00052264,"2017-12-31 02:15:00"
IOP,0.00053023,"2017-12-31 02:20:00"
IOP,0.00052264,"2017-12-31 02:25:00"
IOP,0.00052265,"2017-12-31 02:30:00"
IOP,0.00052264,"2017-12-31 02:35:00"
IOP,0.00052498,"2017-12-31 02:40:00"
IOP,0.00052599,"2017-12-31 02:45:00"
IOP,0.00052596,"2017-12-31 02:50:00"
IOP,0.00051759,"2017-12-31 02:55:00"
IOP,0.00051544,"2017-12-31 03:00:00"
IOP,0.00051549,"2017-12-31 03:05:00"
IOP,0.00051493,"2017-12-31 03:10:00"
IOP,0.00051232,"2017-12-31 03:15:00"
IOP,0.00051353,"2017-12-31 03:20:00"
IOP,0.00051568,"2017-12-31 03:25:00"
IOP,0.00051529,"2017-12-31 03:30:00"
IOP,0.00051,"2017-12-31 03:35:00"
IOP,0.0005152,"2017-12-31 03:40:00"
IOP,0.0005152,"2017-12-31 03:45:00"
IOP,0.00051,"2017-12-31 03:50:00"
IOP,0.00050445,"2017-12-31 03:55:00"
IOP,0.000504,"2017-12-31 04:00:00"
IOP,0.000504,"2017-12-31 04:05:00"
IOP,0.00051191,"2017-12-31 04:10:00"
IOP,0.00050401,"2017-12-31 04:15:00"
IOP,0.00051,"2017-12-31 04:20:00"
IOP,0.00051336,"2017-12-31 04:25:00"
IOP,0.0005119,"2017-12-31 04:30:00"
IOP,0.00051189,"2017-12-31 04:35:00"
IOP,0.000504,"2017-12-31 04:40:00"
IOP,0.00050343,"2017-12-31 04:45:00"
IOP,0.00051428,"2017-12-31 04:50:00"
IOP,0.00050277,"2017-12-31 04:55:00"
IOP,0.00050275,"2017-12-31 05:00:00"
IOP,0.00050275,"2017-12-31 05:05:00"
IOP,0.00050007,"2017-12-31 05:10:00"
IOP,0.00050014,"2017-12-31 05:15:00"
IOP,0.00049995,"2017-12-31 05:20:00"
IOP,0.00050002,"2017-12-31 05:25:00"
IOP,0.00050006,"2017-12-31 05:30:00"
IOP,0.00050007,"2017-12-31 05:35:00"
IOP,0.00050002,"2017-12-31 05:40:00"
IOP,0.00050412,"2017-12-31 05:45:00"
IOP,0.00050001,"2017-12-31 05:50:00"
IOP,0.00050412,"2017-12-31 05:55:00"
IOP,0.00050692,"2017-12-31 06:00:00"
IOP,0.00050002,"2017-12-31 06:05:00"
IOP,0.00050007,"2017-12-31 06:10:00"
IOP,0.00050662,"2017-12-31 06:15:00"
IOP,0.00050662,"2017-12-31 06:20:00"
IOP,0.00050656,"2017-12-31 06:25:00"
IOP,0.00050658,"2017-12-31 06:30:00"
IOP,0.00050656,"2017-12-31 06:35:00"
IOP,0.000507,"2017-12-31 06:40:00"
IOP,0.0005073,"2017-12-31 06:45:00"
IOP,0.00051017,"2017-12-31 06:50:00"
IOP,0.00051253,"2017-12-31 06:55:00"
IOP,0.00051707,"2017-12-31 07:00:00"
IOP,0.00051719,"2017-12-31 07:05:00"
IOP,0.00052252,"2017-12-31 07:10:00"
IOP,0.00052614,"2017-12-31 07:15:00"
IOP,0.0005299,"2017-12-31 07:20:00"
IOP,0.00053,"2017-12-31 07:25:00"
IOP,0.000531,"2017-12-31 07:30:00"
IOP,0.000525,"2017-12-31 07:35:00"
IOP,0.00052,"2017-12-31 07:40:00"
IOP,0.00052586,"2017-12-31 07:45:00"
IOP,0.00053099,"2017-12-31 07:50:00"
IOP,0.00053,"2017-12-31 07:55:00"
IOP,0.00053999,"2017-12-31 08:00:00"
IOP,0.00053062,"2017-12-31 08:05:00"
IOP,0.00053065,"2017-12-31 08:10:00"
IOP,0.00053066,"2017-12-31 08:15:00"
IOP,0.00053066,"2017-12-31 08:20:00"
IOP,0.00052,"2017-12-31 08:25:00"
IOP,0.00052733,"2017-12-31 08:30:00"
IOP,0.00051902,"2017-12-31 08:35:00"
IOP,0.00052353,"2017-12-31 08:40:00"
IOP,0.00052,"2017-12-31 08:45:00"
IOP,0.00052,"2017-12-31 08:50:00"
IOP,0.00052299,"2017-12-31 08:55:00"
IOP,0.00052759,"2017-12-31 09:00:00"
IOP,0.00052759,"2017-12-31 09:05:00"
IOP,0.00052353,"2017-12-31 09:10:00"
IOP,0.00052354,"2017-12-31 09:15:00"
IOP,0.00052354,"2017-12-31 09:20:00"
IOP,0.00053078,"2017-12-31 09:25:00"
IOP,0.0005276,"2017-12-31 09:30:00"
IOP,0.00052,"2017-12-31 09:35:00"
IOP,0.00051919,"2017-12-31 09:40:00"
IOP,0.00051967,"2017-12-31 09:45:00"
IOP,0.00051801,"2017-12-31 09:50:00"
IOP,0.00053079,"2017-12-31 09:55:00"
IOP,0.00053078,"2017-12-31 10:00:00"
IOP,0.000524,"2017-12-31 10:05:00"
IOP,0.00052526,"2017-12-31 10:10:00"
IOP,0.0005307,"2017-12-31 10:15:00"
IOP,0.0005307,"2017-12-31 10:20:00"
IOP,0.00053066,"2017-12-31 10:25:00"
IOP,0.00053066,"2017-12-31 10:30:00"
IOP,0.00053,"2017-12-31 10:35:00"
IOP,0.00053,"2017-12-31 10:40:00"
IOP,0.000526,"2017-12-31 10:45:00"
IOP,0.000526,"2017-12-31 10:50:00"
IOP,0.00052528,"2017-12-31 10:55:00"
IOP,0.0005266,"2017-12-31 11:00:00"
IOP,0.00052528,"2017-12-31 11:05:00"
IOP,0.0005266,"2017-12-31 11:10:00"
IOP,0.00052048,"2017-12-31 11:15:00"
IOP,0.00052048,"2017-12-31 11:20:00"
IOP,0.00052999,"2017-12-31 11:25:00"
IOP,0.00052143,"2017-12-31 11:30:00"
IOP,0.00052158,"2017-12-31 11:35:00"
IOP,0.00051898,"2017-12-31 11:40:00"
IOP,0.0005267,"2017-12-31 11:45:00"
IOP,0.00052661,"2017-12-31 11:50:00"
IOP,0.00052553,"2017-12-31 11:55:00"
IOP,0.0005225,"2017-12-31 12:00:00"
IOP,0.0005225,"2017-12-31 12:05:00"
IOP,0.00052243,"2017-12-31 12:10:00"
IOP,0.00051895,"2017-12-31 12:15:00"
IOP,0.00051895,"2017-12-31 12:20:00"
IOP,0.00051898,"2017-12-31 12:25:00"
IOP,0.00051898,"2017-12-31 12:30:00"
IOP,0.00052243,"2017-12-31 12:35:00"
IOP,0.000519,"2017-12-31 12:40:00"
IOP,0.00052245,"2017-12-31 12:45:00"
IOP,0.000519,"2017-12-31 12:50:00"
IOP,0.00052245,"2017-12-31 12:55:00"
IOP,0.00052245,"2017-12-31 13:00:00"
IOP,0.00052048,"2017-12-31 13:05:00"
IOP,0.000527,"2017-12-31 13:10:00"
IOP,0.00052641,"2017-12-31 13:15:00"
IOP,0.00052668,"2017-12-31 13:20:00"
IOP,0.00052668,"2017-12-31 13:25:00"
IOP,0.00052668,"2017-12-31 13:30:00"
IOP,0.00052052,"2017-12-31 13:35:00"
IOP,0.00052105,"2017-12-31 13:40:00"
IOP,0.00052026,"2017-12-31 13:45:00"
IOP,0.00051901,"2017-12-31 13:50:00"
IOP,0.00052028,"2017-12-31 13:55:00"
IOP,0.00052512,"2017-12-31 14:00:00"
IOP,0.000525,"2017-12-31 14:05:00"
IOP,0.000525,"2017-12-31 14:10:00"
IOP,0.0005265,"2017-12-31 14:15:00"
IOP,0.0005265,"2017-12-31 14:20:00"
IOP,0.00052182,"2017-12-31 14:25:00"
IOP,0.00052234,"2017-12-31 14:30:00"
IOP,0.00051931,"2017-12-31 14:35:00"
IOP,0.00052563,"2017-12-31 14:40:00"
IOP,0.00052612,"2017-12-31 14:45:00"
IOP,0.00052668,"2017-12-31 14:50:00"
IOP,0.00052357,"2017-12-31 14:55:00"
IOP,0.00052232,"2017-12-31 15:00:00"
IOP,0.0005205,"2017-12-31 15:05:00"
IOP,0.000526,"2017-12-31 15:10:00"
IOP,0.00052575,"2017-12-31 15:15:00"
IOP,0.00052575,"2017-12-31 15:20:00"
IOP,0.00052575,"2017-12-31 15:25:00"
IOP,0.0005219,"2017-12-31 15:30:00"
IOP,0.0005219,"2017-12-31 15:35:00"
IOP,0.00052165,"2017-12-31 15:40:00"
IOP,0.00052081,"2017-12-31 15:45:00"
IOP,0.00052033,"2017-12-31 15:50:00"
IOP,0.00052098,"2017-12-31 15:55:00"
IOP,0.00052941,"2017-12-31 16:00:00"
IOP,0.00052994,"2017-12-31 16:05:00"
IOP,0.00052207,"2017-12-31 16:10:00"
IOP,0.000522,"2017-12-31 16:15:00"
IOP,0.000522,"2017-12-31 16:20:00"
IOP,0.00052215,"2017-12-31 16:25:00"
IOP,0.00052222,"2017-12-31 16:30:00"
IOP,0.000522,"2017-12-31 16:35:00"
IOP,0.00052242,"2017-12-31 16:40:00"
IOP,0.00052581,"2017-12-31 16:45:00"
IOP,0.00052,"2017-12-31 16:50:00"
IOP,0.00051979,"2017-12-31 16:55:00"
IOP,0.00051901,"2017-12-31 17:00:00"
IOP,0.00051892,"2017-12-31 17:05:00"
IOP,0.00051892,"2017-12-31 17:10:00"
IOP,0.00051751,"2017-12-31 17:15:00"
IOP,0.00051,"2017-12-31 17:20:00"
IOP,0.00050755,"2017-12-31 17:25:00"
IOP,0.000503,"2017-12-31 17:30:00"
IOP,0.00050113,"2017-12-31 17:35:00"
IOP,0.0004949,"2017-12-31 17:40:00"
IOP,0.00049349,"2017-12-31 17:45:00"
IOP,0.00048809,"2017-12-31 17:50:00"
IOP,0.00048667,"2017-12-31 17:55:00"
IOP,0.000485,"2017-12-31 18:00:00"
IOP,0.0004934,"2017-12-31 18:05:00"
IOP,0.00050111,"2017-12-31 18:10:00"
IOP,0.00049998,"2017-12-31 18:15:00"
IOP,0.00049288,"2017-12-31 18:20:00"
IOP,0.00050523,"2017-12-31 18:25:00"
IOP,0.00050362,"2017-12-31 18:30:00"
IOP,0.00050444,"2017-12-31 18:35:00"
IOP,0.00051306,"2017-12-31 18:40:00"
IOP,0.00050646,"2017-12-31 18:45:00"
IOP,0.00050646,"2017-12-31 18:50:00"
IOP,0.00050647,"2017-12-31 18:55:00"
IOP,0.00050649,"2017-12-31 19:00:00"
IOP,0.000507,"2017-12-31 19:05:00"
IOP,0.0005108,"2017-12-31 19:10:00"
IOP,0.00051079,"2017-12-31 19:15:00"
IOP,0.00051405,"2017-12-31 19:20:00"
IOP,0.00051477,"2017-12-31 19:25:00"
IOP,0.00051477,"2017-12-31 19:30:00"
IOP,0.00051093,"2017-12-31 19:35:00"
IOP,0.00050653,"2017-12-31 19:40:00"
IOP,0.00050714,"2017-12-31 19:45:00"
IOP,0.00051223,"2017-12-31 19:50:00"
IOP,0.00050657,"2017-12-31 19:55:00"
IOP,0.00051424,"2017-12-31 20:00:00"
IOP,0.00050669,"2017-12-31 20:05:00"
IOP,0.00050669,"2017-12-31 20:10:00"
IOP,0.00050669,"2017-12-31 20:15:00"
IOP,0.00051353,"2017-12-31 20:20:00"
IOP,0.00051353,"2017-12-31 20:25:00"
IOP,0.00051353,"2017-12-31 20:30:00"
IOP,0.00051352,"2017-12-31 20:35:00"
IOP,0.00051423,"2017-12-31 20:40:00"
IOP,0.00051423,"2017-12-31 20:45:00"
IOP,0.000521,"2017-12-31 20:50:00"
IOP,0.0005187,"2017-12-31 20:55:00"
IOP,0.00051869,"2017-12-31 21:00:00"
IOP,0.00050649,"2017-12-31 21:05:00"
IOP,0.00052075,"2017-12-31 21:10:00"
IOP,0.00052075,"2017-12-31 21:15:00"
IOP,0.00052075,"2017-12-31 21:20:00"
IOP,0.00050884,"2017-12-31 21:25:00"
IOP,0.00051042,"2017-12-31 21:30:00"
IOP,0.00051042,"2017-12-31 21:35:00"
IOP,0.00051617,"2017-12-31 21:40:00"
IOP,0.0005055,"2017-12-31 21:45:00"
IOP,0.00050263,"2017-12-31 21:50:00"
IOP,0.00050263,"2017-12-31 21:55:00"
IOP,0.00049904,"2017-12-31 22:00:00"
IOP,0.00049903,"2017-12-31 22:05:00"
IOP,0.00049904,"2017-12-31 22:10:00"
IOP,0.00049905,"2017-12-31 22:15:00"
IOP,0.00050424,"2017-12-31 22:20:00"
IOP,0.00050424,"2017-12-31 22:25:00"
IOP,0.00050695,"2017-12-31 22:30:00"
IOP,0.00051116,"2017-12-31 22:35:00"
IOP,0.00050862,"2017-12-31 22:40:00"
IOP,0.00050715,"2017-12-31 22:45:00"
IOP,0.00050418,"2017-12-31 22:50:00"
IOP,0.00050418,"2017-12-31 22:55:00"
IOP,0.0004991,"2017-12-31 23:00:00"
IOP,0.0004991,"2017-12-31 23:05:00"
IOP,0.00049784,"2017-12-31 23:10:00"
IOP,0.00049605,"2017-12-31 23:15:00"
IOP,0.0005072,"2017-12-31 23:20:00"
IOP,0.00050796,"2017-12-31 23:25:00"
IOP,0.00050924,"2017-12-31 23:30:00"
IOP,0.00050934,"2017-12-31 23:35:00"
IOP,0.0005099,"2017-12-31 23:40:00"
IOP,0.00051612,"2017-12-31 23:45:00"
IOP,0.00051613,"2017-12-31 23:50:00"
IOP,0.00051613,"2017-12-31 23:55:00"
IOP,0.00051613,"2018-01-01 00:00:00"
IOP,0.00051613,"2018-01-01 00:05:00"
IOP,0.00050924,"2018-01-01 00:10:00"
IOP,0.00051612,"2018-01-01 00:15:00"
IOP,0.00051613,"2018-01-01 00:20:00"
IOP,0.00051613,"2018-01-01 00:25:00"
IOP,0.00051731,"2018-01-01 00:30:00"
IOP,0.00050337,"2018-01-01 00:35:00"
IOP,0.00050335,"2018-01-01 00:40:00"
IOP,0.00049849,"2018-01-01 00:45:00"
IOP,0.00049547,"2018-01-01 00:50:00"
IOP,0.00049725,"2018-01-01 00:55:00"
IOP,0.00050476,"2018-01-01 01:00:00"
IOP,0.00050442,"2018-01-01 01:05:00"
IOP,0.00049899,"2018-01-01 01:10:00"
IOP,0.0004933,"2018-01-01 01:15:00"
IOP,0.00049401,"2018-01-01 01:20:00"
IOP,0.00050261,"2018-01-01 01:25:00"
IOP,0.00048917,"2018-01-01 01:30:00"
IOP,0.00050529,"2018-01-01 01:35:00"
IOP,0.00049991,"2018-01-01 01:40:00"
IOP,0.00049557,"2018-01-01 01:45:00"
IOP,0.0004856,"2018-01-01 01:50:00"
IOP,0.00049499,"2018-01-01 01:55:00"
IOP,0.00048553,"2018-01-01 02:00:00"
IOP,0.00048991,"2018-01-01 02:05:00"
IOP,0.00049499,"2018-01-01 02:10:00"
IOP,0.00049499,"2018-01-01 02:15:00"
IOP,0.00049499,"2018-01-01 02:20:00"
IOP,0.00050152,"2018-01-01 02:25:00"
IOP,0.00050152,"2018-01-01 02:30:00"
IOP,0.00050489,"2018-01-01 02:35:00"
IOP,0.0005055,"2018-01-01 02:40:00"
IOP,0.00050552,"2018-01-01 02:45:00"
IOP,0.00050552,"2018-01-01 02:50:00"
IOP,0.000507,"2018-01-01 02:55:00"
IOP,0.00050551,"2018-01-01 03:00:00"
IOP,0.0005055,"2018-01-01 03:05:00"
IOP,0.0005055,"2018-01-01 03:10:00"
IOP,0.00050459,"2018-01-01 03:15:00"
IOP,0.00050339,"2018-01-01 03:20:00"
IOP,0.00050326,"2018-01-01 03:25:00"
IOP,0.00050319,"2018-01-01 03:30:00"
IOP,0.00050326,"2018-01-01 03:35:00"
IOP,0.0005038,"2018-01-01 03:40:00"
IOP,0.00050381,"2018-01-01 03:45:00"
IOP,0.00050545,"2018-01-01 03:50:00"
IOP,0.0005071,"2018-01-01 03:55:00"
IOP,0.00051199,"2018-01-01 04:00:00"
IOP,0.00052001,"2018-01-01 04:05:00"
IOP,0.00052396,"2018-01-01 04:10:00"
IOP,0.00050829,"2018-01-01 04:15:00"
IOP,0.00051194,"2018-01-01 04:20:00"
IOP,0.00052196,"2018-01-01 04:25:00"
IOP,0.00051245,"2018-01-01 04:30:00"
IOP,0.00051256,"2018-01-01 04:35:00"
IOP,0.00051282,"2018-01-01 04:40:00"
IOP,0.00051288,"2018-01-01 04:45:00"
IOP,0.00052396,"2018-01-01 04:50:00"
IOP,0.000524,"2018-01-01 04:55:00"
IOP,0.000524,"2018-01-01 05:00:00"
IOP,0.00051521,"2018-01-01 05:05:00"
IOP,0.000515,"2018-01-01 05:10:00"
IOP,0.00050918,"2018-01-01 05:15:00"
IOP,0.00052017,"2018-01-01 05:20:00"
IOP,0.00052026,"2018-01-01 05:25:00"
IOP,0.00052444,"2018-01-01 05:30:00"
IOP,0.00052444,"2018-01-01 05:35:00"
IOP,0.00052001,"2018-01-01 05:40:00"
IOP,0.00051947,"2018-01-01 05:45:00"
IOP,0.00051172,"2018-01-01 05:50:00"
IOP,0.00050705,"2018-01-01 05:55:00"
IOP,0.000507,"2018-01-01 06:00:00"
IOP,0.00052077,"2018-01-01 06:05:00"
IOP,0.00052077,"2018-01-01 06:10:00"
IOP,0.00050928,"2018-01-01 06:15:00"
IOP,0.00050002,"2018-01-01 06:20:00"
IOP,0.00051,"2018-01-01 06:25:00"
IOP,0.00050338,"2018-01-01 06:30:00"
IOP,0.0005035,"2018-01-01 06:35:00"
IOP,0.00050411,"2018-01-01 06:40:00"
IOP,0.00050281,"2018-01-01 06:45:00"
IOP,0.00050282,"2018-01-01 06:50:00"
IOP,0.00050409,"2018-01-01 06:55:00"
IOP,0.0005043,"2018-01-01 07:00:00"
IOP,0.0005043,"2018-01-01 07:05:00"
IOP,0.0005055,"2018-01-01 07:10:00"
IOP,0.0005055,"2018-01-01 07:15:00"
IOP,0.00050505,"2018-01-01 07:20:00"
IOP,0.00050506,"2018-01-01 07:25:00"
IOP,0.00050916,"2018-01-01 07:30:00"
IOP,0.00050422,"2018-01-01 07:35:00"
IOP,0.00050416,"2018-01-01 07:40:00"
IOP,0.00050285,"2018-01-01 07:45:00"
IOP,0.00050286,"2018-01-01 07:50:00"
IOP,0.00050281,"2018-01-01 07:55:00"
IOP,0.00050422,"2018-01-01 08:00:00"
IOP,0.00050003,"2018-01-01 08:05:00"
IOP,0.00050422,"2018-01-01 08:10:00"
IOP,0.00050422,"2018-01-01 08:15:00"
IOP,0.00050422,"2018-01-01 08:20:00"
IOP,0.00050426,"2018-01-01 08:25:00"
IOP,0.000502,"2018-01-01 08:30:00"
IOP,0.00050199,"2018-01-01 08:35:00"
IOP,0.00050735,"2018-01-01 08:40:00"
IOP,0.00050723,"2018-01-01 08:45:00"
IOP,0.00049996,"2018-01-01 08:50:00"
IOP,0.00050673,"2018-01-01 08:55:00"
IOP,0.0005061,"2018-01-01 09:00:00"
IOP,0.0005011,"2018-01-01 09:05:00"
IOP,0.0005021,"2018-01-01 09:10:00"
IOP,0.00050609,"2018-01-01 09:15:00"
IOP,0.0005061,"2018-01-01 09:20:00"
IOP,0.00050608,"2018-01-01 09:25:00"
IOP,0.000504,"2018-01-01 09:30:00"
IOP,0.000504,"2018-01-01 09:35:00"
IOP,0.00051711,"2018-01-01 09:40:00"
IOP,0.00051497,"2018-01-01 09:45:00"
IOP,0.00050812,"2018-01-01 09:50:00"
IOP,0.000504,"2018-01-01 09:55:00"
IOP,0.000504,"2018-01-01 10:00:00"
IOP,0.000504,"2018-01-01 10:05:00"
IOP,0.000508,"2018-01-01 10:10:00"
IOP,0.000508,"2018-01-01 10:15:00"
IOP,0.00051466,"2018-01-01 10:20:00"
IOP,0.00050613,"2018-01-01 10:25:00"
IOP,0.00050931,"2018-01-01 10:30:00"
IOP,0.00050931,"2018-01-01 10:35:00"
IOP,0.00050412,"2018-01-01 10:40:00"
IOP,0.0005044,"2018-01-01 10:45:00"
IOP,0.00050413,"2018-01-01 10:50:00"
IOP,0.00050872,"2018-01-01 10:55:00"
IOP,0.00050873,"2018-01-01 11:00:00"
IOP,0.00050873,"2018-01-01 11:05:00"
IOP,0.00051126,"2018-01-01 11:10:00"
IOP,0.000512,"2018-01-01 11:15:00"
IOP,0.000512,"2018-01-01 11:20:00"
IOP,0.00050874,"2018-01-01 11:25:00"
IOP,0.000512,"2018-01-01 11:30:00"
IOP,0.000511,"2018-01-01 11:35:00"
IOP,0.00051098,"2018-01-01 11:40:00"
IOP,0.00050899,"2018-01-01 11:45:00"
IOP,0.00050895,"2018-01-01 11:50:00"
IOP,0.00050873,"2018-01-01 11:55:00"
IOP,0.000512,"2018-01-01 12:00:00"
IOP,0.00051193,"2018-01-01 12:05:00"
IOP,0.0005088,"2018-01-01 12:10:00"
IOP,0.00050867,"2018-01-01 12:15:00"
IOP,0.00051191,"2018-01-01 12:20:00"
IOP,0.000514,"2018-01-01 12:25:00"
IOP,0.00052,"2018-01-01 12:30:00"
IOP,0.00051811,"2018-01-01 12:35:00"
IOP,0.00051486,"2018-01-01 12:40:00"
IOP,0.00051486,"2018-01-01 12:45:00"
IOP,0.00051999,"2018-01-01 12:50:00"
IOP,0.00052077,"2018-01-01 12:55:00"
IOP,0.00051258,"2018-01-01 13:00:00"
IOP,0.0005087,"2018-01-01 13:05:00"
IOP,0.00050867,"2018-01-01 13:10:00"
IOP,0.00050867,"2018-01-01 13:15:00"
IOP,0.00050868,"2018-01-01 13:20:00"
IOP,0.00050868,"2018-01-01 13:25:00"
IOP,0.000505,"2018-01-01 13:30:00"
IOP,0.0005199,"2018-01-01 13:35:00"
IOP,0.00051775,"2018-01-01 13:40:00"
IOP,0.00050772,"2018-01-01 13:45:00"
IOP,0.00051399,"2018-01-01 13:50:00"
IOP,0.00050805,"2018-01-01 13:55:00"
IOP,0.00050805,"2018-01-01 14:00:00"
IOP,0.000508,"2018-01-01 14:05:00"
IOP,0.00050801,"2018-01-01 14:10:00"
IOP,0.000508,"2018-01-01 14:15:00"
IOP,0.00050801,"2018-01-01 14:20:00"
IOP,0.00050801,"2018-01-01 14:25:00"
IOP,0.00050801,"2018-01-01 14:30:00"
IOP,0.00051237,"2018-01-01 14:35:00"
IOP,0.00050804,"2018-01-01 14:40:00"
IOP,0.00051228,"2018-01-01 14:45:00"
IOP,0.00050805,"2018-01-01 14:50:00"
IOP,0.00051224,"2018-01-01 14:55:00"
IOP,0.000512,"2018-01-01 15:00:00"
IOP,0.0005121,"2018-01-01 15:05:00"
IOP,0.00050807,"2018-01-01 15:10:00"
IOP,0.00050806,"2018-01-01 15:15:00"
IOP,0.00050806,"2018-01-01 15:20:00"
IOP,0.00050806,"2018-01-01 15:25:00"
IOP,0.00050804,"2018-01-01 15:30:00"
IOP,0.000508,"2018-01-01 15:35:00"
IOP,0.00050804,"2018-01-01 15:40:00"
IOP,0.0005085,"2018-01-01 15:45:00"
IOP,0.00050978,"2018-01-01 15:50:00"
IOP,0.00050978,"2018-01-01 15:55:00"
IOP,0.0005121,"2018-01-01 16:00:00"
IOP,0.00050805,"2018-01-01 16:05:00"
IOP,0.00050807,"2018-01-01 16:10:00"
IOP,0.00050807,"2018-01-01 16:15:00"
IOP,0.00051229,"2018-01-01 16:20:00"
IOP,0.00051147,"2018-01-01 16:25:00"
IOP,0.00050802,"2018-01-01 16:30:00"
IOP,0.000508,"2018-01-01 16:35:00"
IOP,0.00050803,"2018-01-01 16:40:00"
IOP,0.00050809,"2018-01-01 16:45:00"
IOP,0.00050809,"2018-01-01 16:50:00"
IOP,0.00051148,"2018-01-01 16:55:00"
IOP,0.00051148,"2018-01-01 17:00:00"
IOP,0.00051489,"2018-01-01 17:05:00"
IOP,0.00051452,"2018-01-01 17:10:00"
IOP,0.00051448,"2018-01-01 17:15:00"
IOP,0.00051507,"2018-01-01 17:20:00"
IOP,0.00051554,"2018-01-01 17:25:00"
IOP,0.0005155,"2018-01-01 17:30:00"
IOP,0.000511,"2018-01-01 17:35:00"
IOP,0.000511,"2018-01-01 17:40:00"
IOP,0.00051617,"2018-01-01 17:45:00"
IOP,0.00051042,"2018-01-01 17:50:00"
IOP,0.00050983,"2018-01-01 17:55:00"
IOP,0.00051049,"2018-01-01 18:00:00"
IOP,0.00051049,"2018-01-01 18:05:00"
IOP,0.000511,"2018-01-01 18:10:00"
IOP,0.00051125,"2018-01-01 18:15:00"
IOP,0.000515,"2018-01-01 18:20:00"
IOP,0.00051616,"2018-01-01 18:25:00"
IOP,0.00051501,"2018-01-01 18:30:00"
IOP,0.00051501,"2018-01-01 18:35:00"
IOP,0.00051616,"2018-01-01 18:40:00"
IOP,0.00051121,"2018-01-01 18:45:00"
IOP,0.000515,"2018-01-01 18:50:00"
IOP,0.0005145,"2018-01-01 18:55:00"
IOP,0.0005145,"2018-01-01 19:00:00"
IOP,0.000515,"2018-01-01 19:05:00"
IOP,0.000512,"2018-01-01 19:10:00"
IOP,0.00051615,"2018-01-01 19:15:00"
IOP,0.00051251,"2018-01-01 19:20:00"
IOP,0.000513,"2018-01-01 19:25:00"
IOP,0.00051616,"2018-01-01 19:30:00"
IOP,0.00051899,"2018-01-01 19:35:00"
IOP,0.00051976,"2018-01-01 19:40:00"
IOP,0.00051976,"2018-01-01 19:45:00"
IOP,0.00051976,"2018-01-01 19:50:00"
IOP,0.0005198,"2018-01-01 19:55:00"
IOP,0.0005219,"2018-01-01 20:00:00"
IOP,0.00052229,"2018-01-01 20:05:00"
IOP,0.0005225,"2018-01-01 20:10:00"
IOP,0.0005246,"2018-01-01 20:15:00"
IOP,0.00052257,"2018-01-01 20:20:00"
IOP,0.000524,"2018-01-01 20:25:00"
IOP,0.00052532,"2018-01-01 20:30:00"
IOP,0.00053154,"2018-01-01 20:35:00"
IOP,0.00053395,"2018-01-01 20:40:00"
IOP,0.0005318,"2018-01-01 20:45:00"
IOP,0.00052958,"2018-01-01 20:50:00"
IOP,0.00053351,"2018-01-01 20:55:00"
IOP,0.00054411,"2018-01-01 21:00:00"
IOP,0.00053216,"2018-01-01 21:05:00"
IOP,0.00053202,"2018-01-01 21:10:00"
IOP,0.00053996,"2018-01-01 21:15:00"
IOP,0.00053969,"2018-01-01 21:20:00"
IOP,0.00053947,"2018-01-01 21:25:00"
IOP,0.00053089,"2018-01-01 21:30:00"
IOP,0.00052999,"2018-01-01 21:35:00"
IOP,0.00052992,"2018-01-01 21:40:00"
IOP,0.00052948,"2018-01-01 21:45:00"
IOP,0.00052948,"2018-01-01 21:50:00"
IOP,0.00051834,"2018-01-01 21:55:00"
IOP,0.00052942,"2018-01-01 22:00:00"
IOP,0.00052948,"2018-01-01 22:05:00"
IOP,0.00052949,"2018-01-01 22:10:00"
IOP,0.00052981,"2018-01-01 22:15:00"
IOP,0.00053007,"2018-01-01 22:20:00"
IOP,0.00052953,"2018-01-01 22:25:00"
IOP,0.00053025,"2018-01-01 22:30:00"
IOP,0.00053502,"2018-01-01 22:35:00"
IOP,0.00053799,"2018-01-01 22:40:00"
IOP,0.00053261,"2018-01-01 22:45:00"
IOP,0.000532,"2018-01-01 22:50:00"
IOP,0.00052953,"2018-01-01 22:55:00"
IOP,0.00052972,"2018-01-01 23:00:00"
IOP,0.0005297,"2018-01-01 23:05:00"
IOP,0.000532,"2018-01-01 23:10:00"
IOP,0.00053364,"2018-01-01 23:15:00"
IOP,0.0005296,"2018-01-01 23:20:00"
IOP,0.00052955,"2018-01-01 23:25:00"
IOP,0.00053766,"2018-01-01 23:30:00"
IOP,0.00052961,"2018-01-01 23:35:00"
IOP,0.00053,"2018-01-01 23:40:00"
IOP,0.0005376,"2018-01-01 23:45:00"
IOP,0.00053595,"2018-01-01 23:50:00"
IOP,0.00053001,"2018-01-01 23:55:00"
IOP,0.0005359,"2018-01-02 00:00:00"
IOP,0.0005359,"2018-01-02 00:05:00"
IOP,0.0005359,"2018-01-02 00:10:00"
IOP,0.00053585,"2018-01-02 00:15:00"
IOP,0.00053001,"2018-01-02 00:20:00"
IOP,0.00053001,"2018-01-02 00:25:00"
IOP,0.00053001,"2018-01-02 00:30:00"
IOP,0.00053002,"2018-01-02 00:35:00"
IOP,0.00053002,"2018-01-02 00:40:00"
IOP,0.00053327,"2018-01-02 00:45:00"
IOP,0.00053327,"2018-01-02 00:50:00"
IOP,0.00053003,"2018-01-02 00:55:00"
IOP,0.00053003,"2018-01-02 01:00:00"
IOP,0.00053315,"2018-01-02 01:05:00"
IOP,0.00053315,"2018-01-02 01:10:00"
IOP,0.00053042,"2018-01-02 01:15:00"
IOP,0.00053002,"2018-01-02 01:20:00"
IOP,0.00053001,"2018-01-02 01:25:00"
IOP,0.00053002,"2018-01-02 01:30:00"
IOP,0.0005295,"2018-01-02 01:35:00"
IOP,0.00052236,"2018-01-02 01:40:00"
IOP,0.00052747,"2018-01-02 01:45:00"
IOP,0.00052236,"2018-01-02 01:50:00"
IOP,0.00052922,"2018-01-02 01:55:00"
IOP,0.00052248,"2018-01-02 02:00:00"
IOP,0.00052898,"2018-01-02 02:05:00"
IOP,0.00053309,"2018-01-02 02:10:00"
IOP,0.000539,"2018-01-02 02:15:00"
IOP,0.00054444,"2018-01-02 02:20:00"
IOP,0.00054877,"2018-01-02 02:25:00"
IOP,0.00054991,"2018-01-02 02:30:00"
IOP,0.000632,"2018-01-02 02:35:00"
IOP,0.00067,"2018-01-02 02:40:00"
IOP,0.00064762,"2018-01-02 02:45:00"
IOP,0.00065893,"2018-01-02 02:50:00"
IOP,0.00069094,"2018-01-02 02:55:00"
IOP,0.000642,"2018-01-02 03:00:00"
IOP,0.000691,"2018-01-02 03:05:00"
IOP,0.00068597,"2018-01-02 03:10:00"
IOP,0.00067982,"2018-01-02 03:15:00"
IOP,0.00068882,"2018-01-02 03:20:00"
IOP,0.00068007,"2018-01-02 03:25:00"
IOP,0.00068402,"2018-01-02 03:30:00"
IOP,0.00067,"2018-01-02 03:35:00"
IOP,0.00066931,"2018-01-02 03:40:00"
IOP,0.00066,"2018-01-02 03:45:00"
IOP,0.00065754,"2018-01-02 03:50:00"
IOP,0.00066627,"2018-01-02 03:55:00"
IOP,0.0006662,"2018-01-02 04:00:00"
IOP,0.0006498,"2018-01-02 04:05:00"
IOP,0.00066402,"2018-01-02 04:10:00"
IOP,0.000655,"2018-01-02 04:15:00"
IOP,0.00065297,"2018-01-02 04:20:00"
IOP,0.00065289,"2018-01-02 04:25:00"
IOP,0.0006525,"2018-01-02 04:30:00"
IOP,0.0006529,"2018-01-02 04:35:00"
IOP,0.00067,"2018-01-02 04:40:00"
IOP,0.00066771,"2018-01-02 04:45:00"
IOP,0.00066002,"2018-01-02 04:50:00"
IOP,0.00066101,"2018-01-02 04:55:00"
IOP,0.00066499,"2018-01-02 05:00:00"
IOP,0.00064741,"2018-01-02 05:05:00"
IOP,0.00065407,"2018-01-02 05:10:00"
IOP,0.00064398,"2018-01-02 05:15:00"
IOP,0.0006205,"2018-01-02 05:20:00"
IOP,0.00062615,"2018-01-02 05:25:00"
IOP,0.00063116,"2018-01-02 05:30:00"
IOP,0.000657,"2018-01-02 05:35:00"
IOP,0.00066242,"2018-01-02 05:40:00"
IOP,0.000678,"2018-01-02 05:45:00"
IOP,0.00068342,"2018-01-02 05:50:00"
IOP,0.00068016,"2018-01-02 05:55:00"
IOP,0.00068629,"2018-01-02 06:00:00"
IOP,0.00069001,"2018-01-02 06:05:00"
IOP,0.0006999,"2018-01-02 06:10:00"
IOP,0.00068137,"2018-01-02 06:15:00"
IOP,0.0006853,"2018-01-02 06:20:00"
IOP,0.00066568,"2018-01-02 06:25:00"
IOP,0.0006604,"2018-01-02 06:30:00"
IOP,0.00066552,"2018-01-02 06:35:00"
IOP,0.00066469,"2018-01-02 06:40:00"
IOP,0.000672,"2018-01-02 06:45:00"
IOP,0.00067062,"2018-01-02 06:50:00"
IOP,0.00067107,"2018-01-02 06:55:00"
IOP,0.00066549,"2018-01-02 07:00:00"
IOP,0.000675,"2018-01-02 07:05:00"
IOP,0.0006668,"2018-01-02 07:10:00"
IOP,0.00067887,"2018-01-02 07:15:00"
IOP,0.00069,"2018-01-02 07:20:00"
IOP,0.000688,"2018-01-02 07:25:00"
IOP,0.000687,"2018-01-02 07:30:00"
IOP,0.000687,"2018-01-02 07:35:00"
IOP,0.00068201,"2018-01-02 07:40:00"
IOP,0.000682,"2018-01-02 07:45:00"
IOP,0.000686,"2018-01-02 07:50:00"
IOP,0.000695,"2018-01-02 07:55:00"
IOP,0.0007042,"2018-01-02 08:00:00"
IOP,0.00070402,"2018-01-02 08:05:00"
IOP,0.00069741,"2018-01-02 08:10:00"
IOP,0.00067644,"2018-01-02 08:15:00"
IOP,0.00068585,"2018-01-02 08:20:00"
IOP,0.00067522,"2018-01-02 08:25:00"
IOP,0.00068231,"2018-01-02 08:30:00"
IOP,0.00068165,"2018-01-02 08:35:00"
IOP,0.00068227,"2018-01-02 08:40:00"
IOP,0.00068231,"2018-01-02 08:45:00"
IOP,0.00068865,"2018-01-02 08:50:00"
IOP,0.00067539,"2018-01-02 08:55:00"
IOP,0.00067618,"2018-01-02 09:00:00"
IOP,0.00068197,"2018-01-02 09:05:00"
IOP,0.00067943,"2018-01-02 09:10:00"
IOP,0.00069121,"2018-01-02 09:15:00"
IOP,0.00067,"2018-01-02 09:20:00"
IOP,0.00067806,"2018-01-02 09:25:00"
IOP,0.00068699,"2018-01-02 09:30:00"
IOP,0.00068897,"2018-01-02 09:35:00"
IOP,0.0006879,"2018-01-02 09:40:00"
IOP,0.00068956,"2018-01-02 09:45:00"
IOP,0.00069401,"2018-01-02 09:50:00"
IOP,0.0007039,"2018-01-02 09:55:00"
IOP,0.00069999,"2018-01-02 10:00:00"
IOP,0.00070497,"2018-01-02 10:05:00"
IOP,0.0007,"2018-01-02 10:10:00"
IOP,0.00069999,"2018-01-02 10:15:00"
IOP,0.00069999,"2018-01-02 10:20:00"
IOP,0.000703,"2018-01-02 10:25:00"
IOP,0.00070299,"2018-01-02 10:30:00"
IOP,0.00069402,"2018-01-02 10:35:00"
IOP,0.0006847,"2018-01-02 10:40:00"
IOP,0.000703,"2018-01-02 10:45:00"
IOP,0.00070244,"2018-01-02 10:50:00"
IOP,0.000703,"2018-01-02 10:55:00"
IOP,0.0007,"2018-01-02 11:00:00"
IOP,0.00069365,"2018-01-02 11:05:00"
IOP,0.0006841,"2018-01-02 11:10:00"
IOP,0.00069065,"2018-01-02 11:15:00"
IOP,0.00068417,"2018-01-02 11:20:00"
IOP,0.000685,"2018-01-02 11:25:00"
IOP,0.0006858,"2018-01-02 11:30:00"
IOP,0.00068558,"2018-01-02 11:35:00"
IOP,0.00068559,"2018-01-02 11:40:00"
IOP,0.00069819,"2018-01-02 11:45:00"
IOP,0.00068999,"2018-01-02 11:50:00"
IOP,0.00068248,"2018-01-02 11:55:00"
IOP,0.00068646,"2018-01-02 12:00:00"
IOP,0.000695,"2018-01-02 12:05:00"
IOP,0.0007,"2018-01-02 12:10:00"
IOP,0.0007,"2018-01-02 12:15:00"
IOP,0.00068977,"2018-01-02 12:20:00"
IOP,0.00068904,"2018-01-02 12:25:00"
IOP,0.0006895,"2018-01-02 12:30:00"
IOP,0.00068959,"2018-01-02 12:35:00"
IOP,0.00070289,"2018-01-02 12:40:00"
IOP,0.00069403,"2018-01-02 12:45:00"
IOP,0.00069502,"2018-01-02 12:50:00"
IOP,0.00069505,"2018-01-02 12:55:00"
IOP,0.00070489,"2018-01-02 13:00:00"
IOP,0.0006919,"2018-01-02 13:05:00"
IOP,0.000705,"2018-01-02 13:10:00"
IOP,0.00071599,"2018-01-02 13:15:00"
IOP,0.00072736,"2018-01-02 13:20:00"
IOP,0.00073447,"2018-01-02 13:25:00"
IOP,0.00075001,"2018-01-02 13:30:00"
IOP,0.00074444,"2018-01-02 13:35:00"
IOP,0.00074889,"2018-01-02 13:40:00"
IOP,0.000762,"2018-01-02 13:45:00"
IOP,0.00077439,"2018-01-02 13:50:00"
IOP,0.000752,"2018-01-02 13:55:00"
IOP,0.00077827,"2018-01-02 14:00:00"
IOP,0.00081,"2018-01-02 14:05:00"
IOP,0.00081099,"2018-01-02 14:10:00"
IOP,0.000825,"2018-01-02 14:15:00"
IOP,0.00084105,"2018-01-02 14:20:00"
IOP,0.00084695,"2018-01-02 14:25:00"
IOP,0.00083146,"2018-01-02 14:30:00"
IOP,0.000836,"2018-01-02 14:35:00"
IOP,0.00081013,"2018-01-02 14:40:00"
IOP,0.0008,"2018-01-02 14:45:00"
IOP,0.00081,"2018-01-02 14:50:00"
IOP,0.00077501,"2018-01-02 14:55:00"
IOP,0.00077,"2018-01-02 15:00:00"
IOP,0.00076501,"2018-01-02 15:05:00"
IOP,0.00079555,"2018-01-02 15:10:00"
IOP,0.000785,"2018-01-02 15:15:00"
IOP,0.0007848,"2018-01-02 15:20:00"
IOP,0.00080657,"2018-01-02 15:25:00"
IOP,0.00080001,"2018-01-02 15:30:00"
IOP,0.00080688,"2018-01-02 15:35:00"
IOP,0.00080676,"2018-01-02 15:40:00"
IOP,0.00080093,"2018-01-02 15:45:00"
IOP,0.000802,"2018-01-02 15:50:00"
IOP,0.00080319,"2018-01-02 15:55:00"
IOP,0.00080499,"2018-01-02 16:00:00"
IOP,0.0008189,"2018-01-02 16:05:00"
IOP,0.00082159,"2018-01-02 16:10:00"
IOP,0.00080602,"2018-01-02 16:15:00"
IOP,0.00081097,"2018-01-02 16:20:00"
IOP,0.000805,"2018-01-02 16:25:00"
IOP,0.00079824,"2018-01-02 16:30:00"
IOP,0.00080189,"2018-01-02 16:35:00"
IOP,0.0008052,"2018-01-02 16:40:00"
IOP,0.0008,"2018-01-02 16:45:00"
IOP,0.0008168,"2018-01-02 16:50:00"
IOP,0.00080901,"2018-01-02 16:55:00"
IOP,0.00080512,"2018-01-02 17:00:00"
IOP,0.000804,"2018-01-02 17:05:00"
IOP,0.00080134,"2018-01-02 17:10:00"
IOP,0.00081034,"2018-01-02 17:15:00"
IOP,0.000827,"2018-01-02 17:20:00"
IOP,0.00084546,"2018-01-02 17:25:00"
IOP,0.000835,"2018-01-02 17:30:00"
IOP,0.00087312,"2018-01-02 17:35:00"
IOP,0.00088751,"2018-01-02 17:40:00"
IOP,0.00087918,"2018-01-02 17:45:00"
IOP,0.00086528,"2018-01-02 17:50:00"
IOP,0.0008545,"2018-01-02 17:55:00"
IOP,0.000849,"2018-01-02 18:00:00"
IOP,0.000844,"2018-01-02 18:05:00"
IOP,0.00084752,"2018-01-02 18:10:00"
IOP,0.00085413,"2018-01-02 18:15:00"
IOP,0.00086458,"2018-01-02 18:20:00"
IOP,0.00087,"2018-01-02 18:25:00"
IOP,0.00087491,"2018-01-02 18:30:00"
IOP,0.00086625,"2018-01-02 18:35:00"
IOP,0.00086626,"2018-01-02 18:40:00"
IOP,0.00085425,"2018-01-02 18:45:00"
IOP,0.00086626,"2018-01-02 18:50:00"
IOP,0.00086511,"2018-01-02 18:55:00"
IOP,0.0008649,"2018-01-02 19:00:00"
IOP,0.00086514,"2018-01-02 19:05:00"
IOP,0.0008645,"2018-01-02 19:10:00"
IOP,0.0008645,"2018-01-02 19:15:00"
IOP,0.00082115,"2018-01-02 19:20:00"
IOP,0.00080194,"2018-01-02 19:25:00"
IOP,0.00074908,"2018-01-02 19:30:00"
IOP,0.00075979,"2018-01-02 19:35:00"
IOP,0.0007388,"2018-01-02 19:40:00"
IOP,0.00071071,"2018-01-02 19:45:00"
IOP,0.000671,"2018-01-02 19:50:00"
IOP,0.000731,"2018-01-02 19:55:00"
IOP,0.00071594,"2018-01-02 20:00:00"
IOP,0.00075421,"2018-01-02 20:05:00"
IOP,0.00075386,"2018-01-02 20:10:00"
IOP,0.00067197,"2018-01-02 20:15:00"
IOP,0.00066001,"2018-01-02 20:20:00"
IOP,0.0006489,"2018-01-02 20:25:00"
IOP,0.000665,"2018-01-02 20:30:00"
IOP,0.00066301,"2018-01-02 20:35:00"
IOP,0.00069806,"2018-01-02 20:40:00"
IOP,0.00068234,"2018-01-02 20:45:00"
IOP,0.0006869,"2018-01-02 20:50:00"
IOP,0.00072463,"2018-01-02 20:55:00"
IOP,0.00073,"2018-01-02 21:00:00"
IOP,0.00070538,"2018-01-02 21:05:00"
IOP,0.00070538,"2018-01-02 21:10:00"
IOP,0.00068902,"2018-01-02 21:15:00"
IOP,0.00068555,"2018-01-02 21:20:00"
IOP,0.00068008,"2018-01-02 21:25:00"
IOP,0.000688,"2018-01-02 21:30:00"
IOP,0.00069985,"2018-01-02 21:35:00"
IOP,0.00070688,"2018-01-02 21:40:00"
IOP,0.000708,"2018-01-02 21:45:00"
IOP,0.00070051,"2018-01-02 21:50:00"
IOP,0.00072,"2018-01-02 21:55:00"
IOP,0.00073371,"2018-01-02 22:00:00"
IOP,0.00070002,"2018-01-02 22:05:00"
IOP,0.00070111,"2018-01-02 22:10:00"
IOP,0.00069498,"2018-01-02 22:15:00"
IOP,0.00069525,"2018-01-02 22:20:00"
IOP,0.00069552,"2018-01-02 22:25:00"
IOP,0.00071299,"2018-01-02 22:30:00"
IOP,0.00070134,"2018-01-02 22:35:00"
IOP,0.0007136,"2018-01-02 22:40:00"
IOP,0.000711,"2018-01-02 22:45:00"
IOP,0.00071005,"2018-01-02 22:50:00"
IOP,0.00071782,"2018-01-02 22:55:00"
IOP,0.00072313,"2018-01-02 23:00:00"
IOP,0.0007142,"2018-01-02 23:05:00"
IOP,0.0007131,"2018-01-02 23:10:00"
IOP,0.00069805,"2018-01-02 23:15:00"
IOP,0.000694,"2018-01-02 23:20:00"
IOP,0.00068208,"2018-01-02 23:25:00"
IOP,0.00066905,"2018-01-02 23:30:00"
IOP,0.00066404,"2018-01-02 23:35:00"
IOP,0.00069719,"2018-01-02 23:40:00"
IOP,0.00066737,"2018-01-02 23:45:00"
IOP,0.00066533,"2018-01-02 23:50:00"
IOP,0.00068589,"2018-01-02 23:55:00"
IOP,0.00069,"2018-01-03 00:00:00"
IOP,0.000685,"2018-01-03 00:05:00"
IOP,0.00068501,"2018-01-03 00:10:00"
IOP,0.0007,"2018-01-03 00:15:00"
IOP,0.00068992,"2018-01-03 00:20:00"
IOP,0.0007107,"2018-01-03 00:25:00"
IOP,0.00072364,"2018-01-03 00:30:00"
IOP,0.00072461,"2018-01-03 00:35:00"
IOP,0.00071045,"2018-01-03 00:40:00"
IOP,0.00070471,"2018-01-03 00:45:00"
IOP,0.0006785,"2018-01-03 00:50:00"
IOP,0.00069393,"2018-01-03 00:55:00"
IOP,0.00070113,"2018-01-03 01:00:00"
IOP,0.00071685,"2018-01-03 01:05:00"
IOP,0.0006964,"2018-01-03 01:10:00"
IOP,0.00068,"2018-01-03 01:15:00"
IOP,0.00068669,"2018-01-03 01:20:00"
IOP,0.00069,"2018-01-03 01:25:00"
IOP,0.0006809,"2018-01-03 01:30:00"
IOP,0.00068583,"2018-01-03 01:35:00"
IOP,0.0006864,"2018-01-03 01:40:00"
IOP,0.0006805,"2018-01-03 01:45:00"
IOP,0.00068223,"2018-01-03 01:50:00"
IOP,0.00069286,"2018-01-03 01:55:00"
IOP,0.00068006,"2018-01-03 02:00:00"
IOP,0.00068996,"2018-01-03 02:05:00"
IOP,0.00068718,"2018-01-03 02:10:00"
IOP,0.00067,"2018-01-03 02:15:00"
IOP,0.0006589,"2018-01-03 02:20:00"
IOP,0.00065996,"2018-01-03 02:25:00"
IOP,0.00065727,"2018-01-03 02:30:00"
IOP,0.00066856,"2018-01-03 02:35:00"
IOP,0.000659,"2018-01-03 02:40:00"
IOP,0.0006528,"2018-01-03 02:45:00"
IOP,0.00067114,"2018-01-03 02:50:00"
IOP,0.00065223,"2018-01-03 02:55:00"
IOP,0.00066327,"2018-01-03 03:00:00"
IOP,0.00065421,"2018-01-03 03:05:00"
IOP,0.00065,"2018-01-03 03:10:00"
IOP,0.00064922,"2018-01-03 03:15:00"
IOP,0.000649,"2018-01-03 03:20:00"
IOP,0.00064712,"2018-01-03 03:25:00"
IOP,0.00063774,"2018-01-03 03:30:00"
IOP,0.00063792,"2018-01-03 03:35:00"
IOP,0.00064638,"2018-01-03 03:40:00"
IOP,0.00063954,"2018-01-03 03:45:00"
IOP,0.00063,"2018-01-03 03:50:00"
IOP,0.00062751,"2018-01-03 03:55:00"
IOP,0.000627,"2018-01-03 04:00:00"
IOP,0.0006315,"2018-01-03 04:05:00"
IOP,0.00063231,"2018-01-03 04:10:00"
IOP,0.00063949,"2018-01-03 04:15:00"
IOP,0.0006395,"2018-01-03 04:20:00"
IOP,0.00063601,"2018-01-03 04:25:00"
IOP,0.00063998,"2018-01-03 04:30:00"
IOP,0.00064747,"2018-01-03 04:35:00"
IOP,0.000648,"2018-01-03 04:40:00"
IOP,0.00065,"2018-01-03 04:45:00"
IOP,0.00065,"2018-01-03 04:50:00"
IOP,0.00065946,"2018-01-03 04:55:00"
IOP,0.0006707,"2018-01-03 05:00:00"
IOP,0.00066855,"2018-01-03 05:05:00"
IOP,0.00068998,"2018-01-03 05:10:00"
IOP,0.0007,"2018-01-03 05:15:00"
IOP,0.00070058,"2018-01-03 05:20:00"
IOP,0.0007238,"2018-01-03 05:25:00"
IOP,0.00073946,"2018-01-03 05:30:00"
IOP,0.00075178,"2018-01-03 05:35:00"
IOP,0.00073,"2018-01-03 05:40:00"
IOP,0.0007065,"2018-01-03 05:45:00"
IOP,0.000695,"2018-01-03 05:50:00"
IOP,0.00070586,"2018-01-03 05:55:00"
IOP,0.00070021,"2018-01-03 06:00:00"
IOP,0.00070022,"2018-01-03 06:05:00"
IOP,0.00068255,"2018-01-03 06:10:00"
IOP,0.00069002,"2018-01-03 06:15:00"
IOP,0.00070178,"2018-01-03 06:20:00"
IOP,0.0007019,"2018-01-03 06:25:00"
IOP,0.000728,"2018-01-03 06:30:00"
IOP,0.00071851,"2018-01-03 06:35:00"
IOP,0.00071851,"2018-01-03 06:40:00"
IOP,0.00074121,"2018-01-03 06:45:00"
IOP,0.00074078,"2018-01-03 06:50:00"
IOP,0.00071855,"2018-01-03 06:55:00"
IOP,0.000714,"2018-01-03 07:00:00"
IOP,0.00070401,"2018-01-03 07:05:00"
IOP,0.00071305,"2018-01-03 07:10:00"
IOP,0.000738,"2018-01-03 07:15:00"
IOP,0.000738,"2018-01-03 07:20:00"
IOP,0.0007146,"2018-01-03 07:25:00"
IOP,0.00072545,"2018-01-03 07:30:00"
IOP,0.00072,"2018-01-03 07:35:00"
IOP,0.00071559,"2018-01-03 07:40:00"
IOP,0.00071559,"2018-01-03 07:45:00"
IOP,0.0007,"2018-01-03 07:50:00"
IOP,0.00070097,"2018-01-03 07:55:00"
IOP,0.000698,"2018-01-03 08:00:00"
IOP,0.0006751,"2018-01-03 08:05:00"
IOP,0.00067512,"2018-01-03 08:10:00"
IOP,0.00067513,"2018-01-03 08:15:00"
IOP,0.00068952,"2018-01-03 08:20:00"
IOP,0.00068,"2018-01-03 08:25:00"
IOP,0.00067562,"2018-01-03 08:30:00"
IOP,0.00067,"2018-01-03 08:35:00"
IOP,0.00066498,"2018-01-03 08:40:00"
IOP,0.00066039,"2018-01-03 08:45:00"
IOP,0.00066049,"2018-01-03 08:50:00"
IOP,0.00066062,"2018-01-03 08:55:00"
IOP,0.00066901,"2018-01-03 09:00:00"
IOP,0.00068155,"2018-01-03 09:05:00"
IOP,0.00069399,"2018-01-03 09:10:00"
IOP,0.0006995,"2018-01-03 09:15:00"
IOP,0.0007,"2018-01-03 09:20:00"
IOP,0.00069999,"2018-01-03 09:25:00"
IOP,0.0007028,"2018-01-03 09:30:00"
IOP,0.00069502,"2018-01-03 09:35:00"
IOP,0.000692,"2018-01-03 09:40:00"
IOP,0.00068666,"2018-01-03 09:45:00"
IOP,0.000677,"2018-01-03 09:50:00"
IOP,0.00067362,"2018-01-03 09:55:00"
IOP,0.00067897,"2018-01-03 10:00:00"
IOP,0.00068,"2018-01-03 10:05:00"
IOP,0.00068156,"2018-01-03 10:10:00"
IOP,0.00068003,"2018-01-03 10:15:00"
IOP,0.00067948,"2018-01-03 10:20:00"
IOP,0.00067797,"2018-01-03 10:25:00"
IOP,0.00066946,"2018-01-03 10:30:00"
IOP,0.00067767,"2018-01-03 10:35:00"
IOP,0.00067797,"2018-01-03 10:40:00"
IOP,0.00067001,"2018-01-03 10:45:00"
IOP,0.00066947,"2018-01-03 10:50:00"
IOP,0.00066525,"2018-01-03 10:55:00"
IOP,0.000666,"2018-01-03 11:00:00"
IOP,0.00064804,"2018-01-03 11:05:00"
IOP,0.00066513,"2018-01-03 11:10:00"
IOP,0.00064801,"2018-01-03 11:15:00"
IOP,0.00066628,"2018-01-03 11:20:00"
IOP,0.00066241,"2018-01-03 11:25:00"
IOP,0.0006674,"2018-01-03 11:30:00"
IOP,0.00066412,"2018-01-03 11:35:00"
IOP,0.00065182,"2018-01-03 11:40:00"
IOP,0.00064899,"2018-01-03 11:45:00"
IOP,0.00065612,"2018-01-03 11:50:00"
IOP,0.000659,"2018-01-03 11:55:00"
IOP,0.00066678,"2018-01-03 12:00:00"
IOP,0.00066008,"2018-01-03 12:05:00"
IOP,0.0006656,"2018-01-03 12:10:00"
IOP,0.00066558,"2018-01-03 12:15:00"
IOP,0.000666,"2018-01-03 12:20:00"
IOP,0.00067456,"2018-01-03 12:25:00"
IOP,0.0006656,"2018-01-03 12:30:00"
IOP,0.00066984,"2018-01-03 12:35:00"
IOP,0.00067279,"2018-01-03 12:40:00"
IOP,0.00067775,"2018-01-03 12:45:00"
IOP,0.000689,"2018-01-03 12:50:00"
IOP,0.00069652,"2018-01-03 12:55:00"
IOP,0.000682,"2018-01-03 13:00:00"
IOP,0.00068402,"2018-01-03 13:05:00"
IOP,0.0006899,"2018-01-03 13:10:00"
IOP,0.00070999,"2018-01-03 13:15:00"
IOP,0.00070003,"2018-01-03 13:20:00"
IOP,0.0007092,"2018-01-03 13:25:00"
IOP,0.000718,"2018-01-03 13:30:00"
IOP,0.00071998,"2018-01-03 13:35:00"
IOP,0.00070366,"2018-01-03 13:40:00"
IOP,0.0006942,"2018-01-03 13:45:00"
IOP,0.0006982,"2018-01-03 13:50:00"
IOP,0.00070847,"2018-01-03 13:55:00"
IOP,0.00071598,"2018-01-03 14:00:00"
IOP,0.00071633,"2018-01-03 14:05:00"
IOP,0.00071632,"2018-01-03 14:10:00"
IOP,0.00071631,"2018-01-03 14:15:00"
IOP,0.00070852,"2018-01-03 14:20:00"
IOP,0.00070254,"2018-01-03 14:25:00"
IOP,0.00071619,"2018-01-03 14:30:00"
IOP,0.000712,"2018-01-03 14:35:00"
IOP,0.00070005,"2018-01-03 14:40:00"
IOP,0.00069,"2018-01-03 14:45:00"
IOP,0.00069003,"2018-01-03 14:50:00"
IOP,0.00069,"2018-01-03 14:55:00"
IOP,0.00069,"2018-01-03 15:00:00"
IOP,0.00067931,"2018-01-03 15:05:00"
IOP,0.00067499,"2018-01-03 15:10:00"
IOP,0.00067638,"2018-01-03 15:15:00"
IOP,0.00067638,"2018-01-03 15:20:00"
IOP,0.00068996,"2018-01-03 15:25:00"
IOP,0.00067253,"2018-01-03 15:30:00"
IOP,0.00068076,"2018-01-03 15:35:00"
IOP,0.00068184,"2018-01-03 15:40:00"
IOP,0.00068921,"2018-01-03 15:45:00"
IOP,0.00068919,"2018-01-03 15:50:00"
IOP,0.00067321,"2018-01-03 15:55:00"
IOP,0.00068282,"2018-01-03 16:00:00"
IOP,0.000677,"2018-01-03 16:05:00"
IOP,0.00068219,"2018-01-03 16:10:00"
IOP,0.00067596,"2018-01-03 16:15:00"
IOP,0.000666,"2018-01-03 16:20:00"
IOP,0.00066444,"2018-01-03 16:25:00"
IOP,0.00066776,"2018-01-03 16:30:00"
IOP,0.00066325,"2018-01-03 16:35:00"
IOP,0.00066918,"2018-01-03 16:40:00"
IOP,0.00066922,"2018-01-03 16:45:00"
IOP,0.00066577,"2018-01-03 16:50:00"
IOP,0.00068272,"2018-01-03 16:55:00"
IOP,0.00067999,"2018-01-03 17:00:00"
IOP,0.00068107,"2018-01-03 17:05:00"
IOP,0.00069001,"2018-01-03 17:10:00"
IOP,0.000675,"2018-01-03 17:15:00"
IOP,0.00068173,"2018-01-03 17:20:00"
IOP,0.00067416,"2018-01-03 17:25:00"
IOP,0.00067416,"2018-01-03 17:30:00"
IOP,0.00067421,"2018-01-03 17:35:00"
IOP,0.00066105,"2018-01-03 17:40:00"
IOP,0.00067084,"2018-01-03 17:45:00"
IOP,0.00068326,"2018-01-03 17:50:00"
IOP,0.00069852,"2018-01-03 17:55:00"
IOP,0.00067719,"2018-01-03 18:00:00"
IOP,0.000698,"2018-01-03 18:05:00"
IOP,0.00070849,"2018-01-03 18:10:00"
IOP,0.00071459,"2018-01-03 18:15:00"
IOP,0.00072101,"2018-01-03 18:20:00"
IOP,0.000716,"2018-01-03 18:25:00"
IOP,0.0007238,"2018-01-03 18:30:00"
IOP,0.00072381,"2018-01-03 18:35:00"
IOP,0.00070563,"2018-01-03 18:40:00"
IOP,0.00070562,"2018-01-03 18:45:00"
IOP,0.0007149,"2018-01-03 18:50:00"
IOP,0.0007051,"2018-01-03 18:55:00"
IOP,0.00070001,"2018-01-03 19:00:00"
IOP,0.00068502,"2018-01-03 19:05:00"
IOP,0.00070597,"2018-01-03 19:10:00"
IOP,0.00070324,"2018-01-03 19:15:00"
IOP,0.00069214,"2018-01-03 19:20:00"
IOP,0.0007,"2018-01-03 19:25:00"
IOP,0.00069999,"2018-01-03 19:30:00"
IOP,0.00069981,"2018-01-03 19:35:00"
IOP,0.00069281,"2018-01-03 19:40:00"
IOP,0.00069931,"2018-01-03 19:45:00"
IOP,0.00069883,"2018-01-03 19:50:00"
IOP,0.0006995,"2018-01-03 19:55:00"
IOP,0.00068885,"2018-01-03 20:00:00"
IOP,0.0006995,"2018-01-03 20:05:00"
IOP,0.00072299,"2018-01-03 20:10:00"
IOP,0.00072,"2018-01-03 20:15:00"
IOP,0.00070906,"2018-01-03 20:20:00"
IOP,0.00071851,"2018-01-03 20:25:00"
IOP,0.00071812,"2018-01-03 20:30:00"
IOP,0.00072,"2018-01-03 20:35:00"
IOP,0.000715,"2018-01-03 20:40:00"
IOP,0.000713,"2018-01-03 20:45:00"
IOP,0.00072175,"2018-01-03 20:50:00"
IOP,0.000738,"2018-01-03 20:55:00"
IOP,0.00073,"2018-01-03 21:00:00"
IOP,0.0007499,"2018-01-03 21:05:00"
IOP,0.00076,"2018-01-03 21:10:00"
IOP,0.00075,"2018-01-03 21:15:00"
IOP,0.0007485,"2018-01-03 21:20:00"
IOP,0.00075997,"2018-01-03 21:25:00"
IOP,0.000764,"2018-01-03 21:30:00"
IOP,0.0007655,"2018-01-03 21:35:00"
IOP,0.00077417,"2018-01-03 21:40:00"
IOP,0.00077503,"2018-01-03 21:45:00"
IOP,0.00078006,"2018-01-03 21:50:00"
IOP,0.00075001,"2018-01-03 21:55:00"
IOP,0.00075002,"2018-01-03 22:00:00"
IOP,0.00073412,"2018-01-03 22:05:00"
IOP,0.00072835,"2018-01-03 22:10:00"
IOP,0.00072835,"2018-01-03 22:15:00"
IOP,0.00073948,"2018-01-03 22:20:00"
IOP,0.00074871,"2018-01-03 22:25:00"
IOP,0.0007498,"2018-01-03 22:30:00"
IOP,0.00073307,"2018-01-03 22:35:00"
IOP,0.00073291,"2018-01-03 22:40:00"
IOP,0.00072299,"2018-01-03 22:45:00"
IOP,0.000731,"2018-01-03 22:50:00"
IOP,0.00073721,"2018-01-03 22:55:00"
IOP,0.00073,"2018-01-03 23:00:00"
IOP,0.000726,"2018-01-03 23:05:00"
IOP,0.00073001,"2018-01-03 23:10:00"
IOP,0.00073001,"2018-01-03 23:15:00"
IOP,0.00073017,"2018-01-03 23:20:00"
IOP,0.00073004,"2018-01-03 23:25:00"
IOP,0.00073015,"2018-01-03 23:30:00"
IOP,0.00073009,"2018-01-03 23:35:00"
IOP,0.00073009,"2018-01-03 23:40:00"
IOP,0.00073,"2018-01-03 23:45:00"
IOP,0.00073009,"2018-01-03 23:50:00"
IOP,0.00072618,"2018-01-03 23:55:00"
IOP,0.00072617,"2018-01-04 00:00:00"
IOP,0.00072828,"2018-01-04 00:05:00"
IOP,0.00072827,"2018-01-04 00:10:00"
IOP,0.00073,"2018-01-04 00:15:00"
IOP,0.00073,"2018-01-04 00:20:00"
IOP,0.00073011,"2018-01-04 00:25:00"
IOP,0.0007312,"2018-01-04 00:30:00"
IOP,0.0007316,"2018-01-04 00:35:00"
IOP,0.000735,"2018-01-04 00:40:00"
IOP,0.0007317,"2018-01-04 00:45:00"
IOP,0.00073999,"2018-01-04 00:50:00"
IOP,0.00074,"2018-01-04 00:55:00"
IOP,0.0007316,"2018-01-04 01:00:00"
IOP,0.00074113,"2018-01-04 01:05:00"
IOP,0.00073051,"2018-01-04 01:10:00"
IOP,0.00070899,"2018-01-04 01:15:00"
IOP,0.00071837,"2018-01-04 01:20:00"
IOP,0.00071836,"2018-01-04 01:25:00"
IOP,0.00073348,"2018-01-04 01:30:00"
IOP,0.00071,"2018-01-04 01:35:00"
IOP,0.00071779,"2018-01-04 01:40:00"
IOP,0.00072123,"2018-01-04 01:45:00"
IOP,0.00071,"2018-01-04 01:50:00"
IOP,0.00071392,"2018-01-04 01:55:00"
IOP,0.00070316,"2018-01-04 02:00:00"
IOP,0.0007025,"2018-01-04 02:05:00"
IOP,0.000699,"2018-01-04 02:10:00"
IOP,0.00070656,"2018-01-04 02:15:00"
IOP,0.00070134,"2018-01-04 02:20:00"
IOP,0.00070121,"2018-01-04 02:25:00"
IOP,0.00067984,"2018-01-04 02:30:00"
IOP,0.00067976,"2018-01-04 02:35:00"
IOP,0.00067692,"2018-01-04 02:40:00"
IOP,0.00068748,"2018-01-04 02:45:00"
IOP,0.00070525,"2018-01-04 02:50:00"
IOP,0.00070095,"2018-01-04 02:55:00"
IOP,0.000695,"2018-01-04 03:00:00"
IOP,0.00069256,"2018-01-04 03:05:00"
IOP,0.000685,"2018-01-04 03:10:00"
IOP,0.00069449,"2018-01-04 03:15:00"
IOP,0.00069443,"2018-01-04 03:20:00"
IOP,0.00069501,"2018-01-04 03:25:00"
IOP,0.000695,"2018-01-04 03:30:00"
IOP,0.0006921,"2018-01-04 03:35:00"
IOP,0.00067755,"2018-01-04 03:40:00"
IOP,0.00067689,"2018-01-04 03:45:00"
IOP,0.0006665,"2018-01-04 03:50:00"
IOP,0.00067172,"2018-01-04 03:55:00"
IOP,0.00067181,"2018-01-04 04:00:00"
IOP,0.0006715,"2018-01-04 04:05:00"
IOP,0.000675,"2018-01-04 04:10:00"
IOP,0.00069218,"2018-01-04 04:15:00"
IOP,0.00070674,"2018-01-04 04:20:00"
IOP,0.00070967,"2018-01-04 04:25:00"
IOP,0.00071087,"2018-01-04 04:30:00"
IOP,0.00069998,"2018-01-04 04:35:00"
IOP,0.0007001,"2018-01-04 04:40:00"
IOP,0.0006991,"2018-01-04 04:45:00"
IOP,0.0007135,"2018-01-04 04:50:00"
IOP,0.00071366,"2018-01-04 04:55:00"
IOP,0.00071675,"2018-01-04 05:00:00"
IOP,0.00071001,"2018-01-04 05:05:00"
IOP,0.00070788,"2018-01-04 05:10:00"
IOP,0.00070761,"2018-01-04 05:15:00"
IOP,0.00070778,"2018-01-04 05:20:00"
IOP,0.000694,"2018-01-04 05:25:00"
IOP,0.00069501,"2018-01-04 05:30:00"
IOP,0.0007007,"2018-01-04 05:35:00"
IOP,0.000704,"2018-01-04 05:40:00"
IOP,0.00071206,"2018-01-04 05:45:00"
IOP,0.00071002,"2018-01-04 05:50:00"
IOP,0.00070551,"2018-01-04 05:55:00"
IOP,0.00070401,"2018-01-04 06:00:00"
IOP,0.00071149,"2018-01-04 06:05:00"
IOP,0.00070752,"2018-01-04 06:10:00"
IOP,0.0007,"2018-01-04 06:15:00"
IOP,0.000701,"2018-01-04 06:20:00"
IOP,0.00070027,"2018-01-04 06:25:00"
IOP,0.00071149,"2018-01-04 06:30:00"
IOP,0.000719,"2018-01-04 06:35:00"
IOP,0.00071997,"2018-01-04 06:40:00"
IOP,0.00072796,"2018-01-04 06:45:00"
IOP,0.00072848,"2018-01-04 06:50:00"
IOP,0.00072848,"2018-01-04 06:55:00"
IOP,0.00072848,"2018-01-04 07:00:00"
IOP,0.000729,"2018-01-04 07:05:00"
IOP,0.00072945,"2018-01-04 07:10:00"
IOP,0.00071822,"2018-01-04 07:15:00"
IOP,0.00072829,"2018-01-04 07:20:00"
IOP,0.00072833,"2018-01-04 07:25:00"
IOP,0.00072829,"2018-01-04 07:30:00"
IOP,0.00071993,"2018-01-04 07:35:00"
IOP,0.00072751,"2018-01-04 07:40:00"
IOP,0.00072801,"2018-01-04 07:45:00"
IOP,0.00071993,"2018-01-04 07:50:00"
IOP,0.00071098,"2018-01-04 07:55:00"
IOP,0.000711,"2018-01-04 08:00:00"
IOP,0.00071948,"2018-01-04 08:05:00"
IOP,0.0007145,"2018-01-04 08:10:00"
IOP,0.000709,"2018-01-04 08:15:00"
IOP,0.00071996,"2018-01-04 08:20:00"
IOP,0.00071001,"2018-01-04 08:25:00"
IOP,0.00071145,"2018-01-04 08:30:00"
IOP,0.00071145,"2018-01-04 08:35:00"
IOP,0.000707,"2018-01-04 08:40:00"
IOP,0.00071144,"2018-01-04 08:45:00"
IOP,0.00071142,"2018-01-04 08:50:00"
IOP,0.00071142,"2018-01-04 08:55:00"
IOP,0.00071144,"2018-01-04 09:00:00"
IOP,0.000709,"2018-01-04 09:05:00"
IOP,0.00070951,"2018-01-04 09:10:00"
IOP,0.00071988,"2018-01-04 09:15:00"
IOP,0.00072699,"2018-01-04 09:20:00"
IOP,0.00072002,"2018-01-04 09:25:00"
IOP,0.00072002,"2018-01-04 09:30:00"
IOP,0.00072098,"2018-01-04 09:35:00"
IOP,0.000715,"2018-01-04 09:40:00"
IOP,0.000711,"2018-01-04 09:45:00"
IOP,0.0007147,"2018-01-04 09:50:00"
IOP,0.0007096,"2018-01-04 09:55:00"
IOP,0.00071739,"2018-01-04 10:00:00"
IOP,0.0007136,"2018-01-04 10:05:00"
IOP,0.0007136,"2018-01-04 10:10:00"
IOP,0.00071,"2018-01-04 10:15:00"
IOP,0.0007006,"2018-01-04 10:20:00"
IOP,0.00070054,"2018-01-04 10:25:00"
IOP,0.000702,"2018-01-04 10:30:00"
IOP,0.000704,"2018-01-04 10:35:00"
IOP,0.00070889,"2018-01-04 10:40:00"
IOP,0.000709,"2018-01-04 10:45:00"
IOP,0.0007089,"2018-01-04 10:50:00"
IOP,0.00070888,"2018-01-04 10:55:00"
IOP,0.000709,"2018-01-04 11:00:00"
IOP,0.00071098,"2018-01-04 11:05:00"
IOP,0.000711,"2018-01-04 11:10:00"
IOP,0.00070003,"2018-01-04 11:15:00"
IOP,0.0007,"2018-01-04 11:20:00"
IOP,0.00071058,"2018-01-04 11:25:00"
IOP,0.00069811,"2018-01-04 11:30:00"
IOP,0.00069806,"2018-01-04 11:35:00"
IOP,0.0007,"2018-01-04 11:40:00"
IOP,0.00071035,"2018-01-04 11:45:00"
IOP,0.0006969,"2018-01-04 11:50:00"
IOP,0.000707,"2018-01-04 11:55:00"
IOP,0.0007075,"2018-01-04 12:00:00"
IOP,0.000705,"2018-01-04 12:05:00"
IOP,0.00071779,"2018-01-04 12:10:00"
IOP,0.00070618,"2018-01-04 12:15:00"
IOP,0.000717,"2018-01-04 12:20:00"
IOP,0.000706,"2018-01-04 12:25:00"
IOP,0.000714,"2018-01-04 12:30:00"
IOP,0.0007071,"2018-01-04 12:35:00"
IOP,0.00070705,"2018-01-04 12:40:00"
IOP,0.00070517,"2018-01-04 12:45:00"
IOP,0.00071,"2018-01-04 12:50:00"
IOP,0.00071102,"2018-01-04 12:55:00"
IOP,0.0007136,"2018-01-04 13:00:00"
IOP,0.00071145,"2018-01-04 13:05:00"
IOP,0.00071116,"2018-01-04 13:10:00"
IOP,0.00071116,"2018-01-04 13:15:00"
IOP,0.00071115,"2018-01-04 13:20:00"
IOP,0.00070563,"2018-01-04 13:25:00"
IOP,0.00071116,"2018-01-04 13:30:00"
IOP,0.00071118,"2018-01-04 13:35:00"
IOP,0.00071112,"2018-01-04 13:40:00"
IOP,0.00070291,"2018-01-04 13:45:00"
IOP,0.000705,"2018-01-04 13:50:00"
IOP,0.00070429,"2018-01-04 13:55:00"
IOP,0.00070551,"2018-01-04 14:00:00"
IOP,0.00070577,"2018-01-04 14:05:00"
IOP,0.00070499,"2018-01-04 14:10:00"
IOP,0.00070605,"2018-01-04 14:15:00"
IOP,0.00071075,"2018-01-04 14:20:00"
IOP,0.0007228,"2018-01-04 14:25:00"
IOP,0.00071556,"2018-01-04 14:30:00"
IOP,0.0007155,"2018-01-04 14:35:00"
IOP,0.0007013,"2018-01-04 14:40:00"
IOP,0.00070293,"2018-01-04 14:45:00"
IOP,0.00070616,"2018-01-04 14:50:00"
IOP,0.00070811,"2018-01-04 14:55:00"
IOP,0.00072074,"2018-01-04 15:00:00"
IOP,0.00071871,"2018-01-04 15:05:00"
IOP,0.000712,"2018-01-04 15:10:00"
IOP,0.00070205,"2018-01-04 15:15:00"
IOP,0.00071806,"2018-01-04 15:20:00"
IOP,0.00071942,"2018-01-04 15:25:00"
IOP,0.00071929,"2018-01-04 15:30:00"
IOP,0.00071979,"2018-01-04 15:35:00"
IOP,0.00071501,"2018-01-04 15:40:00"
IOP,0.00071501,"2018-01-04 15:45:00"
IOP,0.00070807,"2018-01-04 15:50:00"
IOP,0.00071502,"2018-01-04 15:55:00"
IOP,0.00071505,"2018-01-04 16:00:00"
IOP,0.00071808,"2018-01-04 16:05:00"
IOP,0.00071498,"2018-01-04 16:10:00"
IOP,0.00071779,"2018-01-04 16:15:00"
IOP,0.00072699,"2018-01-04 16:20:00"
IOP,0.000732,"2018-01-04 16:25:00"
IOP,0.00072154,"2018-01-04 16:30:00"
IOP,0.00072159,"2018-01-04 16:35:00"
IOP,0.00071101,"2018-01-04 16:40:00"
IOP,0.00072,"2018-01-04 16:45:00"
IOP,0.00071612,"2018-01-04 16:50:00"
IOP,0.00072698,"2018-01-04 16:55:00"
IOP,0.00072,"2018-01-04 17:00:00"
IOP,0.00072999,"2018-01-04 17:05:00"
IOP,0.00074517,"2018-01-04 17:10:00"
IOP,0.00080345,"2018-01-04 17:15:00"
IOP,0.00078999,"2018-01-04 17:20:00"
IOP,0.000789,"2018-01-04 17:25:00"
IOP,0.00079,"2018-01-04 17:30:00"
IOP,0.000794,"2018-01-04 17:35:00"
IOP,0.000784,"2018-01-04 17:40:00"
IOP,0.00078,"2018-01-04 17:45:00"
IOP,0.0007705,"2018-01-04 17:50:00"
IOP,0.00077766,"2018-01-04 17:55:00"
IOP,0.00076934,"2018-01-04 18:00:00"
IOP,0.00078,"2018-01-04 18:05:00"
IOP,0.00079,"2018-01-04 18:10:00"
IOP,0.00079002,"2018-01-04 18:15:00"
IOP,0.00079,"2018-01-04 18:20:00"
IOP,0.000794,"2018-01-04 18:25:00"
IOP,0.0007918,"2018-01-04 18:30:00"
IOP,0.00077501,"2018-01-04 18:35:00"
IOP,0.00078399,"2018-01-04 18:40:00"
IOP,0.0007751,"2018-01-04 18:45:00"
IOP,0.00076566,"2018-01-04 18:50:00"
IOP,0.00076564,"2018-01-04 18:55:00"
IOP,0.00077,"2018-01-04 19:00:00"
IOP,0.00077,"2018-01-04 19:05:00"
IOP,0.000784,"2018-01-04 19:10:00"
IOP,0.00076669,"2018-01-04 19:15:00"
IOP,0.0007662,"2018-01-04 19:20:00"
IOP,0.00074612,"2018-01-04 19:25:00"
IOP,0.00076154,"2018-01-04 19:30:00"
IOP,0.00075383,"2018-01-04 19:35:00"
IOP,0.00075388,"2018-01-04 19:40:00"
IOP,0.00075383,"2018-01-04 19:45:00"
IOP,0.0007598,"2018-01-04 19:50:00"
IOP,0.00074568,"2018-01-04 19:55:00"
IOP,0.000735,"2018-01-04 20:00:00"
IOP,0.000738,"2018-01-04 20:05:00"
IOP,0.00074738,"2018-01-04 20:10:00"
IOP,0.00074892,"2018-01-04 20:15:00"
IOP,0.00075,"2018-01-04 20:20:00"
IOP,0.00074489,"2018-01-04 20:25:00"
IOP,0.00074,"2018-01-04 20:30:00"
IOP,0.000738,"2018-01-04 20:35:00"
IOP,0.00073133,"2018-01-04 20:40:00"
IOP,0.00071491,"2018-01-04 20:45:00"
IOP,0.00071052,"2018-01-04 20:50:00"
IOP,0.00070154,"2018-01-04 20:55:00"
IOP,0.00070095,"2018-01-04 21:00:00"
IOP,0.00069835,"2018-01-04 21:05:00"
IOP,0.00069001,"2018-01-04 21:10:00"
IOP,0.00066825,"2018-01-04 21:15:00"
IOP,0.00067019,"2018-01-04 21:20:00"
IOP,0.00069,"2018-01-04 21:25:00"
IOP,0.00069,"2018-01-04 21:30:00"
IOP,0.0006925,"2018-01-04 21:35:00"
IOP,0.0006927,"2018-01-04 21:40:00"
IOP,0.00068999,"2018-01-04 21:45:00"
IOP,0.0006805,"2018-01-04 21:50:00"
IOP,0.00068,"2018-01-04 21:55:00"
IOP,0.00069248,"2018-01-04 22:00:00"
IOP,0.00069238,"2018-01-04 22:05:00"
IOP,0.0006936,"2018-01-04 22:10:00"
IOP,0.00069998,"2018-01-04 22:15:00"
IOP,0.00070223,"2018-01-04 22:20:00"
IOP,0.00071337,"2018-01-04 22:25:00"
IOP,0.0007028,"2018-01-04 22:30:00"
IOP,0.00071226,"2018-01-04 22:35:00"
IOP,0.00070999,"2018-01-04 22:40:00"
IOP,0.0007141,"2018-01-04 22:45:00"
IOP,0.00070342,"2018-01-04 22:50:00"
IOP,0.000703,"2018-01-04 22:55:00"
IOP,0.00070137,"2018-01-04 23:00:00"
IOP,0.00071273,"2018-01-04 23:05:00"
IOP,0.00073111,"2018-01-04 23:10:00"
IOP,0.00071518,"2018-01-04 23:15:00"
IOP,0.00071896,"2018-01-04 23:20:00"
IOP,0.00071939,"2018-01-04 23:25:00"
IOP,0.00071536,"2018-01-04 23:30:00"
IOP,0.00071002,"2018-01-04 23:35:00"
IOP,0.00071101,"2018-01-04 23:40:00"
IOP,0.00070545,"2018-01-04 23:45:00"
IOP,0.00070248,"2018-01-04 23:50:00"
IOP,0.00068601,"2018-01-04 23:55:00"
IOP,0.00068601,"2018-01-05 00:00:00"
IOP,0.00069281,"2018-01-05 00:05:00"
IOP,0.00068511,"2018-01-05 00:10:00"
IOP,0.00068592,"2018-01-05 00:15:00"
IOP,0.00068593,"2018-01-05 00:20:00"
IOP,0.00069065,"2018-01-05 00:25:00"
IOP,0.00069065,"2018-01-05 00:30:00"
IOP,0.00068992,"2018-01-05 00:35:00"
IOP,0.00070249,"2018-01-05 00:40:00"
IOP,0.00071871,"2018-01-05 00:45:00"
IOP,0.00071,"2018-01-05 00:50:00"
IOP,0.000687,"2018-01-05 00:55:00"
IOP,0.00068343,"2018-01-05 01:00:00"
IOP,0.00067731,"2018-01-05 01:05:00"
IOP,0.00067165,"2018-01-05 01:10:00"
IOP,0.00068832,"2018-01-05 01:15:00"
IOP,0.00068284,"2018-01-05 01:20:00"
IOP,0.00068847,"2018-01-05 01:25:00"
IOP,0.00073765,"2018-01-05 01:30:00"
IOP,0.0007484,"2018-01-05 01:35:00"
IOP,0.000726,"2018-01-05 01:40:00"
IOP,0.00073682,"2018-01-05 01:45:00"
IOP,0.000714,"2018-01-05 01:50:00"
IOP,0.00071501,"2018-01-05 01:55:00"
IOP,0.000715,"2018-01-05 02:00:00"
IOP,0.00071503,"2018-01-05 02:05:00"
IOP,0.00070154,"2018-01-05 02:10:00"
IOP,0.00070961,"2018-01-05 02:15:00"
IOP,0.00071023,"2018-01-05 02:20:00"
IOP,0.00071299,"2018-01-05 02:25:00"
IOP,0.00070944,"2018-01-05 02:30:00"
IOP,0.00070202,"2018-01-05 02:35:00"
IOP,0.00070944,"2018-01-05 02:40:00"
IOP,0.00070523,"2018-01-05 02:45:00"
IOP,0.00070076,"2018-01-05 02:50:00"
IOP,0.0007009,"2018-01-05 02:55:00"
IOP,0.00070102,"2018-01-05 03:00:00"
IOP,0.00071094,"2018-01-05 03:05:00"
IOP,0.00070523,"2018-01-05 03:10:00"
IOP,0.000707,"2018-01-05 03:15:00"
IOP,0.00070699,"2018-01-05 03:20:00"
IOP,0.00070699,"2018-01-05 03:25:00"
IOP,0.00070599,"2018-01-05 03:30:00"
IOP,0.00070686,"2018-01-05 03:35:00"
IOP,0.00069744,"2018-01-05 03:40:00"
IOP,0.000695,"2018-01-05 03:45:00"
IOP,0.00069194,"2018-01-05 03:50:00"
IOP,0.00069501,"2018-01-05 03:55:00"
IOP,0.00070564,"2018-01-05 04:00:00"
IOP,0.00069559,"2018-01-05 04:05:00"
IOP,0.00069192,"2018-01-05 04:10:00"
IOP,0.00069199,"2018-01-05 04:15:00"
IOP,0.000699,"2018-01-05 04:20:00"
IOP,0.00070676,"2018-01-05 04:25:00"
IOP,0.000721,"2018-01-05 04:30:00"
IOP,0.00072699,"2018-01-05 04:35:00"
IOP,0.00072187,"2018-01-05 04:40:00"
IOP,0.00072041,"2018-01-05 04:45:00"
IOP,0.00073388,"2018-01-05 04:50:00"
IOP,0.00073699,"2018-01-05 04:55:00"
IOP,0.00073699,"2018-01-05 05:00:00"
IOP,0.0007344,"2018-01-05 05:05:00"
IOP,0.00073699,"2018-01-05 05:10:00"
IOP,0.00074,"2018-01-05 05:15:00"
IOP,0.000746,"2018-01-05 05:20:00"
IOP,0.00074591,"2018-01-05 05:25:00"
IOP,0.0007435,"2018-01-05 05:30:00"
IOP,0.0007435,"2018-01-05 05:35:00"
IOP,0.00074339,"2018-01-05 05:40:00"
IOP,0.00074283,"2018-01-05 05:45:00"
IOP,0.00074275,"2018-01-05 05:50:00"
IOP,0.00073416,"2018-01-05 05:55:00"
IOP,0.00073409,"2018-01-05 06:00:00"
IOP,0.00074092,"2018-01-05 06:05:00"
IOP,0.00074036,"2018-01-05 06:10:00"
IOP,0.00074092,"2018-01-05 06:15:00"
IOP,0.0007417,"2018-01-05 06:20:00"
IOP,0.0007417,"2018-01-05 06:25:00"
IOP,0.00074447,"2018-01-05 06:30:00"
IOP,0.000742,"2018-01-05 06:35:00"
IOP,0.0007425,"2018-01-05 06:40:00"
IOP,0.000742,"2018-01-05 06:45:00"
IOP,0.000742,"2018-01-05 06:50:00"
IOP,0.000742,"2018-01-05 06:55:00"
IOP,0.0007351,"2018-01-05 07:00:00"
IOP,0.000735,"2018-01-05 07:05:00"
IOP,0.00073391,"2018-01-05 07:10:00"
IOP,0.0007339,"2018-01-05 07:15:00"
IOP,0.00073971,"2018-01-05 07:20:00"
IOP,0.00073133,"2018-01-05 07:25:00"
IOP,0.00073712,"2018-01-05 07:30:00"
IOP,0.00073679,"2018-01-05 07:35:00"
IOP,0.0007368,"2018-01-05 07:40:00"
IOP,0.00073679,"2018-01-05 07:45:00"
IOP,0.00073069,"2018-01-05 07:50:00"
IOP,0.0007301,"2018-01-05 07:55:00"
IOP,0.0007301,"2018-01-05 08:00:00"
IOP,0.00073067,"2018-01-05 08:05:00"
IOP,0.00073015,"2018-01-05 08:10:00"
IOP,0.00073011,"2018-01-05 08:15:00"
IOP,0.0007301,"2018-01-05 08:20:00"
IOP,0.0007301,"2018-01-05 08:25:00"
IOP,0.00073011,"2018-01-05 08:30:00"
IOP,0.0007301,"2018-01-05 08:35:00"
IOP,0.00072964,"2018-01-05 08:40:00"
IOP,0.00072053,"2018-01-05 08:45:00"
IOP,0.00072782,"2018-01-05 08:50:00"
IOP,0.00073011,"2018-01-05 08:55:00"
IOP,0.000735,"2018-01-05 09:00:00"
IOP,0.00073997,"2018-01-05 09:05:00"
IOP,0.00073929,"2018-01-05 09:10:00"
IOP,0.00073931,"2018-01-05 09:15:00"
IOP,0.00073931,"2018-01-05 09:20:00"
IOP,0.00073928,"2018-01-05 09:25:00"
IOP,0.00073066,"2018-01-05 09:30:00"
IOP,0.00073015,"2018-01-05 09:35:00"
IOP,0.00073015,"2018-01-05 09:40:00"
IOP,0.00073011,"2018-01-05 09:45:00"
IOP,0.00072772,"2018-01-05 09:50:00"
IOP,0.0007272,"2018-01-05 09:55:00"
IOP,0.00068444,"2018-01-05 10:00:00"
IOP,0.00066,"2018-01-05 10:05:00"
IOP,0.00065834,"2018-01-05 10:10:00"
IOP,0.000655,"2018-01-05 10:15:00"
IOP,0.00066,"2018-01-05 10:20:00"
IOP,0.00064,"2018-01-05 10:25:00"
IOP,0.00063002,"2018-01-05 10:30:00"
IOP,0.00064083,"2018-01-05 10:35:00"
IOP,0.00063569,"2018-01-05 10:40:00"
IOP,0.00062605,"2018-01-05 10:45:00"
IOP,0.00061269,"2018-01-05 10:50:00"
IOP,0.00061005,"2018-01-05 10:55:00"
IOP,0.00061507,"2018-01-05 11:00:00"
IOP,0.00061899,"2018-01-05 11:05:00"
IOP,0.00063439,"2018-01-05 11:10:00"
IOP,0.0006305,"2018-01-05 11:15:00"
IOP,0.000641,"2018-01-05 11:20:00"
IOP,0.00062,"2018-01-05 11:25:00"
IOP,0.00062116,"2018-01-05 11:30:00"
IOP,0.00063153,"2018-01-05 11:35:00"
IOP,0.00063518,"2018-01-05 11:40:00"
IOP,0.00062854,"2018-01-05 11:45:00"
IOP,0.00061002,"2018-01-05 11:50:00"
IOP,0.00060212,"2018-01-05 11:55:00"
IOP,0.00060557,"2018-01-05 12:00:00"
IOP,0.00060001,"2018-01-05 12:05:00"
IOP,0.00058992,"2018-01-05 12:10:00"
IOP,0.00061007,"2018-01-05 12:15:00"
IOP,0.00061987,"2018-01-05 12:20:00"
IOP,0.00061176,"2018-01-05 12:25:00"
IOP,0.00061346,"2018-01-05 12:30:00"
IOP,0.00060763,"2018-01-05 12:35:00"
IOP,0.00061191,"2018-01-05 12:40:00"
IOP,0.00060341,"2018-01-05 12:45:00"
IOP,0.00060469,"2018-01-05 12:50:00"
IOP,0.00060999,"2018-01-05 12:55:00"
IOP,0.00061012,"2018-01-05 13:00:00"
IOP,0.00061346,"2018-01-05 13:05:00"
IOP,0.000615,"2018-01-05 13:10:00"
IOP,0.00065903,"2018-01-05 13:15:00"
IOP,0.00065889,"2018-01-05 13:20:00"
IOP,0.0006595,"2018-01-05 13:25:00"
IOP,0.00065972,"2018-01-05 13:30:00"
IOP,0.0006488,"2018-01-05 13:35:00"
IOP,0.000654,"2018-01-05 13:40:00"
IOP,0.000654,"2018-01-05 13:45:00"
IOP,0.00065498,"2018-01-05 13:50:00"
IOP,0.000656,"2018-01-05 13:55:00"
IOP,0.0006587,"2018-01-05 14:00:00"
IOP,0.00064884,"2018-01-05 14:05:00"
IOP,0.00064883,"2018-01-05 14:10:00"
IOP,0.00065495,"2018-01-05 14:15:00"
IOP,0.00065497,"2018-01-05 14:20:00"
IOP,0.00065494,"2018-01-05 14:25:00"
IOP,0.00064879,"2018-01-05 14:30:00"
IOP,0.000639,"2018-01-05 14:35:00"
IOP,0.00064596,"2018-01-05 14:40:00"
IOP,0.000634,"2018-01-05 14:45:00"
IOP,0.00062922,"2018-01-05 14:50:00"
IOP,0.000626,"2018-01-05 14:55:00"
IOP,0.00063,"2018-01-05 15:00:00"
IOP,0.000639,"2018-01-05 15:05:00"
IOP,0.00064146,"2018-01-05 15:10:00"
IOP,0.00064158,"2018-01-05 15:15:00"
IOP,0.00063653,"2018-01-05 15:20:00"
IOP,0.00063652,"2018-01-05 15:25:00"
IOP,0.00064146,"2018-01-05 15:30:00"
IOP,0.000645,"2018-01-05 15:35:00"
IOP,0.00064147,"2018-01-05 15:40:00"
IOP,0.00064152,"2018-01-05 15:45:00"
IOP,0.00064605,"2018-01-05 15:50:00"
IOP,0.00064908,"2018-01-05 15:55:00"
IOP,0.000647,"2018-01-05 16:00:00"
IOP,0.000647,"2018-01-05 16:05:00"
IOP,0.00064605,"2018-01-05 16:10:00"
IOP,0.00064145,"2018-01-05 16:15:00"
IOP,0.00063608,"2018-01-05 16:20:00"
IOP,0.00063875,"2018-01-05 16:25:00"
IOP,0.00063891,"2018-01-05 16:30:00"
IOP,0.0006389,"2018-01-05 16:35:00"
IOP,0.00063489,"2018-01-05 16:40:00"
IOP,0.00063408,"2018-01-05 16:45:00"
IOP,0.00063485,"2018-01-05 16:50:00"
IOP,0.00063409,"2018-01-05 16:55:00"
IOP,0.000637,"2018-01-05 17:00:00"
IOP,0.00063409,"2018-01-05 17:05:00"
IOP,0.0006328,"2018-01-05 17:10:00"
IOP,0.0006307,"2018-01-05 17:15:00"
IOP,0.00063947,"2018-01-05 17:20:00"
IOP,0.00061895,"2018-01-05 17:25:00"
IOP,0.00061999,"2018-01-05 17:30:00"
IOP,0.00061651,"2018-01-05 17:35:00"
IOP,0.00061658,"2018-01-05 17:40:00"
IOP,0.00061999,"2018-01-05 17:45:00"
IOP,0.00061659,"2018-01-05 17:50:00"
IOP,0.000615,"2018-01-05 17:55:00"
IOP,0.00061072,"2018-01-05 18:00:00"
IOP,0.00060922,"2018-01-05 18:05:00"
IOP,0.00060349,"2018-01-05 18:10:00"
IOP,0.00058501,"2018-01-05 18:15:00"
IOP,0.00062321,"2018-01-05 18:20:00"
IOP,0.00062231,"2018-01-05 18:25:00"
IOP,0.00062,"2018-01-05 18:30:00"
IOP,0.00059,"2018-01-05 18:35:00"
IOP,0.00055005,"2018-01-05 18:40:00"
IOP,0.00055401,"2018-01-05 18:45:00"
IOP,0.0005545,"2018-01-05 18:50:00"
IOP,0.00055402,"2018-01-05 18:55:00"
IOP,0.00056,"2018-01-05 19:00:00"
IOP,0.00056367,"2018-01-05 19:05:00"
IOP,0.00056806,"2018-01-05 19:10:00"
IOP,0.000595,"2018-01-05 19:15:00"
IOP,0.00059102,"2018-01-05 19:20:00"
IOP,0.00058601,"2018-01-05 19:25:00"
IOP,0.0006,"2018-01-05 19:30:00"
IOP,0.000592,"2018-01-05 19:35:00"
IOP,0.00059902,"2018-01-05 19:40:00"
IOP,0.0005862,"2018-01-05 19:45:00"
IOP,0.00059464,"2018-01-05 19:50:00"
IOP,0.00059979,"2018-01-05 19:55:00"
IOP,0.00059983,"2018-01-05 20:00:00"
IOP,0.00060003,"2018-01-05 20:05:00"
IOP,0.00059201,"2018-01-05 20:10:00"
IOP,0.000595,"2018-01-05 20:15:00"
IOP,0.00060244,"2018-01-05 20:20:00"
IOP,0.00060839,"2018-01-05 20:25:00"
IOP,0.00061501,"2018-01-05 20:30:00"
IOP,0.000615,"2018-01-05 20:35:00"
IOP,0.00061501,"2018-01-05 20:40:00"
IOP,0.000615,"2018-01-05 20:45:00"
IOP,0.00060303,"2018-01-05 20:50:00"
IOP,0.0006149,"2018-01-05 20:55:00"
IOP,0.00060405,"2018-01-05 21:00:00"
IOP,0.00061463,"2018-01-05 21:05:00"
IOP,0.00060406,"2018-01-05 21:10:00"
IOP,0.00061448,"2018-01-05 21:15:00"
IOP,0.0006101,"2018-01-05 21:20:00"
IOP,0.00060558,"2018-01-05 21:25:00"
IOP,0.00060557,"2018-01-05 21:30:00"
IOP,0.00061248,"2018-01-05 21:35:00"
IOP,0.00059066,"2018-01-05 21:40:00"
IOP,0.00060679,"2018-01-05 21:45:00"
IOP,0.0006055,"2018-01-05 21:50:00"
IOP,0.00058,"2018-01-05 21:55:00"
IOP,0.00059769,"2018-01-05 22:00:00"
IOP,0.0005737,"2018-01-05 22:05:00"
IOP,0.000564,"2018-01-05 22:10:00"
IOP,0.00056422,"2018-01-05 22:15:00"
IOP,0.00058,"2018-01-05 22:20:00"
IOP,0.00058789,"2018-01-05 22:25:00"
IOP,0.00059191,"2018-01-05 22:30:00"
IOP,0.00059653,"2018-01-05 22:35:00"
IOP,0.0005681,"2018-01-05 22:40:00"
IOP,0.00058959,"2018-01-05 22:45:00"
IOP,0.00057189,"2018-01-05 22:50:00"
IOP,0.00058632,"2018-01-05 22:55:00"
IOP,0.00058682,"2018-01-05 23:00:00"
IOP,0.00057996,"2018-01-05 23:05:00"
IOP,0.00057569,"2018-01-05 23:10:00"
IOP,0.00057601,"2018-01-05 23:15:00"
IOP,0.00057623,"2018-01-05 23:20:00"
IOP,0.00057599,"2018-01-05 23:25:00"
IOP,0.00056358,"2018-01-05 23:30:00"
IOP,0.00056352,"2018-01-05 23:35:00"
IOP,0.00056,"2018-01-05 23:40:00"
IOP,0.000544,"2018-01-05 23:45:00"
IOP,0.00054947,"2018-01-05 23:50:00"
IOP,0.00054221,"2018-01-05 23:55:00"
IOP,0.00053709,"2018-01-06 00:00:00"
IOP,0.00053272,"2018-01-06 00:05:00"
IOP,0.00052068,"2018-01-06 00:10:00"
IOP,0.0005121,"2018-01-06 00:15:00"
IOP,0.00051,"2018-01-06 00:20:00"
IOP,0.00050637,"2018-01-06 00:25:00"
IOP,0.00051,"2018-01-06 00:30:00"
IOP,0.0005121,"2018-01-06 00:35:00"
IOP,0.00052743,"2018-01-06 00:40:00"
IOP,0.00054004,"2018-01-06 00:45:00"
IOP,0.00054077,"2018-01-06 00:50:00"
IOP,0.00054516,"2018-01-06 00:55:00"
IOP,0.00054256,"2018-01-06 01:00:00"
IOP,0.00054321,"2018-01-06 01:05:00"
IOP,0.00054785,"2018-01-06 01:10:00"
IOP,0.00055026,"2018-01-06 01:15:00"
IOP,0.00054803,"2018-01-06 01:20:00"
IOP,0.00054205,"2018-01-06 01:25:00"
IOP,0.00054203,"2018-01-06 01:30:00"
IOP,0.00054256,"2018-01-06 01:35:00"
IOP,0.00053975,"2018-01-06 01:40:00"
IOP,0.00054154,"2018-01-06 01:45:00"
IOP,0.00055235,"2018-01-06 01:50:00"
IOP,0.00055235,"2018-01-06 01:55:00"
IOP,0.0005536,"2018-01-06 02:00:00"
IOP,0.00055814,"2018-01-06 02:05:00"
IOP,0.00055763,"2018-01-06 02:10:00"
IOP,0.00055764,"2018-01-06 02:15:00"
IOP,0.0005577,"2018-01-06 02:20:00"
IOP,0.0005577,"2018-01-06 02:25:00"
IOP,0.00055009,"2018-01-06 02:30:00"
IOP,0.000529,"2018-01-06 02:35:00"
IOP,0.00053465,"2018-01-06 02:40:00"
IOP,0.00053,"2018-01-06 02:45:00"
IOP,0.000529,"2018-01-06 02:50:00"
IOP,0.00052642,"2018-01-06 02:55:00"
IOP,0.00052545,"2018-01-06 03:00:00"
IOP,0.00052545,"2018-01-06 03:05:00"
IOP,0.00052975,"2018-01-06 03:10:00"
IOP,0.0005328,"2018-01-06 03:15:00"
IOP,0.00051997,"2018-01-06 03:20:00"
IOP,0.00052722,"2018-01-06 03:25:00"
IOP,0.00052712,"2018-01-06 03:30:00"
IOP,0.00051799,"2018-01-06 03:35:00"
IOP,0.00051796,"2018-01-06 03:40:00"
IOP,0.00051672,"2018-01-06 03:45:00"
IOP,0.00051057,"2018-01-06 03:50:00"
IOP,0.00051062,"2018-01-06 03:55:00"
IOP,0.0005163,"2018-01-06 04:00:00"
IOP,0.0005162,"2018-01-06 04:05:00"
IOP,0.00051251,"2018-01-06 04:10:00"
IOP,0.00052743,"2018-01-06 04:15:00"
IOP,0.00053301,"2018-01-06 04:20:00"
IOP,0.00055179,"2018-01-06 04:25:00"
IOP,0.00055746,"2018-01-06 04:30:00"
IOP,0.00055,"2018-01-06 04:35:00"
IOP,0.00052236,"2018-01-06 04:40:00"
IOP,0.00052348,"2018-01-06 04:45:00"
IOP,0.00052555,"2018-01-06 04:50:00"
IOP,0.00053584,"2018-01-06 04:55:00"
IOP,0.00053037,"2018-01-06 05:00:00"
IOP,0.00053041,"2018-01-06 05:05:00"
IOP,0.000531,"2018-01-06 05:10:00"
IOP,0.00053811,"2018-01-06 05:15:00"
IOP,0.00055661,"2018-01-06 05:20:00"
IOP,0.00056823,"2018-01-06 05:25:00"
IOP,0.00057,"2018-01-06 05:30:00"
IOP,0.00057984,"2018-01-06 05:35:00"
IOP,0.00055636,"2018-01-06 05:40:00"
IOP,0.00057989,"2018-01-06 05:50:00"
IOP,0.00057937,"2018-01-06 05:55:00"
IOP,0.00056807,"2018-01-06 06:00:00"
IOP,0.00055908,"2018-01-06 06:05:00"
IOP,0.0005596,"2018-01-06 06:10:00"
IOP,0.00056012,"2018-01-06 06:15:00"
IOP,0.00056013,"2018-01-06 06:20:00"
IOP,0.00057896,"2018-01-06 06:25:00"
IOP,0.0005755,"2018-01-06 06:30:00"
IOP,0.00058999,"2018-01-06 06:35:00"
IOP,0.00058667,"2018-01-06 06:40:00"
IOP,0.0006,"2018-01-06 06:45:00"
IOP,0.00058601,"2018-01-06 06:50:00"
IOP,0.00059818,"2018-01-06 06:55:00"
IOP,0.0005995,"2018-01-06 07:00:00"
IOP,0.0006068,"2018-01-06 07:05:00"
IOP,0.00061076,"2018-01-06 07:10:00"
IOP,0.00061077,"2018-01-06 07:15:00"
IOP,0.00058661,"2018-01-06 07:20:00"
IOP,0.0005963,"2018-01-06 07:25:00"
IOP,0.00060906,"2018-01-06 07:30:00"
IOP,0.00059911,"2018-01-06 07:35:00"
IOP,0.00060898,"2018-01-06 07:40:00"
IOP,0.00059899,"2018-01-06 07:45:00"
IOP,0.00060894,"2018-01-06 07:50:00"
IOP,0.00060894,"2018-01-06 07:55:00"
IOP,0.00060838,"2018-01-06 08:00:00"
IOP,0.00059683,"2018-01-06 08:05:00"
IOP,0.00060748,"2018-01-06 08:10:00"
IOP,0.00059996,"2018-01-06 08:15:00"
IOP,0.0005919,"2018-01-06 08:20:00"
IOP,0.00059192,"2018-01-06 08:25:00"
IOP,0.00059059,"2018-01-06 08:30:00"
IOP,0.00059837,"2018-01-06 08:35:00"
IOP,0.00060722,"2018-01-06 08:40:00"
IOP,0.00060834,"2018-01-06 08:45:00"
IOP,0.00059842,"2018-01-06 08:50:00"
IOP,0.00060684,"2018-01-06 08:55:00"
IOP,0.00059829,"2018-01-06 09:00:00"
IOP,0.00059302,"2018-01-06 09:05:00"
IOP,0.00059987,"2018-01-06 09:10:00"
IOP,0.00059986,"2018-01-06 09:15:00"
IOP,0.00059304,"2018-01-06 09:20:00"
IOP,0.00059985,"2018-01-06 09:25:00"
IOP,0.00058604,"2018-01-06 09:30:00"
IOP,0.00059982,"2018-01-06 09:35:00"
IOP,0.00058605,"2018-01-06 09:40:00"
IOP,0.00058605,"2018-01-06 09:45:00"
IOP,0.00059873,"2018-01-06 09:50:00"
IOP,0.00058652,"2018-01-06 09:55:00"
IOP,0.00059844,"2018-01-06 10:00:00"
IOP,0.0005979,"2018-01-06 10:05:00"
IOP,0.00059697,"2018-01-06 10:10:00"
IOP,0.00058776,"2018-01-06 10:15:00"
IOP,0.00059682,"2018-01-06 10:20:00"
IOP,0.000596,"2018-01-06 10:25:00"
IOP,0.00059598,"2018-01-06 10:30:00"
IOP,0.000589,"2018-01-06 10:35:00"
IOP,0.00058837,"2018-01-06 10:40:00"
IOP,0.00059697,"2018-01-06 10:45:00"
IOP,0.00059696,"2018-01-06 10:50:00"
IOP,0.00058787,"2018-01-06 10:55:00"
IOP,0.00058791,"2018-01-06 11:00:00"
IOP,0.0005954,"2018-01-06 11:05:00"
IOP,0.0005965,"2018-01-06 11:10:00"
IOP,0.0005954,"2018-01-06 11:15:00"
IOP,0.00059649,"2018-01-06 11:20:00"
IOP,0.0005924,"2018-01-06 11:25:00"
IOP,0.00058838,"2018-01-06 11:30:00"
IOP,0.00059,"2018-01-06 11:35:00"
IOP,0.00058786,"2018-01-06 11:40:00"
IOP,0.00058601,"2018-01-06 11:45:00"
IOP,0.000575,"2018-01-06 11:50:00"
IOP,0.00056961,"2018-01-06 11:55:00"
IOP,0.00056961,"2018-01-06 12:00:00"
IOP,0.0005749,"2018-01-06 12:05:00"
IOP,0.00057449,"2018-01-06 12:10:00"
IOP,0.00057792,"2018-01-06 12:15:00"
IOP,0.00057653,"2018-01-06 12:20:00"
IOP,0.00057826,"2018-01-06 12:25:00"
IOP,0.0005805,"2018-01-06 12:30:00"
IOP,0.00058012,"2018-01-06 12:35:00"
IOP,0.00058638,"2018-01-06 12:40:00"
IOP,0.000582,"2018-01-06 12:45:00"
IOP,0.00058194,"2018-01-06 12:50:00"
IOP,0.0005802,"2018-01-06 12:55:00"
IOP,0.00058029,"2018-01-06 13:00:00"
IOP,0.0005806,"2018-01-06 13:05:00"
IOP,0.00058,"2018-01-06 13:10:00"
IOP,0.00058736,"2018-01-06 13:15:00"
IOP,0.00058358,"2018-01-06 13:20:00"
IOP,0.00058786,"2018-01-06 13:25:00"
IOP,0.00058898,"2018-01-06 13:30:00"
IOP,0.00058284,"2018-01-06 13:35:00"
IOP,0.00058,"2018-01-06 13:40:00"
IOP,0.00057133,"2018-01-06 13:45:00"
IOP,0.00058799,"2018-01-06 13:50:00"
IOP,0.00057562,"2018-01-06 13:55:00"
IOP,0.00058349,"2018-01-06 14:00:00"
IOP,0.00057587,"2018-01-06 14:05:00"
IOP,0.00057573,"2018-01-06 14:10:00"
IOP,0.00058,"2018-01-06 14:15:00"
IOP,0.00057608,"2018-01-06 14:20:00"
IOP,0.00056,"2018-01-06 14:25:00"
IOP,0.00057999,"2018-01-06 14:30:00"
IOP,0.00058301,"2018-01-06 14:35:00"
IOP,0.00057502,"2018-01-06 14:40:00"
IOP,0.00058302,"2018-01-06 14:45:00"
IOP,0.00058353,"2018-01-06 14:50:00"
IOP,0.00058989,"2018-01-06 14:55:00"
IOP,0.00059203,"2018-01-06 15:00:00"
IOP,0.00058355,"2018-01-06 15:05:00"
IOP,0.00059696,"2018-01-06 15:10:00"
IOP,0.000597,"2018-01-06 15:15:00"
IOP,0.0005976,"2018-01-06 15:20:00"
IOP,0.00059789,"2018-01-06 15:25:00"
IOP,0.00059789,"2018-01-06 15:30:00"
IOP,0.0005976,"2018-01-06 15:35:00"
IOP,0.0005976,"2018-01-06 15:40:00"
IOP,0.00059789,"2018-01-06 15:45:00"
IOP,0.0005979,"2018-01-06 15:50:00"
IOP,0.0005979,"2018-01-06 15:55:00"
IOP,0.00059999,"2018-01-06 16:00:00"
IOP,0.00060979,"2018-01-06 16:05:00"
IOP,0.00062525,"2018-01-06 16:10:00"
IOP,0.00059698,"2018-01-06 16:15:00"
IOP,0.00060665,"2018-01-06 16:20:00"
IOP,0.000599,"2018-01-06 16:25:00"
IOP,0.000595,"2018-01-06 16:30:00"
IOP,0.000585,"2018-01-06 16:35:00"
IOP,0.00059749,"2018-01-06 16:40:00"
IOP,0.00059705,"2018-01-06 16:45:00"
IOP,0.000605,"2018-01-06 16:50:00"
IOP,0.000599,"2018-01-06 16:55:00"
IOP,0.00060665,"2018-01-06 17:00:00"
IOP,0.00062353,"2018-01-06 17:05:00"
IOP,0.00060842,"2018-01-06 17:10:00"
IOP,0.00062353,"2018-01-06 17:15:00"
IOP,0.00061558,"2018-01-06 17:20:00"
IOP,0.0006147,"2018-01-06 17:25:00"
IOP,0.00057722,"2018-01-06 17:30:00"
IOP,0.00059143,"2018-01-06 17:35:00"
IOP,0.00059052,"2018-01-06 17:40:00"
IOP,0.00058514,"2018-01-06 17:45:00"
IOP,0.00058057,"2018-01-06 17:50:00"
IOP,0.00058457,"2018-01-06 17:55:00"
IOP,0.00058061,"2018-01-06 18:00:00"
IOP,0.00058,"2018-01-06 18:05:00"
IOP,0.00058806,"2018-01-06 18:10:00"
IOP,0.00058113,"2018-01-06 18:15:00"
IOP,0.00057721,"2018-01-06 18:20:00"
IOP,0.0005772,"2018-01-06 18:25:00"
IOP,0.000577,"2018-01-06 18:30:00"
IOP,0.000576,"2018-01-06 18:35:00"
IOP,0.00058113,"2018-01-06 18:40:00"
IOP,0.00058,"2018-01-06 18:45:00"
IOP,0.0005772,"2018-01-06 18:50:00"
IOP,0.0005772,"2018-01-06 18:55:00"
IOP,0.00057965,"2018-01-06 19:00:00"
IOP,0.00057778,"2018-01-06 19:05:00"
IOP,0.00057778,"2018-01-06 19:10:00"
IOP,0.00057778,"2018-01-06 19:15:00"
IOP,0.00057719,"2018-01-06 19:20:00"
IOP,0.00057,"2018-01-06 19:25:00"
IOP,0.000564,"2018-01-06 19:30:00"
IOP,0.0005699,"2018-01-06 19:35:00"
IOP,0.0005656,"2018-01-06 19:40:00"
IOP,0.00056401,"2018-01-06 19:45:00"
IOP,0.00056988,"2018-01-06 19:50:00"
IOP,0.00056988,"2018-01-06 19:55:00"
IOP,0.000567,"2018-01-06 20:00:00"
IOP,0.00058113,"2018-01-06 20:05:00"
IOP,0.00058857,"2018-01-06 20:10:00"
IOP,0.00060283,"2018-01-06 20:15:00"
IOP,0.00061722,"2018-01-06 20:20:00"
IOP,0.00062928,"2018-01-06 20:25:00"
IOP,0.00062999,"2018-01-06 20:30:00"
IOP,0.0006,"2018-01-06 20:35:00"
IOP,0.00062998,"2018-01-06 20:40:00"
IOP,0.00064938,"2018-01-06 20:45:00"
IOP,0.0006331,"2018-01-06 20:50:00"
IOP,0.000649,"2018-01-06 20:55:00"
IOP,0.00063999,"2018-01-06 21:00:00"
IOP,0.0006305,"2018-01-06 21:05:00"
IOP,0.00062802,"2018-01-06 21:10:00"
IOP,0.00061002,"2018-01-06 21:15:00"
IOP,0.000627,"2018-01-06 21:20:00"
IOP,0.000631,"2018-01-06 21:25:00"
IOP,0.00062802,"2018-01-06 21:30:00"
IOP,0.00062999,"2018-01-06 21:35:00"
IOP,0.00061277,"2018-01-06 21:40:00"
IOP,0.00059803,"2018-01-06 21:45:00"
IOP,0.00061277,"2018-01-06 21:50:00"
IOP,0.00061277,"2018-01-06 21:55:00"
IOP,0.00060558,"2018-01-06 22:00:00"
IOP,0.00060558,"2018-01-06 22:05:00"
IOP,0.0006,"2018-01-06 22:10:00"
IOP,0.00060184,"2018-01-06 22:15:00"
IOP,0.0006,"2018-01-06 22:20:00"
IOP,0.00060555,"2018-01-06 22:25:00"
IOP,0.00061277,"2018-01-06 22:30:00"
IOP,0.00061277,"2018-01-06 22:35:00"
IOP,0.00060606,"2018-01-06 22:40:00"
IOP,0.00060515,"2018-01-06 22:45:00"
IOP,0.000603,"2018-01-06 22:50:00"
IOP,0.0006035,"2018-01-06 22:55:00"
IOP,0.000604,"2018-01-06 23:00:00"
IOP,0.000603,"2018-01-06 23:05:00"
IOP,0.000604,"2018-01-06 23:10:00"
IOP,0.00060598,"2018-01-06 23:15:00"
IOP,0.0006,"2018-01-06 23:20:00"
IOP,0.00059307,"2018-01-06 23:25:00"
IOP,0.00058501,"2018-01-06 23:30:00"
IOP,0.000575,"2018-01-06 23:35:00"
IOP,0.00057183,"2018-01-06 23:40:00"
IOP,0.00058898,"2018-01-06 23:45:00"
IOP,0.000581,"2018-01-06 23:50:00"
IOP,0.000577,"2018-01-06 23:55:00"
IOP,0.00058804,"2018-01-07 00:00:00"
IOP,0.000589,"2018-01-07 00:05:00"
IOP,0.00058851,"2018-01-07 00:10:00"
IOP,0.00059312,"2018-01-07 00:15:00"
IOP,0.00059311,"2018-01-07 00:20:00"
IOP,0.00059249,"2018-01-07 00:25:00"
IOP,0.0005885,"2018-01-07 00:30:00"
IOP,0.0005885,"2018-01-07 00:35:00"
IOP,0.00058847,"2018-01-07 00:40:00"
IOP,0.00058805,"2018-01-07 00:45:00"
IOP,0.00058805,"2018-01-07 00:50:00"
IOP,0.00058805,"2018-01-07 00:55:00"
IOP,0.00057874,"2018-01-07 01:00:00"
IOP,0.00057874,"2018-01-07 01:05:00"
IOP,0.00057825,"2018-01-07 01:10:00"
IOP,0.00057875,"2018-01-07 01:15:00"
IOP,0.00057875,"2018-01-07 01:20:00"
IOP,0.00057869,"2018-01-07 01:25:00"
IOP,0.00057869,"2018-01-07 01:30:00"
IOP,0.00057868,"2018-01-07 01:35:00"
IOP,0.00057919,"2018-01-07 01:40:00"
IOP,0.00058789,"2018-01-07 01:45:00"
IOP,0.00058787,"2018-01-07 01:50:00"
IOP,0.00058725,"2018-01-07 01:55:00"
IOP,0.00058847,"2018-01-07 02:00:00"
IOP,0.00059313,"2018-01-07 02:05:00"
IOP,0.00060555,"2018-01-07 02:10:00"
IOP,0.0006166,"2018-01-07 02:15:00"
IOP,0.00060792,"2018-01-07 02:20:00"
IOP,0.00060107,"2018-01-07 02:25:00"
IOP,0.00059553,"2018-01-07 02:30:00"
IOP,0.00060092,"2018-01-07 02:35:00"
IOP,0.00060131,"2018-01-07 02:40:00"
IOP,0.00060134,"2018-01-07 02:45:00"
IOP,0.00059999,"2018-01-07 02:50:00"
IOP,0.00060439,"2018-01-07 02:55:00"
IOP,0.00059999,"2018-01-07 03:00:00"
IOP,0.00059502,"2018-01-07 03:05:00"
IOP,0.00058003,"2018-01-07 03:10:00"
IOP,0.00059116,"2018-01-07 03:15:00"
IOP,0.00058,"2018-01-07 03:20:00"
IOP,0.0006,"2018-01-07 03:25:00"
IOP,0.00060291,"2018-01-07 03:30:00"
IOP,0.00059629,"2018-01-07 03:35:00"
IOP,0.0006,"2018-01-07 03:40:00"
IOP,0.00059158,"2018-01-07 03:45:00"
IOP,0.00058861,"2018-01-07 03:50:00"
IOP,0.00059159,"2018-01-07 03:55:00"
IOP,0.00059159,"2018-01-07 04:00:00"
IOP,0.00059287,"2018-01-07 04:05:00"
IOP,0.00059759,"2018-01-07 04:10:00"
IOP,0.00058334,"2018-01-07 04:15:00"
IOP,0.00057901,"2018-01-07 04:20:00"
IOP,0.000582,"2018-01-07 04:25:00"
IOP,0.00058474,"2018-01-07 04:30:00"
IOP,0.00059353,"2018-01-07 04:35:00"
IOP,0.00058571,"2018-01-07 04:40:00"
IOP,0.00058571,"2018-01-07 04:45:00"
IOP,0.00059178,"2018-01-07 04:50:00"
IOP,0.00059346,"2018-01-07 04:55:00"
IOP,0.00059342,"2018-01-07 05:00:00"
IOP,0.00059339,"2018-01-07 05:05:00"
IOP,0.00059347,"2018-01-07 05:10:00"
IOP,0.00059516,"2018-01-07 05:15:00"
IOP,0.00059461,"2018-01-07 05:20:00"
IOP,0.00059602,"2018-01-07 05:25:00"
IOP,0.00060641,"2018-01-07 05:30:00"
IOP,0.0006064,"2018-01-07 05:35:00"
IOP,0.0006064,"2018-01-07 05:40:00"
IOP,0.00061,"2018-01-07 05:45:00"
IOP,0.00061039,"2018-01-07 05:50:00"
IOP,0.00061637,"2018-01-07 05:55:00"
IOP,0.00062141,"2018-01-07 06:00:00"
IOP,0.00062899,"2018-01-07 06:05:00"
IOP,0.000627,"2018-01-07 06:10:00"
IOP,0.00061291,"2018-01-07 06:15:00"
IOP,0.0006227,"2018-01-07 06:20:00"
IOP,0.00062196,"2018-01-07 06:25:00"
IOP,0.00061294,"2018-01-07 06:30:00"
IOP,0.00062696,"2018-01-07 06:35:00"
IOP,0.00062694,"2018-01-07 06:40:00"
IOP,0.00062696,"2018-01-07 06:45:00"
IOP,0.00063,"2018-01-07 06:50:00"
IOP,0.000644,"2018-01-07 06:55:00"
IOP,0.00064604,"2018-01-07 07:00:00"
IOP,0.000638,"2018-01-07 07:05:00"
IOP,0.00063604,"2018-01-07 07:10:00"
IOP,0.00063021,"2018-01-07 07:15:00"
IOP,0.00062694,"2018-01-07 07:20:00"
IOP,0.00061008,"2018-01-07 07:25:00"
IOP,0.00062253,"2018-01-07 07:30:00"
IOP,0.00062896,"2018-01-07 07:35:00"
IOP,0.00061889,"2018-01-07 07:40:00"
IOP,0.00063497,"2018-01-07 07:45:00"
IOP,0.0006205,"2018-01-07 07:50:00"
IOP,0.00062,"2018-01-07 07:55:00"
IOP,0.000628,"2018-01-07 08:00:00"
IOP,0.0006285,"2018-01-07 08:05:00"
IOP,0.00063003,"2018-01-07 08:10:00"
IOP,0.000634,"2018-01-07 08:15:00"
IOP,0.000633,"2018-01-07 08:20:00"
IOP,0.00063299,"2018-01-07 08:25:00"
IOP,0.00063301,"2018-01-07 08:30:00"
IOP,0.000633,"2018-01-07 08:35:00"
IOP,0.00063299,"2018-01-07 08:40:00"
IOP,0.00063606,"2018-01-07 08:45:00"
IOP,0.000638,"2018-01-07 08:50:00"
IOP,0.00064,"2018-01-07 08:55:00"
IOP,0.000642,"2018-01-07 09:00:00"
IOP,0.000637,"2018-01-07 09:05:00"
IOP,0.00063702,"2018-01-07 09:10:00"
IOP,0.00063118,"2018-01-07 09:15:00"
IOP,0.00063111,"2018-01-07 09:20:00"
IOP,0.000632,"2018-01-07 09:25:00"
IOP,0.00063661,"2018-01-07 09:30:00"
IOP,0.00063622,"2018-01-07 09:35:00"
IOP,0.00063,"2018-01-07 09:40:00"
IOP,0.00063183,"2018-01-07 09:45:00"
IOP,0.00057111,"2018-01-07 09:50:00"
IOP,0.0006016,"2018-01-07 09:55:00"
IOP,0.000602,"2018-01-07 10:00:00"
IOP,0.00060208,"2018-01-07 10:05:00"
IOP,0.00060103,"2018-01-07 10:10:00"
IOP,0.0006073,"2018-01-07 10:15:00"
IOP,0.0006072,"2018-01-07 10:20:00"
IOP,0.00061002,"2018-01-07 10:25:00"
IOP,0.00061246,"2018-01-07 10:30:00"
IOP,0.00062001,"2018-01-07 10:35:00"
IOP,0.0006129,"2018-01-07 10:40:00"
IOP,0.00061489,"2018-01-07 10:45:00"
IOP,0.00061226,"2018-01-07 10:50:00"
IOP,0.00061857,"2018-01-07 10:55:00"
IOP,0.00061888,"2018-01-07 11:00:00"
IOP,0.000615,"2018-01-07 11:05:00"
IOP,0.0006055,"2018-01-07 11:10:00"
IOP,0.00061391,"2018-01-07 11:15:00"
IOP,0.00062,"2018-01-07 11:20:00"
IOP,0.00061,"2018-01-07 11:25:00"
IOP,0.0006055,"2018-01-07 11:30:00"
IOP,0.00060997,"2018-01-07 11:35:00"
IOP,0.00060349,"2018-01-07 11:40:00"
IOP,0.00060989,"2018-01-07 11:45:00"
IOP,0.00060347,"2018-01-07 11:50:00"
IOP,0.00061998,"2018-01-07 11:55:00"
IOP,0.00062025,"2018-01-07 12:00:00"
IOP,0.000625,"2018-01-07 12:05:00"
IOP,0.00062025,"2018-01-07 12:10:00"
IOP,0.00062025,"2018-01-07 12:15:00"
IOP,0.000622,"2018-01-07 12:20:00"
IOP,0.00062135,"2018-01-07 12:25:00"
IOP,0.00062101,"2018-01-07 12:30:00"
IOP,0.00062025,"2018-01-07 12:35:00"
IOP,0.00061998,"2018-01-07 12:40:00"
IOP,0.00060936,"2018-01-07 12:45:00"
IOP,0.00060709,"2018-01-07 12:50:00"
IOP,0.00060699,"2018-01-07 12:55:00"
IOP,0.00060886,"2018-01-07 13:00:00"
IOP,0.0006198,"2018-01-07 13:05:00"
IOP,0.00061932,"2018-01-07 13:10:00"
IOP,0.00061253,"2018-01-07 13:15:00"
IOP,0.00061253,"2018-01-07 13:20:00"
IOP,0.00061971,"2018-01-07 13:25:00"
IOP,0.00061961,"2018-01-07 13:30:00"
IOP,0.00061166,"2018-01-07 13:35:00"
IOP,0.00061152,"2018-01-07 13:40:00"
IOP,0.00061166,"2018-01-07 13:45:00"
IOP,0.0006126,"2018-01-07 13:50:00"
IOP,0.00061166,"2018-01-07 13:55:00"
IOP,0.00061154,"2018-01-07 14:00:00"
IOP,0.00061154,"2018-01-07 14:05:00"
IOP,0.00061154,"2018-01-07 14:10:00"
IOP,0.00061498,"2018-01-07 14:15:00"
IOP,0.00061499,"2018-01-07 14:20:00"
IOP,0.00060889,"2018-01-07 14:25:00"
IOP,0.00060889,"2018-01-07 14:30:00"
IOP,0.00060888,"2018-01-07 14:35:00"
IOP,0.00061447,"2018-01-07 14:40:00"
IOP,0.00061449,"2018-01-07 14:45:00"
IOP,0.00061449,"2018-01-07 14:50:00"
IOP,0.00061448,"2018-01-07 14:55:00"
IOP,0.00060091,"2018-01-07 15:00:00"
IOP,0.00061013,"2018-01-07 15:05:00"
IOP,0.00060965,"2018-01-07 15:10:00"
IOP,0.00060057,"2018-01-07 15:15:00"
IOP,0.00060057,"2018-01-07 15:20:00"
IOP,0.00060059,"2018-01-07 15:25:00"
IOP,0.0006006,"2018-01-07 15:30:00"
IOP,0.00060461,"2018-01-07 15:35:00"
IOP,0.0006,"2018-01-07 15:40:00"
IOP,0.00061499,"2018-01-07 15:45:00"
IOP,0.00062961,"2018-01-07 15:50:00"
IOP,0.000615,"2018-01-07 15:55:00"
IOP,0.00062075,"2018-01-07 16:00:00"
IOP,0.000614,"2018-01-07 16:05:00"
IOP,0.00062057,"2018-01-07 16:10:00"
IOP,0.00061134,"2018-01-07 16:15:00"
IOP,0.00061248,"2018-01-07 16:20:00"
IOP,0.0006055,"2018-01-07 16:25:00"
IOP,0.0006055,"2018-01-07 16:30:00"
IOP,0.00060548,"2018-01-07 16:35:00"
IOP,0.0006,"2018-01-07 16:40:00"
IOP,0.00059655,"2018-01-07 16:45:00"
IOP,0.0006,"2018-01-07 16:50:00"
IOP,0.00061003,"2018-01-07 16:55:00"
IOP,0.00061058,"2018-01-07 17:00:00"
IOP,0.00061051,"2018-01-07 17:05:00"
IOP,0.00060071,"2018-01-07 17:10:00"
IOP,0.000602,"2018-01-07 17:15:00"
IOP,0.000602,"2018-01-07 17:20:00"
IOP,0.00060147,"2018-01-07 17:25:00"
IOP,0.00059984,"2018-01-07 17:30:00"
IOP,0.0006,"2018-01-07 17:35:00"
IOP,0.00059999,"2018-01-07 17:40:00"
IOP,0.00061051,"2018-01-07 17:45:00"
IOP,0.00059896,"2018-01-07 17:50:00"
IOP,0.00058433,"2018-01-07 17:55:00"
IOP,0.00059,"2018-01-07 18:00:00"
IOP,0.00059826,"2018-01-07 18:05:00"
IOP,0.00059867,"2018-01-07 18:10:00"
IOP,0.00059333,"2018-01-07 18:15:00"
IOP,0.00060312,"2018-01-07 18:20:00"
IOP,0.0005945,"2018-01-07 18:25:00"
IOP,0.00060164,"2018-01-07 18:30:00"
IOP,0.0006016,"2018-01-07 18:35:00"
IOP,0.00059333,"2018-01-07 18:40:00"
IOP,0.00059,"2018-01-07 18:45:00"
IOP,0.00058817,"2018-01-07 18:50:00"
IOP,0.00060759,"2018-01-07 18:55:00"
IOP,0.00059011,"2018-01-07 19:00:00"
IOP,0.00059601,"2018-01-07 19:05:00"
IOP,0.00059898,"2018-01-07 19:10:00"
IOP,0.00059999,"2018-01-07 19:15:00"
IOP,0.0006012,"2018-01-07 19:20:00"
IOP,0.000602,"2018-01-07 19:25:00"
IOP,0.00059206,"2018-01-07 19:30:00"
IOP,0.0005921,"2018-01-07 19:35:00"
IOP,0.00059301,"2018-01-07 19:40:00"
IOP,0.0006012,"2018-01-07 19:45:00"
IOP,0.00060679,"2018-01-07 19:50:00"
IOP,0.00059425,"2018-01-07 19:55:00"
IOP,0.00060435,"2018-01-07 20:00:00"
IOP,0.00060276,"2018-01-07 20:05:00"
IOP,0.000601,"2018-01-07 20:10:00"
IOP,0.00060971,"2018-01-07 20:15:00"
IOP,0.00061124,"2018-01-07 20:20:00"
IOP,0.00060614,"2018-01-07 20:25:00"
IOP,0.00062052,"2018-01-07 20:30:00"
IOP,0.00062701,"2018-01-07 20:35:00"
IOP,0.00061697,"2018-01-07 20:40:00"
IOP,0.00061465,"2018-01-07 20:45:00"
IOP,0.00061498,"2018-01-07 20:50:00"
IOP,0.000614,"2018-01-07 20:55:00"
IOP,0.00061913,"2018-01-07 21:00:00"
IOP,0.000612,"2018-01-07 21:05:00"
IOP,0.00062006,"2018-01-07 21:10:00"
IOP,0.00062115,"2018-01-07 21:15:00"
IOP,0.0006288,"2018-01-07 21:20:00"
IOP,0.000629,"2018-01-07 21:25:00"
IOP,0.0006395,"2018-01-07 21:30:00"
IOP,0.0006426,"2018-01-07 21:35:00"
IOP,0.00064202,"2018-01-07 21:40:00"
IOP,0.0006419,"2018-01-07 21:45:00"
IOP,0.000638,"2018-01-07 21:50:00"
IOP,0.00063176,"2018-01-07 21:55:00"
IOP,0.00063175,"2018-01-07 22:00:00"
IOP,0.000635,"2018-01-07 22:05:00"
IOP,0.00063504,"2018-01-07 22:10:00"
IOP,0.00064198,"2018-01-07 22:15:00"
IOP,0.0006426,"2018-01-07 22:20:00"
IOP,0.0006426,"2018-01-07 22:25:00"
IOP,0.000643,"2018-01-07 22:30:00"
IOP,0.00064259,"2018-01-07 22:35:00"
IOP,0.00062774,"2018-01-07 22:40:00"
IOP,0.00063212,"2018-01-07 22:45:00"
IOP,0.00063074,"2018-01-07 22:50:00"
IOP,0.00064422,"2018-01-07 22:55:00"
IOP,0.0006402,"2018-01-07 23:00:00"
IOP,0.00064001,"2018-01-07 23:05:00"
IOP,0.00064899,"2018-01-07 23:10:00"
IOP,0.0006183,"2018-01-07 23:15:00"
IOP,0.00062886,"2018-01-07 23:20:00"
IOP,0.000639,"2018-01-07 23:25:00"
IOP,0.0006393,"2018-01-07 23:30:00"
IOP,0.000639,"2018-01-07 23:35:00"
IOP,0.000639,"2018-01-07 23:40:00"
IOP,0.000639,"2018-01-07 23:45:00"
IOP,0.00064848,"2018-01-07 23:50:00"
IOP,0.00064898,"2018-01-07 23:55:00"
IOP,0.000649,"2018-01-08 00:00:00"
IOP,0.000649,"2018-01-08 00:05:00"
IOP,0.00063107,"2018-01-08 00:10:00"
IOP,0.00063,"2018-01-08 00:15:00"
IOP,0.00063,"2018-01-08 00:20:00"
IOP,0.00063099,"2018-01-08 00:25:00"
IOP,0.00063203,"2018-01-08 00:30:00"
IOP,0.00063401,"2018-01-08 00:35:00"
IOP,0.00064,"2018-01-08 00:40:00"
IOP,0.00064,"2018-01-08 00:45:00"
IOP,0.000649,"2018-01-08 00:50:00"
IOP,0.000649,"2018-01-08 00:55:00"
IOP,0.00065,"2018-01-08 01:00:00"
IOP,0.00064005,"2018-01-08 01:05:00"
IOP,0.00064926,"2018-01-08 01:10:00"
IOP,0.000645,"2018-01-08 01:15:00"
IOP,0.0006365,"2018-01-08 01:20:00"
IOP,0.000637,"2018-01-08 01:25:00"
IOP,0.00064428,"2018-01-08 01:30:00"
IOP,0.00064242,"2018-01-08 01:35:00"
IOP,0.000638,"2018-01-08 01:40:00"
IOP,0.000637,"2018-01-08 01:45:00"
IOP,0.0006375,"2018-01-08 01:50:00"
IOP,0.000638,"2018-01-08 01:55:00"
IOP,0.00063802,"2018-01-08 02:00:00"
IOP,0.000638,"2018-01-08 02:05:00"
IOP,0.000638,"2018-01-08 02:10:00"
IOP,0.0006375,"2018-01-08 02:15:00"
IOP,0.0006375,"2018-01-08 02:20:00"
IOP,0.00064,"2018-01-08 02:25:00"
IOP,0.00064,"2018-01-08 02:30:00"
IOP,0.00064,"2018-01-08 02:35:00"
IOP,0.000641,"2018-01-08 02:40:00"
IOP,0.0006415,"2018-01-08 02:45:00"
IOP,0.00064247,"2018-01-08 02:50:00"
IOP,0.00063701,"2018-01-08 02:55:00"
IOP,0.00064,"2018-01-08 03:00:00"
IOP,0.00064223,"2018-01-08 03:05:00"
IOP,0.00064233,"2018-01-08 03:10:00"
IOP,0.00064232,"2018-01-08 03:15:00"
IOP,0.00064246,"2018-01-08 03:20:00"
IOP,0.00063702,"2018-01-08 03:25:00"
IOP,0.00065101,"2018-01-08 03:30:00"
IOP,0.00066628,"2018-01-08 03:35:00"
IOP,0.00067346,"2018-01-08 03:40:00"
IOP,0.00067545,"2018-01-08 03:45:00"
IOP,0.00068489,"2018-01-08 03:50:00"
IOP,0.00067641,"2018-01-08 03:55:00"
IOP,0.00066207,"2018-01-08 04:00:00"
IOP,0.00068981,"2018-01-08 04:05:00"
IOP,0.00067391,"2018-01-08 04:10:00"
IOP,0.0006752,"2018-01-08 04:15:00"
IOP,0.00068373,"2018-01-08 04:20:00"
IOP,0.00068992,"2018-01-08 04:25:00"
IOP,0.00067831,"2018-01-08 04:30:00"
IOP,0.00067966,"2018-01-08 04:35:00"
IOP,0.00067966,"2018-01-08 04:40:00"
IOP,0.00067105,"2018-01-08 04:45:00"
IOP,0.00066917,"2018-01-08 04:50:00"
IOP,0.000669,"2018-01-08 04:55:00"
IOP,0.000675,"2018-01-08 05:00:00"
IOP,0.00068097,"2018-01-08 05:05:00"
IOP,0.00068097,"2018-01-08 05:10:00"
IOP,0.00069252,"2018-01-08 05:15:00"
IOP,0.0007036,"2018-01-08 05:20:00"
IOP,0.00070997,"2018-01-08 05:25:00"
IOP,0.0007,"2018-01-08 05:30:00"
IOP,0.00067604,"2018-01-08 05:35:00"
IOP,0.00068332,"2018-01-08 05:40:00"
IOP,0.0006776,"2018-01-08 05:45:00"
IOP,0.00067103,"2018-01-08 05:50:00"
IOP,0.00067103,"2018-01-08 05:55:00"
IOP,0.00067778,"2018-01-08 06:00:00"
IOP,0.00069521,"2018-01-08 06:05:00"
IOP,0.00068205,"2018-01-08 06:10:00"
IOP,0.00068899,"2018-01-08 06:15:00"
IOP,0.00067899,"2018-01-08 06:20:00"
IOP,0.00068837,"2018-01-08 06:25:00"
IOP,0.00068059,"2018-01-08 06:30:00"
IOP,0.00067778,"2018-01-08 06:35:00"
IOP,0.0006711,"2018-01-08 06:40:00"
IOP,0.0006711,"2018-01-08 06:45:00"
IOP,0.00067,"2018-01-08 06:50:00"
IOP,0.00066917,"2018-01-08 06:55:00"
IOP,0.00066917,"2018-01-08 07:00:00"
IOP,0.00066059,"2018-01-08 07:05:00"
IOP,0.0006606,"2018-01-08 07:10:00"
IOP,0.00066915,"2018-01-08 07:15:00"
IOP,0.00066915,"2018-01-08 07:20:00"
IOP,0.00068397,"2018-01-08 07:25:00"
IOP,0.00067505,"2018-01-08 07:30:00"
IOP,0.00067999,"2018-01-08 07:35:00"
IOP,0.00067996,"2018-01-08 07:40:00"
IOP,0.00067799,"2018-01-08 07:45:00"
IOP,0.00067602,"2018-01-08 07:50:00"
IOP,0.000675,"2018-01-08 07:55:00"
IOP,0.00067597,"2018-01-08 08:00:00"
IOP,0.00067597,"2018-01-08 08:05:00"
IOP,0.00067601,"2018-01-08 08:10:00"
IOP,0.00067698,"2018-01-08 08:15:00"
IOP,0.00067598,"2018-01-08 08:20:00"
IOP,0.00067499,"2018-01-08 08:25:00"
IOP,0.00066866,"2018-01-08 08:30:00"
IOP,0.00067698,"2018-01-08 08:35:00"
IOP,0.00067646,"2018-01-08 08:40:00"
IOP,0.00067988,"2018-01-08 08:45:00"
IOP,0.00066666,"2018-01-08 08:50:00"
IOP,0.00066061,"2018-01-08 08:55:00"
IOP,0.00064666,"2018-01-08 09:00:00"
IOP,0.00064692,"2018-01-08 09:05:00"
IOP,0.000652,"2018-01-08 09:10:00"
IOP,0.00065149,"2018-01-08 09:15:00"
IOP,0.00065916,"2018-01-08 09:20:00"
IOP,0.00065922,"2018-01-08 09:25:00"
IOP,0.00066,"2018-01-08 09:30:00"
IOP,0.00066,"2018-01-08 09:35:00"
IOP,0.0006628,"2018-01-08 09:40:00"
IOP,0.00066067,"2018-01-08 09:45:00"
IOP,0.00066068,"2018-01-08 09:50:00"
IOP,0.00066069,"2018-01-08 09:55:00"
IOP,0.0006625,"2018-01-08 10:00:00"
IOP,0.0006628,"2018-01-08 10:05:00"
IOP,0.00066069,"2018-01-08 10:10:00"
IOP,0.000667,"2018-01-08 10:15:00"
IOP,0.00066281,"2018-01-08 10:20:00"
IOP,0.000655,"2018-01-08 10:25:00"
IOP,0.00065899,"2018-01-08 10:30:00"
IOP,0.000652,"2018-01-08 10:35:00"
IOP,0.00065149,"2018-01-08 10:40:00"
IOP,0.00065174,"2018-01-08 10:45:00"
IOP,0.00065,"2018-01-08 10:50:00"
IOP,0.00064992,"2018-01-08 10:55:00"
IOP,0.00064582,"2018-01-08 11:00:00"
IOP,0.00063699,"2018-01-08 11:05:00"
IOP,0.00063701,"2018-01-08 11:10:00"
IOP,0.00063457,"2018-01-08 11:15:00"
IOP,0.00063437,"2018-01-08 11:20:00"
IOP,0.0006359,"2018-01-08 11:25:00"
IOP,0.00064173,"2018-01-08 11:30:00"
IOP,0.00064082,"2018-01-08 11:35:00"
IOP,0.000635,"2018-01-08 11:40:00"
IOP,0.00063134,"2018-01-08 11:45:00"
IOP,0.00063983,"2018-01-08 11:50:00"
IOP,0.00063401,"2018-01-08 11:55:00"
IOP,0.00063782,"2018-01-08 12:00:00"
IOP,0.00063782,"2018-01-08 12:05:00"
IOP,0.00062701,"2018-01-08 12:10:00"
IOP,0.00063782,"2018-01-08 12:15:00"
IOP,0.00063781,"2018-01-08 12:20:00"
IOP,0.00063864,"2018-01-08 12:25:00"
IOP,0.00063926,"2018-01-08 12:30:00"
IOP,0.00063743,"2018-01-08 12:35:00"
IOP,0.00063598,"2018-01-08 12:40:00"
IOP,0.00063659,"2018-01-08 12:45:00"
IOP,0.00063557,"2018-01-08 12:50:00"
IOP,0.00063,"2018-01-08 12:55:00"
IOP,0.0006284,"2018-01-08 13:00:00"
IOP,0.00063,"2018-01-08 13:05:00"
IOP,0.000629,"2018-01-08 13:10:00"
IOP,0.00063,"2018-01-08 13:15:00"
IOP,0.00062896,"2018-01-08 13:20:00"
IOP,0.000624,"2018-01-08 13:25:00"
IOP,0.000624,"2018-01-08 13:30:00"
IOP,0.0006215,"2018-01-08 13:35:00"
IOP,0.00061945,"2018-01-08 13:40:00"
IOP,0.00062,"2018-01-08 13:45:00"
IOP,0.0006269,"2018-01-08 13:50:00"
IOP,0.00063,"2018-01-08 13:55:00"
IOP,0.00064008,"2018-01-08 14:00:00"
IOP,0.0006305,"2018-01-08 14:05:00"
IOP,0.00063105,"2018-01-08 14:10:00"
IOP,0.00063998,"2018-01-08 14:15:00"
IOP,0.00063218,"2018-01-08 14:20:00"
IOP,0.00063213,"2018-01-08 14:25:00"
IOP,0.00063051,"2018-01-08 14:30:00"
IOP,0.0006305,"2018-01-08 14:35:00"
IOP,0.00062003,"2018-01-08 14:40:00"
IOP,0.0006175,"2018-01-08 14:45:00"
IOP,0.00062108,"2018-01-08 14:50:00"
IOP,0.0006178,"2018-01-08 14:55:00"
IOP,0.00061282,"2018-01-08 15:00:00"
IOP,0.00061734,"2018-01-08 15:05:00"
IOP,0.00061425,"2018-01-08 15:10:00"
IOP,0.0006076,"2018-01-08 15:15:00"
IOP,0.0006076,"2018-01-08 15:20:00"
IOP,0.0006136,"2018-01-08 15:25:00"
IOP,0.00061235,"2018-01-08 15:30:00"
IOP,0.00060463,"2018-01-08 15:35:00"
IOP,0.0006136,"2018-01-08 15:40:00"
IOP,0.00060512,"2018-01-08 15:45:00"
IOP,0.00060512,"2018-01-08 15:50:00"
IOP,0.00060512,"2018-01-08 15:55:00"
IOP,0.00060286,"2018-01-08 16:00:00"
IOP,0.00058959,"2018-01-08 16:05:00"
IOP,0.00057,"2018-01-08 16:10:00"
IOP,0.000565,"2018-01-08 16:15:00"
IOP,0.00058558,"2018-01-08 16:20:00"
IOP,0.000588,"2018-01-08 16:25:00"
IOP,0.00059,"2018-01-08 16:30:00"
IOP,0.00059826,"2018-01-08 16:35:00"
IOP,0.000606,"2018-01-08 16:40:00"
IOP,0.000606,"2018-01-08 16:45:00"
IOP,0.00060716,"2018-01-08 16:50:00"
IOP,0.00060519,"2018-01-08 16:55:00"
IOP,0.00059754,"2018-01-08 17:00:00"
IOP,0.00060002,"2018-01-08 17:05:00"
IOP,0.00060876,"2018-01-08 17:10:00"
IOP,0.00060875,"2018-01-08 17:15:00"
IOP,0.00063,"2018-01-08 17:20:00"
IOP,0.00063936,"2018-01-08 17:25:00"
IOP,0.00062492,"2018-01-08 17:30:00"
IOP,0.00063,"2018-01-08 17:35:00"
IOP,0.00063315,"2018-01-08 17:40:00"
IOP,0.0006306,"2018-01-08 17:45:00"
IOP,0.0006306,"2018-01-08 17:50:00"
IOP,0.0006301,"2018-01-08 17:55:00"
IOP,0.0006306,"2018-01-08 18:00:00"
IOP,0.000635,"2018-01-08 18:05:00"
IOP,0.0006315,"2018-01-08 18:10:00"
IOP,0.00063758,"2018-01-08 18:15:00"
IOP,0.00063151,"2018-01-08 18:20:00"
IOP,0.00063151,"2018-01-08 18:25:00"
IOP,0.0006315,"2018-01-08 18:30:00"
IOP,0.0006315,"2018-01-08 18:35:00"
IOP,0.00063151,"2018-01-08 18:40:00"
IOP,0.00063855,"2018-01-08 18:45:00"
IOP,0.00062,"2018-01-08 18:50:00"
IOP,0.0006288,"2018-01-08 18:55:00"
IOP,0.00061567,"2018-01-08 19:00:00"
IOP,0.00062175,"2018-01-08 19:05:00"
IOP,0.00062578,"2018-01-08 19:10:00"
IOP,0.0006184,"2018-01-08 19:15:00"
IOP,0.00062219,"2018-01-08 19:20:00"
IOP,0.00062589,"2018-01-08 19:25:00"
IOP,0.000621,"2018-01-08 19:30:00"
IOP,0.0006157,"2018-01-08 19:35:00"
IOP,0.00062154,"2018-01-08 19:40:00"
IOP,0.00062,"2018-01-08 19:45:00"
IOP,0.00062132,"2018-01-08 19:50:00"
IOP,0.00062,"2018-01-08 19:55:00"
IOP,0.00062162,"2018-01-08 20:00:00"
IOP,0.00062628,"2018-01-08 20:05:00"
IOP,0.00061642,"2018-01-08 20:10:00"
IOP,0.00061703,"2018-01-08 20:15:00"
IOP,0.00061559,"2018-01-08 20:20:00"
IOP,0.00061612,"2018-01-08 20:25:00"
IOP,0.00060984,"2018-01-08 20:30:00"
IOP,0.00061838,"2018-01-08 20:35:00"
IOP,0.000614,"2018-01-08 20:40:00"
IOP,0.00061834,"2018-01-08 20:45:00"
IOP,0.00061525,"2018-01-08 20:50:00"
IOP,0.00061575,"2018-01-08 20:55:00"
IOP,0.00061637,"2018-01-08 21:00:00"
IOP,0.00062395,"2018-01-08 21:05:00"
IOP,0.00061575,"2018-01-08 21:10:00"
IOP,0.0006221,"2018-01-08 21:15:00"
IOP,0.00061002,"2018-01-08 21:20:00"
IOP,0.00061056,"2018-01-08 21:25:00"
IOP,0.00061059,"2018-01-08 21:30:00"
IOP,0.00061059,"2018-01-08 21:35:00"
IOP,0.00060819,"2018-01-08 21:40:00"
IOP,0.00060787,"2018-01-08 21:45:00"
IOP,0.00061059,"2018-01-08 21:50:00"
IOP,0.00061903,"2018-01-08 21:55:00"
IOP,0.000615,"2018-01-08 22:00:00"
IOP,0.00062148,"2018-01-08 22:05:00"
IOP,0.00062472,"2018-01-08 22:10:00"
IOP,0.0006205,"2018-01-08 22:15:00"
IOP,0.0006205,"2018-01-08 22:20:00"
IOP,0.0006205,"2018-01-08 22:25:00"
IOP,0.00062797,"2018-01-08 22:30:00"
IOP,0.000628,"2018-01-08 22:35:00"
IOP,0.00062713,"2018-01-08 22:40:00"
IOP,0.00062109,"2018-01-08 22:45:00"
IOP,0.00062713,"2018-01-08 22:50:00"
IOP,0.00062,"2018-01-08 22:55:00"
IOP,0.0006268,"2018-01-08 23:00:00"
IOP,0.00062201,"2018-01-08 23:05:00"
IOP,0.0006221,"2018-01-08 23:10:00"
IOP,0.000626,"2018-01-08 23:15:00"
IOP,0.00062712,"2018-01-08 23:20:00"
IOP,0.0006274,"2018-01-08 23:25:00"
IOP,0.00062215,"2018-01-08 23:30:00"
IOP,0.00062741,"2018-01-08 23:35:00"
IOP,0.00062741,"2018-01-08 23:40:00"
IOP,0.00062797,"2018-01-08 23:45:00"
IOP,0.000623,"2018-01-08 23:50:00"
IOP,0.00063,"2018-01-08 23:55:00"
IOP,0.00063,"2018-01-09 00:00:00"
IOP,0.00062797,"2018-01-09 00:05:00"
IOP,0.00062955,"2018-01-09 00:10:00"
IOP,0.00062879,"2018-01-09 00:15:00"
IOP,0.00062985,"2018-01-09 00:20:00"
IOP,0.000631,"2018-01-09 00:25:00"
IOP,0.00063706,"2018-01-09 00:30:00"
IOP,0.00063201,"2018-01-09 00:35:00"
IOP,0.000634,"2018-01-09 00:40:00"
IOP,0.0006325,"2018-01-09 00:45:00"
IOP,0.0006325,"2018-01-09 00:50:00"
IOP,0.0006325,"2018-01-09 00:55:00"
IOP,0.00063744,"2018-01-09 01:00:00"
IOP,0.00063744,"2018-01-09 01:05:00"
IOP,0.00063109,"2018-01-09 01:10:00"
IOP,0.000631,"2018-01-09 01:15:00"
IOP,0.00063094,"2018-01-09 01:20:00"
IOP,0.00063094,"2018-01-09 01:25:00"
IOP,0.00063094,"2018-01-09 01:30:00"
IOP,0.00063904,"2018-01-09 01:35:00"
IOP,0.00063906,"2018-01-09 01:40:00"
IOP,0.00063019,"2018-01-09 01:45:00"
IOP,0.00063006,"2018-01-09 01:50:00"
IOP,0.00063018,"2018-01-09 01:55:00"
IOP,0.00062793,"2018-01-09 02:00:00"
IOP,0.0006302,"2018-01-09 02:05:00"
IOP,0.00063782,"2018-01-09 02:10:00"
IOP,0.00063764,"2018-01-09 02:15:00"
IOP,0.000631,"2018-01-09 02:20:00"
IOP,0.000635,"2018-01-09 02:25:00"
IOP,0.000631,"2018-01-09 02:30:00"
IOP,0.00062702,"2018-01-09 02:35:00"
IOP,0.00062501,"2018-01-09 02:40:00"
IOP,0.00063,"2018-01-09 02:45:00"
IOP,0.000625,"2018-01-09 02:50:00"
IOP,0.00062262,"2018-01-09 02:55:00"
IOP,0.00062259,"2018-01-09 03:00:00"
IOP,0.00062253,"2018-01-09 03:05:00"
IOP,0.00061553,"2018-01-09 03:10:00"
IOP,0.00062255,"2018-01-09 03:15:00"
IOP,0.00062255,"2018-01-09 03:20:00"
IOP,0.00061551,"2018-01-09 03:25:00"
IOP,0.00062258,"2018-01-09 03:30:00"
IOP,0.0006226,"2018-01-09 03:35:00"
IOP,0.00062255,"2018-01-09 03:40:00"
IOP,0.00062254,"2018-01-09 03:45:00"
IOP,0.00061554,"2018-01-09 03:50:00"
IOP,0.00062242,"2018-01-09 03:55:00"
IOP,0.00062242,"2018-01-09 04:00:00"
IOP,0.00061556,"2018-01-09 04:05:00"
IOP,0.00062228,"2018-01-09 04:10:00"
IOP,0.0006156,"2018-01-09 04:15:00"
IOP,0.00062214,"2018-01-09 04:20:00"
IOP,0.00062188,"2018-01-09 04:25:00"
IOP,0.00061593,"2018-01-09 04:30:00"
IOP,0.00061594,"2018-01-09 04:35:00"
IOP,0.0006221,"2018-01-09 04:40:00"
IOP,0.00061698,"2018-01-09 04:45:00"
IOP,0.00061698,"2018-01-09 04:50:00"
IOP,0.00061505,"2018-01-09 04:55:00"
IOP,0.00062197,"2018-01-09 05:00:00"
IOP,0.00062,"2018-01-09 05:05:00"
IOP,0.00062196,"2018-01-09 05:10:00"
IOP,0.00061405,"2018-01-09 05:15:00"
IOP,0.00062193,"2018-01-09 05:20:00"
IOP,0.00061501,"2018-01-09 05:25:00"
IOP,0.0006147,"2018-01-09 05:30:00"
IOP,0.00062104,"2018-01-09 05:35:00"
IOP,0.00061487,"2018-01-09 05:40:00"
IOP,0.00061709,"2018-01-09 05:45:00"
IOP,0.00061488,"2018-01-09 05:50:00"
IOP,0.00061709,"2018-01-09 05:55:00"
IOP,0.00061709,"2018-01-09 06:00:00"
IOP,0.00061709,"2018-01-09 06:05:00"
IOP,0.00061709,"2018-01-09 06:10:00"
IOP,0.00061708,"2018-01-09 06:15:00"
IOP,0.0006161,"2018-01-09 06:20:00"
IOP,0.00061696,"2018-01-09 06:25:00"
IOP,0.0006221,"2018-01-09 06:30:00"
IOP,0.0006221,"2018-01-09 06:35:00"
IOP,0.00062747,"2018-01-09 06:40:00"
IOP,0.00062798,"2018-01-09 06:45:00"
IOP,0.00062819,"2018-01-09 06:50:00"
IOP,0.00062818,"2018-01-09 06:55:00"
IOP,0.00062818,"2018-01-09 07:00:00"
IOP,0.00062818,"2018-01-09 07:05:00"
IOP,0.00062805,"2018-01-09 07:10:00"
IOP,0.00062818,"2018-01-09 07:15:00"
IOP,0.00062817,"2018-01-09 07:20:00"
IOP,0.00062819,"2018-01-09 07:25:00"
IOP,0.0006315,"2018-01-09 07:30:00"
IOP,0.00062805,"2018-01-09 07:35:00"
IOP,0.0006282,"2018-01-09 07:40:00"
IOP,0.00063352,"2018-01-09 07:45:00"
IOP,0.00062805,"2018-01-09 07:50:00"
IOP,0.00063336,"2018-01-09 07:55:00"
IOP,0.00063336,"2018-01-09 08:00:00"
IOP,0.00063344,"2018-01-09 08:05:00"
IOP,0.00062881,"2018-01-09 08:10:00"
IOP,0.00062882,"2018-01-09 08:15:00"
IOP,0.00063343,"2018-01-09 08:20:00"
IOP,0.00063344,"2018-01-09 08:25:00"
IOP,0.00062881,"2018-01-09 08:30:00"
IOP,0.00063344,"2018-01-09 08:35:00"
IOP,0.00062881,"2018-01-09 08:40:00"
IOP,0.00062881,"2018-01-09 08:45:00"
IOP,0.00063365,"2018-01-09 08:50:00"
IOP,0.00062891,"2018-01-09 08:55:00"
IOP,0.00062806,"2018-01-09 09:00:00"
IOP,0.00062804,"2018-01-09 09:05:00"
IOP,0.00062804,"2018-01-09 09:10:00"
IOP,0.00063349,"2018-01-09 09:15:00"
IOP,0.00062802,"2018-01-09 09:20:00"
IOP,0.00063,"2018-01-09 09:25:00"
IOP,0.00062802,"2018-01-09 09:30:00"
IOP,0.00062803,"2018-01-09 09:35:00"
IOP,0.00062782,"2018-01-09 09:40:00"
IOP,0.00062606,"2018-01-09 09:45:00"
IOP,0.00062699,"2018-01-09 09:50:00"
IOP,0.000626,"2018-01-09 09:55:00"
IOP,0.0006265,"2018-01-09 10:00:00"
IOP,0.00061475,"2018-01-09 10:05:00"
IOP,0.00062,"2018-01-09 10:10:00"
IOP,0.00062044,"2018-01-09 10:15:00"
IOP,0.00062242,"2018-01-09 10:20:00"
IOP,0.00062134,"2018-01-09 10:25:00"
IOP,0.00062251,"2018-01-09 10:30:00"
IOP,0.00062241,"2018-01-09 10:35:00"
IOP,0.00062697,"2018-01-09 10:40:00"
IOP,0.0006281,"2018-01-09 10:45:00"
IOP,0.000625,"2018-01-09 10:50:00"
IOP,0.000625,"2018-01-09 10:55:00"
IOP,0.00062889,"2018-01-09 11:00:00"
IOP,0.000625,"2018-01-09 11:05:00"
IOP,0.000606,"2018-01-09 11:10:00"
IOP,0.000612,"2018-01-09 11:15:00"
IOP,0.00061004,"2018-01-09 11:20:00"
IOP,0.00060602,"2018-01-09 11:25:00"
IOP,0.000621,"2018-01-09 11:30:00"
IOP,0.000621,"2018-01-09 11:35:00"
IOP,0.00061998,"2018-01-09 11:40:00"
IOP,0.00061997,"2018-01-09 11:45:00"
IOP,0.000612,"2018-01-09 11:50:00"
IOP,0.00060439,"2018-01-09 11:55:00"
IOP,0.00061147,"2018-01-09 12:00:00"
IOP,0.00061199,"2018-01-09 12:05:00"
IOP,0.00061149,"2018-01-09 12:10:00"
IOP,0.00061199,"2018-01-09 12:15:00"
IOP,0.00061199,"2018-01-09 12:20:00"
IOP,0.00061544,"2018-01-09 12:25:00"
IOP,0.00061988,"2018-01-09 12:30:00"
IOP,0.00062499,"2018-01-09 12:35:00"
IOP,0.00061988,"2018-01-09 12:40:00"
IOP,0.00061988,"2018-01-09 12:45:00"
IOP,0.0006199,"2018-01-09 12:50:00"
IOP,0.0006128,"2018-01-09 12:55:00"
IOP,0.00061325,"2018-01-09 13:00:00"
IOP,0.0006134,"2018-01-09 13:05:00"
IOP,0.00061388,"2018-01-09 13:10:00"
IOP,0.00061771,"2018-01-09 13:15:00"
IOP,0.00061995,"2018-01-09 13:20:00"
IOP,0.000621,"2018-01-09 13:25:00"
IOP,0.00062497,"2018-01-09 13:30:00"
IOP,0.00063373,"2018-01-09 13:35:00"
IOP,0.00063871,"2018-01-09 13:40:00"
IOP,0.000633,"2018-01-09 13:45:00"
IOP,0.00063894,"2018-01-09 13:50:00"
IOP,0.00063312,"2018-01-09 13:55:00"
IOP,0.00063997,"2018-01-09 14:00:00"
IOP,0.000638,"2018-01-09 14:05:00"
IOP,0.00063314,"2018-01-09 14:10:00"
IOP,0.00063312,"2018-01-09 14:15:00"
IOP,0.00063312,"2018-01-09 14:20:00"
IOP,0.00063312,"2018-01-09 14:25:00"
IOP,0.00063172,"2018-01-09 14:30:00"
IOP,0.00062773,"2018-01-09 14:35:00"
IOP,0.00062709,"2018-01-09 14:40:00"
IOP,0.00061736,"2018-01-09 14:45:00"
IOP,0.00061736,"2018-01-09 14:50:00"
IOP,0.00062773,"2018-01-09 14:55:00"
IOP,0.00063864,"2018-01-09 15:00:00"
IOP,0.00062709,"2018-01-09 15:05:00"
IOP,0.00063254,"2018-01-09 15:10:00"
IOP,0.00063253,"2018-01-09 15:15:00"
IOP,0.000624,"2018-01-09 15:20:00"
IOP,0.00062388,"2018-01-09 15:25:00"
IOP,0.00062388,"2018-01-09 15:30:00"
IOP,0.00063226,"2018-01-09 15:35:00"
IOP,0.00061807,"2018-01-09 15:40:00"
IOP,0.000626,"2018-01-09 15:45:00"
IOP,0.00062414,"2018-01-09 15:50:00"
IOP,0.00062547,"2018-01-09 15:55:00"
IOP,0.00062555,"2018-01-09 16:00:00"
IOP,0.00062556,"2018-01-09 16:05:00"
IOP,0.000629,"2018-01-09 16:10:00"
IOP,0.00062883,"2018-01-09 16:15:00"
IOP,0.00063,"2018-01-09 16:20:00"
IOP,0.0006299,"2018-01-09 16:25:00"
IOP,0.00062582,"2018-01-09 16:30:00"
IOP,0.0006295,"2018-01-09 16:35:00"
IOP,0.00062585,"2018-01-09 16:40:00"
IOP,0.00062586,"2018-01-09 16:45:00"
IOP,0.00062415,"2018-01-09 16:50:00"
IOP,0.00062382,"2018-01-09 16:55:00"
IOP,0.0006166,"2018-01-09 17:00:00"
IOP,0.000615,"2018-01-09 17:05:00"
IOP,0.00062348,"2018-01-09 17:10:00"
IOP,0.00062,"2018-01-09 17:15:00"
IOP,0.0006233,"2018-01-09 17:20:00"
IOP,0.0006233,"2018-01-09 17:25:00"
IOP,0.00062308,"2018-01-09 17:30:00"
IOP,0.00062353,"2018-01-09 17:35:00"
IOP,0.00062008,"2018-01-09 17:40:00"
IOP,0.000624,"2018-01-09 17:45:00"
IOP,0.00061576,"2018-01-09 17:50:00"
IOP,0.000618,"2018-01-09 17:55:00"
IOP,0.0006185,"2018-01-09 18:00:00"
IOP,0.000618,"2018-01-09 18:05:00"
IOP,0.00062571,"2018-01-09 18:10:00"
IOP,0.00063768,"2018-01-09 18:15:00"
IOP,0.00065272,"2018-01-09 18:20:00"
IOP,0.00063301,"2018-01-09 18:25:00"
IOP,0.0006559,"2018-01-09 18:30:00"
IOP,0.00063755,"2018-01-09 18:35:00"
IOP,0.000638,"2018-01-09 18:40:00"
IOP,0.00065,"2018-01-09 18:45:00"
IOP,0.00065692,"2018-01-09 18:50:00"
IOP,0.00065001,"2018-01-09 18:55:00"
IOP,0.00064148,"2018-01-09 19:00:00"
IOP,0.000644,"2018-01-09 19:05:00"
IOP,0.000644,"2018-01-09 19:10:00"
IOP,0.00064101,"2018-01-09 19:15:00"
IOP,0.00064101,"2018-01-09 19:20:00"
IOP,0.000648,"2018-01-09 19:25:00"
IOP,0.00063756,"2018-01-09 19:30:00"
IOP,0.00062661,"2018-01-09 19:35:00"
IOP,0.000639,"2018-01-09 19:40:00"
IOP,0.00062767,"2018-01-09 19:45:00"
IOP,0.00063763,"2018-01-09 19:50:00"
IOP,0.00063297,"2018-01-09 19:55:00"
IOP,0.00063524,"2018-01-09 20:00:00"
IOP,0.00063763,"2018-01-09 20:05:00"
IOP,0.00064,"2018-01-09 20:10:00"
IOP,0.00064002,"2018-01-09 20:15:00"
IOP,0.00063763,"2018-01-09 20:20:00"
IOP,0.00063766,"2018-01-09 20:25:00"
IOP,0.0006377,"2018-01-09 20:30:00"
IOP,0.00064,"2018-01-09 20:35:00"
IOP,0.000626,"2018-01-09 20:40:00"
IOP,0.000625,"2018-01-09 20:45:00"
IOP,0.00063895,"2018-01-09 20:50:00"
IOP,0.000639,"2018-01-09 20:55:00"
IOP,0.00062992,"2018-01-09 21:00:00"
IOP,0.00063897,"2018-01-09 21:05:00"
IOP,0.00063899,"2018-01-09 21:10:00"
IOP,0.00062934,"2018-01-09 21:15:00"
IOP,0.00063749,"2018-01-09 21:20:00"
IOP,0.00063748,"2018-01-09 21:25:00"
IOP,0.00063898,"2018-01-09 21:30:00"
IOP,0.00063749,"2018-01-09 21:35:00"
IOP,0.00063019,"2018-01-09 21:40:00"
IOP,0.0006306,"2018-01-09 21:45:00"
IOP,0.00063061,"2018-01-09 21:50:00"
IOP,0.00063,"2018-01-09 21:55:00"
IOP,0.00062934,"2018-01-09 22:00:00"
IOP,0.000625,"2018-01-09 22:05:00"
IOP,0.00062125,"2018-01-09 22:10:00"
IOP,0.00062535,"2018-01-09 22:15:00"
IOP,0.00062003,"2018-01-09 22:20:00"
IOP,0.00062003,"2018-01-09 22:25:00"
IOP,0.00062534,"2018-01-09 22:30:00"
IOP,0.00062534,"2018-01-09 22:35:00"
IOP,0.00062007,"2018-01-09 22:40:00"
IOP,0.00062002,"2018-01-09 22:45:00"
IOP,0.00062808,"2018-01-09 22:50:00"
IOP,0.00062972,"2018-01-09 22:55:00"
IOP,0.00062009,"2018-01-09 23:00:00"
IOP,0.00062747,"2018-01-09 23:05:00"
IOP,0.00062747,"2018-01-09 23:10:00"
IOP,0.00062747,"2018-01-09 23:15:00"
IOP,0.00062573,"2018-01-09 23:20:00"
IOP,0.00062594,"2018-01-09 23:25:00"
IOP,0.00062573,"2018-01-09 23:30:00"
IOP,0.000623,"2018-01-09 23:35:00"
IOP,0.00062007,"2018-01-09 23:40:00"
IOP,0.00062591,"2018-01-09 23:45:00"
IOP,0.00062589,"2018-01-09 23:50:00"
IOP,0.00062588,"2018-01-09 23:55:00"
IOP,0.00062007,"2018-01-10 00:00:00"
IOP,0.00062007,"2018-01-10 00:05:00"
IOP,0.00062588,"2018-01-10 00:10:00"
IOP,0.00062577,"2018-01-10 00:15:00"
IOP,0.00062006,"2018-01-10 00:20:00"
IOP,0.00062577,"2018-01-10 00:25:00"
IOP,0.00061557,"2018-01-10 00:30:00"
IOP,0.000616,"2018-01-10 00:35:00"
IOP,0.00062201,"2018-01-10 00:40:00"
IOP,0.00062591,"2018-01-10 00:45:00"
IOP,0.00062594,"2018-01-10 00:50:00"
IOP,0.00062589,"2018-01-10 00:55:00"
IOP,0.00062545,"2018-01-10 01:00:00"
IOP,0.00062545,"2018-01-10 01:05:00"
IOP,0.00062544,"2018-01-10 01:10:00"
IOP,0.00062971,"2018-01-10 01:15:00"
IOP,0.00062975,"2018-01-10 01:20:00"
IOP,0.00062974,"2018-01-10 01:25:00"
IOP,0.0006298,"2018-01-10 01:30:00"
IOP,0.0006298,"2018-01-10 01:35:00"
IOP,0.000631,"2018-01-10 01:40:00"
IOP,0.000631,"2018-01-10 01:45:00"
IOP,0.000631,"2018-01-10 01:50:00"
IOP,0.00063,"2018-01-10 01:55:00"
IOP,0.00063248,"2018-01-10 02:00:00"
IOP,0.00063248,"2018-01-10 02:05:00"
IOP,0.00063246,"2018-01-10 02:10:00"
IOP,0.000631,"2018-01-10 02:15:00"
IOP,0.00063246,"2018-01-10 02:20:00"
IOP,0.00063246,"2018-01-10 02:25:00"
IOP,0.00063513,"2018-01-10 02:30:00"
IOP,0.00063513,"2018-01-10 02:35:00"
IOP,0.00063249,"2018-01-10 02:40:00"
IOP,0.00062502,"2018-01-10 02:45:00"
IOP,0.000625,"2018-01-10 02:50:00"
IOP,0.00062176,"2018-01-10 02:55:00"
IOP,0.00062176,"2018-01-10 03:00:00"
IOP,0.00062151,"2018-01-10 03:05:00"
IOP,0.0006181,"2018-01-10 03:10:00"
IOP,0.0006181,"2018-01-10 03:15:00"
IOP,0.00061717,"2018-01-10 03:20:00"
IOP,0.00062151,"2018-01-10 03:25:00"
IOP,0.00062159,"2018-01-10 03:30:00"
IOP,0.00062401,"2018-01-10 03:35:00"
IOP,0.00063509,"2018-01-10 03:40:00"
IOP,0.00063439,"2018-01-10 03:45:00"
IOP,0.00063439,"2018-01-10 03:50:00"
IOP,0.0006344,"2018-01-10 03:55:00"
IOP,0.00063439,"2018-01-10 04:00:00"
IOP,0.0006344,"2018-01-10 04:05:00"
IOP,0.00063439,"2018-01-10 04:10:00"
IOP,0.00063439,"2018-01-10 04:15:00"
IOP,0.00063439,"2018-01-10 04:20:00"
IOP,0.0006325,"2018-01-10 04:25:00"
IOP,0.00063864,"2018-01-10 04:30:00"
IOP,0.00063302,"2018-01-10 04:35:00"
IOP,0.00063355,"2018-01-10 04:40:00"
IOP,0.00063355,"2018-01-10 04:45:00"
IOP,0.00063355,"2018-01-10 04:50:00"
IOP,0.00063353,"2018-01-10 04:55:00"
IOP,0.00063353,"2018-01-10 05:00:00"
IOP,0.00063353,"2018-01-10 05:05:00"
IOP,0.00063355,"2018-01-10 05:10:00"
IOP,0.00063306,"2018-01-10 05:15:00"
IOP,0.00063251,"2018-01-10 05:20:00"
IOP,0.00063251,"2018-01-10 05:25:00"
IOP,0.00063306,"2018-01-10 05:30:00"
IOP,0.00063306,"2018-01-10 05:35:00"
IOP,0.00063254,"2018-01-10 05:40:00"
IOP,0.00063254,"2018-01-10 05:45:00"
IOP,0.00063256,"2018-01-10 05:50:00"
IOP,0.00063256,"2018-01-10 05:55:00"
IOP,0.0006325,"2018-01-10 06:00:00"
IOP,0.00063201,"2018-01-10 06:05:00"
IOP,0.00063988,"2018-01-10 06:10:00"
IOP,0.0006399,"2018-01-10 06:15:00"
IOP,0.000644,"2018-01-10 06:20:00"
IOP,0.00063201,"2018-01-10 06:25:00"
IOP,0.00063205,"2018-01-10 06:30:00"
IOP,0.00063251,"2018-01-10 06:35:00"
IOP,0.00062905,"2018-01-10 06:40:00"
IOP,0.00062605,"2018-01-10 06:45:00"
IOP,0.000625,"2018-01-10 06:50:00"
IOP,0.00061509,"2018-01-10 06:55:00"
IOP,0.00062637,"2018-01-10 07:00:00"
IOP,0.0006264,"2018-01-10 07:05:00"
IOP,0.00061446,"2018-01-10 07:10:00"
IOP,0.00062,"2018-01-10 07:15:00"
IOP,0.000625,"2018-01-10 07:20:00"
IOP,0.00062,"2018-01-10 07:25:00"
IOP,0.00061397,"2018-01-10 07:30:00"
IOP,0.00061397,"2018-01-10 07:35:00"
IOP,0.00062483,"2018-01-10 07:40:00"
IOP,0.00061399,"2018-01-10 07:45:00"
IOP,0.00061397,"2018-01-10 07:50:00"
IOP,0.00061,"2018-01-10 07:55:00"
IOP,0.00061,"2018-01-10 08:00:00"
IOP,0.00061,"2018-01-10 08:05:00"
IOP,0.00061,"2018-01-10 08:10:00"
IOP,0.00060991,"2018-01-10 08:15:00"
IOP,0.00060938,"2018-01-10 08:20:00"
IOP,0.0006,"2018-01-10 08:25:00"
IOP,0.00059012,"2018-01-10 08:30:00"
IOP,0.000589,"2018-01-10 08:35:00"
IOP,0.00059869,"2018-01-10 08:40:00"
IOP,0.00060582,"2018-01-10 08:45:00"
IOP,0.00060264,"2018-01-10 08:50:00"
IOP,0.00060276,"2018-01-10 08:55:00"
IOP,0.00060049,"2018-01-10 09:00:00"
IOP,0.00059196,"2018-01-10 09:05:00"
IOP,0.00059,"2018-01-10 09:10:00"
IOP,0.0006,"2018-01-10 09:15:00"
IOP,0.0006048,"2018-01-10 09:20:00"
IOP,0.0006,"2018-01-10 09:25:00"
IOP,0.0005901,"2018-01-10 09:30:00"
IOP,0.00058802,"2018-01-10 09:35:00"
IOP,0.0005895,"2018-01-10 09:40:00"
IOP,0.00059,"2018-01-10 09:45:00"
IOP,0.00058959,"2018-01-10 09:50:00"
IOP,0.00058975,"2018-01-10 09:55:00"
IOP,0.00058602,"2018-01-10 10:00:00"
IOP,0.0005854,"2018-01-10 10:05:00"
IOP,0.00058532,"2018-01-10 10:10:00"
IOP,0.00059,"2018-01-10 10:15:00"
IOP,0.00059501,"2018-01-10 10:20:00"
IOP,0.00060103,"2018-01-10 10:25:00"
IOP,0.00060014,"2018-01-10 10:30:00"
IOP,0.00058882,"2018-01-10 10:35:00"
IOP,0.000595,"2018-01-10 10:40:00"
IOP,0.0006,"2018-01-10 10:45:00"
IOP,0.00059614,"2018-01-10 10:50:00"
IOP,0.00060376,"2018-01-10 10:55:00"
IOP,0.00059621,"2018-01-10 11:00:00"
IOP,0.00059622,"2018-01-10 11:05:00"
IOP,0.00059622,"2018-01-10 11:10:00"
IOP,0.000595,"2018-01-10 11:15:00"
IOP,0.000595,"2018-01-10 11:20:00"
IOP,0.0005961,"2018-01-10 11:25:00"
IOP,0.00059614,"2018-01-10 11:30:00"
IOP,0.00059614,"2018-01-10 11:35:00"
IOP,0.00059612,"2018-01-10 11:40:00"
IOP,0.00060308,"2018-01-10 11:45:00"
IOP,0.00060289,"2018-01-10 11:50:00"
IOP,0.00060297,"2018-01-10 11:55:00"
IOP,0.0005971,"2018-01-10 12:00:00"
IOP,0.0005971,"2018-01-10 12:05:00"
IOP,0.00059761,"2018-01-10 12:10:00"
IOP,0.0006006,"2018-01-10 12:15:00"
IOP,0.0006006,"2018-01-10 12:20:00"
IOP,0.00060683,"2018-01-10 12:25:00"
IOP,0.00058027,"2018-01-10 12:30:00"
IOP,0.0006036,"2018-01-10 12:35:00"
IOP,0.00059619,"2018-01-10 12:40:00"
IOP,0.00060214,"2018-01-10 12:45:00"
IOP,0.00061,"2018-01-10 12:50:00"
IOP,0.00061,"2018-01-10 12:55:00"
IOP,0.00061071,"2018-01-10 13:00:00"
IOP,0.00061071,"2018-01-10 13:05:00"
IOP,0.00060232,"2018-01-10 13:10:00"
IOP,0.0005962,"2018-01-10 13:15:00"
IOP,0.00060229,"2018-01-10 13:20:00"
IOP,0.00060229,"2018-01-10 13:25:00"
IOP,0.00060229,"2018-01-10 13:30:00"
IOP,0.00060961,"2018-01-10 13:35:00"
IOP,0.00061051,"2018-01-10 13:40:00"
IOP,0.00061052,"2018-01-10 13:45:00"
IOP,0.00060501,"2018-01-10 13:50:00"
IOP,0.00060506,"2018-01-10 13:55:00"
IOP,0.000605,"2018-01-10 14:00:00"
IOP,0.00060501,"2018-01-10 14:05:00"
IOP,0.000605,"2018-01-10 14:10:00"
IOP,0.00060051,"2018-01-10 14:15:00"
IOP,0.00060051,"2018-01-10 14:20:00"
IOP,0.00060051,"2018-01-10 14:25:00"
IOP,0.00060502,"2018-01-10 14:30:00"
IOP,0.00061051,"2018-01-10 14:35:00"
IOP,0.00060502,"2018-01-10 14:40:00"
IOP,0.000602,"2018-01-10 14:45:00"
IOP,0.00059658,"2018-01-10 14:50:00"
IOP,0.00059355,"2018-01-10 14:55:00"
IOP,0.00059363,"2018-01-10 15:00:00"
IOP,0.00059618,"2018-01-10 15:05:00"
IOP,0.00059617,"2018-01-10 15:10:00"
IOP,0.000592,"2018-01-10 15:15:00"
IOP,0.00059201,"2018-01-10 15:20:00"
IOP,0.00059201,"2018-01-10 15:25:00"
IOP,0.0005881,"2018-01-10 15:30:00"
IOP,0.00058813,"2018-01-10 15:35:00"
IOP,0.00058814,"2018-01-10 15:40:00"
IOP,0.0005885,"2018-01-10 15:45:00"
IOP,0.0005882,"2018-01-10 15:50:00"
IOP,0.0005882,"2018-01-10 15:55:00"
IOP,0.0005882,"2018-01-10 16:00:00"
IOP,0.00060909,"2018-01-10 16:05:00"
IOP,0.00061319,"2018-01-10 16:10:00"
IOP,0.00060063,"2018-01-10 16:15:00"
IOP,0.00060063,"2018-01-10 16:20:00"
IOP,0.00061312,"2018-01-10 16:25:00"
IOP,0.00061312,"2018-01-10 16:30:00"
IOP,0.0006,"2018-01-10 16:35:00"
IOP,0.00061282,"2018-01-10 16:40:00"
IOP,0.00059677,"2018-01-10 16:45:00"
IOP,0.000604,"2018-01-10 16:50:00"
IOP,0.0005997,"2018-01-10 16:55:00"
IOP,0.0005987,"2018-01-10 17:00:00"
IOP,0.00059839,"2018-01-10 17:05:00"
IOP,0.00059399,"2018-01-10 17:10:00"
IOP,0.00059038,"2018-01-10 17:15:00"
IOP,0.00058713,"2018-01-10 17:20:00"
IOP,0.000591,"2018-01-10 17:25:00"
IOP,0.00058078,"2018-01-10 17:30:00"
IOP,0.00058146,"2018-01-10 17:35:00"
IOP,0.00058014,"2018-01-10 17:40:00"
IOP,0.00058497,"2018-01-10 17:45:00"
IOP,0.00058013,"2018-01-10 17:50:00"
IOP,0.000581,"2018-01-10 17:55:00"
IOP,0.00058628,"2018-01-10 18:00:00"
IOP,0.00058604,"2018-01-10 18:05:00"
IOP,0.00058628,"2018-01-10 18:10:00"
IOP,0.00058428,"2018-01-10 18:15:00"
IOP,0.00059807,"2018-01-10 18:20:00"
IOP,0.00059807,"2018-01-10 18:25:00"
IOP,0.000575,"2018-01-10 18:30:00"
IOP,0.00058457,"2018-01-10 18:35:00"
IOP,0.00058456,"2018-01-10 18:40:00"
IOP,0.0006,"2018-01-10 18:45:00"
IOP,0.00061318,"2018-01-10 18:50:00"
IOP,0.00061,"2018-01-10 18:55:00"
IOP,0.00061,"2018-01-10 19:00:00"
IOP,0.00061,"2018-01-10 19:05:00"
IOP,0.00061333,"2018-01-10 19:10:00"
IOP,0.00061001,"2018-01-10 19:15:00"
IOP,0.00060301,"2018-01-10 19:20:00"
IOP,0.00061,"2018-01-10 19:25:00"
IOP,0.00060409,"2018-01-10 19:30:00"
IOP,0.00061,"2018-01-10 19:35:00"
IOP,0.00061,"2018-01-10 19:40:00"
IOP,0.00061373,"2018-01-10 19:45:00"
IOP,0.000608,"2018-01-10 19:50:00"
IOP,0.00061371,"2018-01-10 19:55:00"
IOP,0.000608,"2018-01-10 20:00:00"
IOP,0.00061,"2018-01-10 20:05:00"
IOP,0.00060357,"2018-01-10 20:10:00"
IOP,0.00060988,"2018-01-10 20:15:00"
IOP,0.00060976,"2018-01-10 20:20:00"
IOP,0.00061358,"2018-01-10 20:25:00"
IOP,0.00060503,"2018-01-10 20:30:00"
IOP,0.00060551,"2018-01-10 20:35:00"
IOP,0.00060122,"2018-01-10 20:40:00"
IOP,0.00060123,"2018-01-10 20:45:00"
IOP,0.0006137,"2018-01-10 20:50:00"
IOP,0.00060366,"2018-01-10 20:55:00"
IOP,0.00060423,"2018-01-10 21:00:00"
IOP,0.00060508,"2018-01-10 21:05:00"
IOP,0.00061366,"2018-01-10 21:10:00"
IOP,0.00061366,"2018-01-10 21:15:00"
IOP,0.00061366,"2018-01-10 21:20:00"
IOP,0.00061368,"2018-01-10 21:25:00"
IOP,0.00061399,"2018-01-10 21:30:00"
IOP,0.00062039,"2018-01-10 21:35:00"
IOP,0.00062039,"2018-01-10 21:40:00"
IOP,0.0006205,"2018-01-10 21:45:00"
IOP,0.0006205,"2018-01-10 21:50:00"
IOP,0.0006218,"2018-01-10 21:55:00"
IOP,0.0006211,"2018-01-10 22:00:00"
IOP,0.00061439,"2018-01-10 22:05:00"
IOP,0.00061439,"2018-01-10 22:10:00"
IOP,0.00061402,"2018-01-10 22:15:00"
IOP,0.00061439,"2018-01-10 22:20:00"
IOP,0.00061999,"2018-01-10 22:25:00"
IOP,0.00061439,"2018-01-10 22:30:00"
IOP,0.00062497,"2018-01-10 22:35:00"
IOP,0.00061776,"2018-01-10 22:40:00"
IOP,0.00062,"2018-01-10 22:45:00"
IOP,0.000626,"2018-01-10 22:50:00"
IOP,0.00062764,"2018-01-10 22:55:00"
IOP,0.000628,"2018-01-10 23:00:00"
IOP,0.00063549,"2018-01-10 23:05:00"
IOP,0.00063647,"2018-01-10 23:10:00"
IOP,0.00064351,"2018-01-10 23:15:00"
IOP,0.000649,"2018-01-10 23:20:00"
IOP,0.000633,"2018-01-10 23:25:00"
IOP,0.00063619,"2018-01-10 23:30:00"
IOP,0.00064902,"2018-01-10 23:35:00"
IOP,0.000649,"2018-01-10 23:40:00"
IOP,0.000649,"2018-01-10 23:45:00"
IOP,0.00065,"2018-01-10 23:50:00"
IOP,0.00065199,"2018-01-10 23:55:00"
IOP,0.0006525,"2018-01-11 00:00:00"
IOP,0.00065997,"2018-01-11 00:05:00"
IOP,0.000645,"2018-01-11 00:10:00"
IOP,0.000651,"2018-01-11 00:15:00"
IOP,0.00064658,"2018-01-11 00:20:00"
IOP,0.00064658,"2018-01-11 00:25:00"
IOP,0.00064006,"2018-01-11 00:30:00"
IOP,0.00064006,"2018-01-11 00:35:00"
IOP,0.00065976,"2018-01-11 00:40:00"
IOP,0.0006599,"2018-01-11 00:45:00"
IOP,0.00065976,"2018-01-11 00:50:00"
IOP,0.00064708,"2018-01-11 00:55:00"
IOP,0.0006446,"2018-01-11 01:00:00"
IOP,0.00064627,"2018-01-11 01:05:00"
IOP,0.0006446,"2018-01-11 01:10:00"
IOP,0.0006231,"2018-01-11 01:15:00"
IOP,0.00061634,"2018-01-11 01:20:00"
IOP,0.0006175,"2018-01-11 01:25:00"
IOP,0.00061501,"2018-01-11 01:30:00"
IOP,0.00061349,"2018-01-11 01:35:00"
IOP,0.00060822,"2018-01-11 01:40:00"
IOP,0.00060422,"2018-01-11 01:45:00"
IOP,0.00060251,"2018-01-11 01:50:00"
IOP,0.00059378,"2018-01-11 01:55:00"
IOP,0.00059996,"2018-01-11 02:00:00"
IOP,0.00059999,"2018-01-11 02:05:00"
IOP,0.00059999,"2018-01-11 02:10:00"
IOP,0.00059999,"2018-01-11 02:15:00"
IOP,0.00059999,"2018-01-11 02:20:00"
IOP,0.00060813,"2018-01-11 02:25:00"
IOP,0.0006006,"2018-01-11 02:30:00"
IOP,0.00060139,"2018-01-11 02:35:00"
IOP,0.00061552,"2018-01-11 02:40:00"
IOP,0.00061545,"2018-01-11 02:45:00"
IOP,0.00061005,"2018-01-11 02:50:00"
IOP,0.00062483,"2018-01-11 02:55:00"
IOP,0.00061482,"2018-01-11 03:00:00"
IOP,0.00061482,"2018-01-11 03:05:00"
IOP,0.00062472,"2018-01-11 03:10:00"
IOP,0.00062297,"2018-01-11 03:15:00"
IOP,0.000615,"2018-01-11 03:20:00"
IOP,0.000615,"2018-01-11 03:25:00"
IOP,0.000615,"2018-01-11 03:30:00"
IOP,0.000615,"2018-01-11 03:35:00"
IOP,0.000613,"2018-01-11 03:40:00"
IOP,0.00062113,"2018-01-11 03:45:00"
IOP,0.00061956,"2018-01-11 03:50:00"
IOP,0.00061956,"2018-01-11 03:55:00"
IOP,0.00061956,"2018-01-11 04:00:00"
IOP,0.00061956,"2018-01-11 04:05:00"
IOP,0.00061956,"2018-01-11 04:10:00"
IOP,0.00062469,"2018-01-11 04:15:00"
IOP,0.00061956,"2018-01-11 04:20:00"
IOP,0.00061945,"2018-01-11 04:25:00"
IOP,0.00061008,"2018-01-11 04:30:00"
IOP,0.00061005,"2018-01-11 04:35:00"
IOP,0.00060807,"2018-01-11 04:40:00"
IOP,0.0005901,"2018-01-11 04:45:00"
IOP,0.00058658,"2018-01-11 04:50:00"
IOP,0.0005865,"2018-01-11 04:55:00"
IOP,0.00058658,"2018-01-11 05:00:00"
IOP,0.000581,"2018-01-11 05:05:00"
IOP,0.00058,"2018-01-11 05:10:00"
IOP,0.00057675,"2018-01-11 05:15:00"
IOP,0.00052014,"2018-01-11 05:20:00"
IOP,0.000539,"2018-01-11 05:25:00"
IOP,0.00053055,"2018-01-11 05:30:00"
IOP,0.00053123,"2018-01-11 05:35:00"
IOP,0.00052,"2018-01-11 05:40:00"
IOP,0.00051678,"2018-01-11 05:45:00"
IOP,0.00051,"2018-01-11 05:50:00"
IOP,0.00051701,"2018-01-11 05:55:00"
IOP,0.00054,"2018-01-11 06:00:00"
IOP,0.00054125,"2018-01-11 06:05:00"
IOP,0.00054637,"2018-01-11 06:10:00"
IOP,0.00053178,"2018-01-11 06:15:00"
IOP,0.00053703,"2018-01-11 06:20:00"
IOP,0.00054309,"2018-01-11 06:25:00"
IOP,0.00054001,"2018-01-11 06:30:00"
IOP,0.00054361,"2018-01-11 06:35:00"
IOP,0.0005495,"2018-01-11 06:40:00"
IOP,0.00055092,"2018-01-11 06:45:00"
IOP,0.0005562,"2018-01-11 06:50:00"
IOP,0.00055872,"2018-01-11 06:55:00"
IOP,0.00055825,"2018-01-11 07:00:00"
IOP,0.0005457,"2018-01-11 07:05:00"
IOP,0.00055,"2018-01-11 07:10:00"
IOP,0.00055,"2018-01-11 07:15:00"
IOP,0.00055627,"2018-01-11 07:20:00"
IOP,0.00055,"2018-01-11 07:25:00"
IOP,0.00055873,"2018-01-11 07:30:00"
IOP,0.00055873,"2018-01-11 07:35:00"
IOP,0.00055177,"2018-01-11 07:40:00"
IOP,0.00055923,"2018-01-11 07:45:00"
IOP,0.00055922,"2018-01-11 07:50:00"
IOP,0.00055997,"2018-01-11 07:55:00"
IOP,0.0005596,"2018-01-11 08:00:00"
IOP,0.00056899,"2018-01-11 08:05:00"
IOP,0.00056898,"2018-01-11 08:10:00"
IOP,0.000569,"2018-01-11 08:15:00"
IOP,0.00057669,"2018-01-11 08:20:00"
IOP,0.000565,"2018-01-11 08:25:00"
IOP,0.00057669,"2018-01-11 08:30:00"
IOP,0.00057633,"2018-01-11 08:35:00"
IOP,0.0005767,"2018-01-11 08:40:00"
IOP,0.000575,"2018-01-11 08:45:00"
IOP,0.00057442,"2018-01-11 08:50:00"
IOP,0.0005744,"2018-01-11 08:55:00"
IOP,0.000568,"2018-01-11 09:00:00"
IOP,0.000568,"2018-01-11 09:05:00"
IOP,0.00056804,"2018-01-11 09:10:00"
IOP,0.000582,"2018-01-11 09:15:00"
IOP,0.00059023,"2018-01-11 09:20:00"
IOP,0.00058999,"2018-01-11 09:25:00"
IOP,0.0005856,"2018-01-11 09:30:00"
IOP,0.00058999,"2018-01-11 09:35:00"
IOP,0.0005895,"2018-01-11 09:40:00"
IOP,0.0005895,"2018-01-11 09:45:00"
IOP,0.00059051,"2018-01-11 09:50:00"
IOP,0.00063944,"2018-01-11 09:55:00"
IOP,0.000635,"2018-01-11 10:00:00"
IOP,0.00061095,"2018-01-11 10:05:00"
IOP,0.00061107,"2018-01-11 10:10:00"
IOP,0.0006135,"2018-01-11 10:15:00"
IOP,0.00060599,"2018-01-11 10:20:00"
IOP,0.00060605,"2018-01-11 10:25:00"
IOP,0.00061259,"2018-01-11 10:30:00"
IOP,0.00060599,"2018-01-11 10:35:00"
IOP,0.00059999,"2018-01-11 10:40:00"
IOP,0.00059207,"2018-01-11 10:45:00"
IOP,0.0005906,"2018-01-11 10:50:00"
IOP,0.00060599,"2018-01-11 10:55:00"
IOP,0.00060599,"2018-01-11 11:00:00"
IOP,0.00060505,"2018-01-11 11:05:00"
IOP,0.0006086,"2018-01-11 11:10:00"
IOP,0.00060505,"2018-01-11 11:15:00"
IOP,0.00059801,"2018-01-11 11:20:00"
IOP,0.00059999,"2018-01-11 11:25:00"
IOP,0.00058709,"2018-01-11 11:30:00"
IOP,0.00058641,"2018-01-11 11:35:00"
IOP,0.00059006,"2018-01-11 11:40:00"
IOP,0.0005698,"2018-01-11 11:45:00"
IOP,0.00058027,"2018-01-11 11:50:00"
IOP,0.00058296,"2018-01-11 11:55:00"
IOP,0.00058275,"2018-01-11 12:00:00"
IOP,0.00058292,"2018-01-11 12:05:00"
IOP,0.00058292,"2018-01-11 12:10:00"
IOP,0.0005813,"2018-01-11 12:15:00"
IOP,0.00058127,"2018-01-11 12:20:00"
IOP,0.00058027,"2018-01-11 12:25:00"
IOP,0.00058123,"2018-01-11 12:30:00"
IOP,0.00058086,"2018-01-11 12:35:00"
IOP,0.00056871,"2018-01-11 12:40:00"
IOP,0.00056883,"2018-01-11 12:45:00"
IOP,0.00056887,"2018-01-11 12:50:00"
IOP,0.00056881,"2018-01-11 12:55:00"
IOP,0.00056887,"2018-01-11 13:00:00"
IOP,0.00056887,"2018-01-11 13:05:00"
IOP,0.00056887,"2018-01-11 13:10:00"
IOP,0.00056779,"2018-01-11 13:15:00"
IOP,0.00057834,"2018-01-11 13:20:00"
IOP,0.00056909,"2018-01-11 13:25:00"
IOP,0.00056909,"2018-01-11 13:30:00"
IOP,0.00056646,"2018-01-11 13:35:00"
IOP,0.00056909,"2018-01-11 13:40:00"
IOP,0.00057779,"2018-01-11 13:45:00"
IOP,0.00057687,"2018-01-11 13:50:00"
IOP,0.0005691,"2018-01-11 13:55:00"
IOP,0.00057785,"2018-01-11 14:00:00"
IOP,0.00057785,"2018-01-11 14:05:00"
IOP,0.00058072,"2018-01-11 14:10:00"
IOP,0.00058072,"2018-01-11 14:15:00"
IOP,0.00058025,"2018-01-11 14:20:00"
IOP,0.0005708,"2018-01-11 14:25:00"
IOP,0.00057879,"2018-01-11 14:30:00"
IOP,0.0005708,"2018-01-11 14:35:00"
IOP,0.00057874,"2018-01-11 14:40:00"
IOP,0.00056904,"2018-01-11 14:45:00"
IOP,0.000578,"2018-01-11 14:50:00"
IOP,0.00058181,"2018-01-11 14:55:00"
IOP,0.00059266,"2018-01-11 15:00:00"
IOP,0.00059,"2018-01-11 15:05:00"
IOP,0.0005813,"2018-01-11 15:10:00"
IOP,0.00059653,"2018-01-11 15:15:00"
IOP,0.00059595,"2018-01-11 15:20:00"
IOP,0.00058603,"2018-01-11 15:25:00"
IOP,0.00059242,"2018-01-11 15:30:00"
IOP,0.00059199,"2018-01-11 15:35:00"
IOP,0.0005929,"2018-01-11 15:40:00"
IOP,0.0005862,"2018-01-11 15:45:00"
IOP,0.00058618,"2018-01-11 15:50:00"
IOP,0.00058618,"2018-01-11 15:55:00"
IOP,0.00057612,"2018-01-11 16:00:00"
IOP,0.00057655,"2018-01-11 16:05:00"
IOP,0.00057658,"2018-01-11 16:10:00"
IOP,0.00058274,"2018-01-11 16:15:00"
IOP,0.000575,"2018-01-11 16:20:00"
IOP,0.00057508,"2018-01-11 16:25:00"
IOP,0.00057511,"2018-01-11 16:30:00"
IOP,0.00057511,"2018-01-11 16:35:00"
IOP,0.00057515,"2018-01-11 16:40:00"
IOP,0.00058054,"2018-01-11 16:45:00"
IOP,0.00058042,"2018-01-11 16:50:00"
IOP,0.00057,"2018-01-11 16:55:00"
IOP,0.00058366,"2018-01-11 17:00:00"
IOP,0.00057001,"2018-01-11 17:05:00"
IOP,0.00058187,"2018-01-11 17:10:00"
IOP,0.00057272,"2018-01-11 17:15:00"
IOP,0.00057272,"2018-01-11 17:20:00"
IOP,0.00058034,"2018-01-11 17:25:00"
IOP,0.00057323,"2018-01-11 17:30:00"
IOP,0.00057899,"2018-01-11 17:35:00"
IOP,0.0005835,"2018-01-11 17:40:00"
IOP,0.00057609,"2018-01-11 17:45:00"
IOP,0.00058352,"2018-01-11 17:50:00"
IOP,0.00059704,"2018-01-11 17:55:00"
IOP,0.00059,"2018-01-11 18:00:00"
IOP,0.00059799,"2018-01-11 18:05:00"
IOP,0.00059598,"2018-01-11 18:10:00"
IOP,0.00058459,"2018-01-11 18:15:00"
IOP,0.00059,"2018-01-11 18:20:00"
IOP,0.00058501,"2018-01-11 18:25:00"
IOP,0.00058502,"2018-01-11 18:30:00"
IOP,0.000585,"2018-01-11 18:35:00"
IOP,0.0005851,"2018-01-11 18:40:00"
IOP,0.00058512,"2018-01-11 18:45:00"
IOP,0.00058994,"2018-01-11 18:50:00"
IOP,0.00058994,"2018-01-11 18:55:00"
IOP,0.00058994,"2018-01-11 19:00:00"
IOP,0.00058352,"2018-01-11 19:05:00"
IOP,0.000585,"2018-01-11 19:10:00"
IOP,0.00058993,"2018-01-11 19:15:00"
IOP,0.00058993,"2018-01-11 19:20:00"
IOP,0.00058993,"2018-01-11 19:25:00"
IOP,0.00058521,"2018-01-11 19:30:00"
IOP,0.00058521,"2018-01-11 19:35:00"
IOP,0.00058521,"2018-01-11 19:40:00"
IOP,0.0005852,"2018-01-11 19:45:00"
IOP,0.00059488,"2018-01-11 19:50:00"
IOP,0.00059446,"2018-01-11 19:55:00"
IOP,0.00058058,"2018-01-11 20:00:00"
IOP,0.00058058,"2018-01-11 20:05:00"
IOP,0.00058058,"2018-01-11 20:10:00"
IOP,0.00058863,"2018-01-11 20:15:00"
IOP,0.00059444,"2018-01-11 20:20:00"
IOP,0.0005906,"2018-01-11 20:25:00"
IOP,0.00058087,"2018-01-11 20:30:00"
IOP,0.00058087,"2018-01-11 20:35:00"
IOP,0.00058709,"2018-01-11 20:40:00"
IOP,0.0005785,"2018-01-11 20:45:00"
IOP,0.00058332,"2018-01-11 20:50:00"
IOP,0.0005755,"2018-01-11 20:55:00"
IOP,0.000576,"2018-01-11 21:00:00"
IOP,0.00058347,"2018-01-11 21:05:00"
IOP,0.000578,"2018-01-11 21:10:00"
IOP,0.000578,"2018-01-11 21:15:00"
IOP,0.000579,"2018-01-11 21:20:00"
IOP,0.000579,"2018-01-11 21:25:00"
IOP,0.000579,"2018-01-11 21:30:00"
IOP,0.0005799,"2018-01-11 21:35:00"
IOP,0.0005799,"2018-01-11 21:40:00"
IOP,0.00058287,"2018-01-11 21:45:00"
IOP,0.00058287,"2018-01-11 21:50:00"
IOP,0.00058287,"2018-01-11 21:55:00"
IOP,0.000595,"2018-01-11 22:00:00"
IOP,0.000595,"2018-01-11 22:05:00"
IOP,0.000595,"2018-01-11 22:10:00"
IOP,0.000595,"2018-01-11 22:15:00"
IOP,0.000599,"2018-01-11 22:20:00"
IOP,0.00059999,"2018-01-11 22:25:00"
IOP,0.000596,"2018-01-11 22:30:00"
IOP,0.000596,"2018-01-11 22:35:00"
IOP,0.000596,"2018-01-11 22:40:00"
IOP,0.00058544,"2018-01-11 22:45:00"
IOP,0.00058599,"2018-01-11 22:50:00"
IOP,0.00058624,"2018-01-11 22:55:00"
IOP,0.0005982,"2018-01-11 23:00:00"
IOP,0.00059896,"2018-01-11 23:05:00"
IOP,0.00059883,"2018-01-11 23:10:00"
IOP,0.00058942,"2018-01-11 23:15:00"
IOP,0.0005988,"2018-01-11 23:20:00"
IOP,0.00059878,"2018-01-11 23:25:00"
IOP,0.00059878,"2018-01-11 23:30:00"
IOP,0.000591,"2018-01-11 23:35:00"
IOP,0.000592,"2018-01-11 23:40:00"
IOP,0.00059994,"2018-01-11 23:45:00"
IOP,0.00059202,"2018-01-11 23:50:00"
IOP,0.00058684,"2018-01-11 23:55:00"
IOP,0.000582,"2018-01-12 00:00:00"
IOP,0.00059,"2018-01-12 00:05:00"
IOP,0.00059722,"2018-01-12 00:10:00"
IOP,0.00059001,"2018-01-12 00:15:00"
IOP,0.00059,"2018-01-12 00:20:00"
IOP,0.0005785,"2018-01-12 00:25:00"
IOP,0.00058815,"2018-01-12 00:30:00"
IOP,0.0005875,"2018-01-12 00:35:00"
IOP,0.00058066,"2018-01-12 00:40:00"
IOP,0.00058833,"2018-01-12 00:45:00"
IOP,0.00058833,"2018-01-12 00:50:00"
IOP,0.00058176,"2018-01-12 00:55:00"
IOP,0.00058999,"2018-01-12 01:00:00"
IOP,0.00058116,"2018-01-12 01:05:00"
IOP,0.00058066,"2018-01-12 01:10:00"
IOP,0.000582,"2018-01-12 01:15:00"
IOP,0.00058071,"2018-01-12 01:20:00"
IOP,0.00058071,"2018-01-12 01:25:00"
IOP,0.00058534,"2018-01-12 01:30:00"
IOP,0.00058534,"2018-01-12 01:35:00"
IOP,0.00058066,"2018-01-12 01:40:00"
IOP,0.00058862,"2018-01-12 01:45:00"
IOP,0.00058827,"2018-01-12 01:50:00"
IOP,0.000578,"2018-01-12 01:55:00"
IOP,0.000578,"2018-01-12 02:00:00"
IOP,0.0005775,"2018-01-12 02:05:00"
IOP,0.0005775,"2018-01-12 02:10:00"
IOP,0.0005775,"2018-01-12 02:15:00"
IOP,0.000586,"2018-01-12 02:20:00"
IOP,0.000586,"2018-01-12 02:25:00"
IOP,0.000578,"2018-01-12 02:30:00"
IOP,0.00058773,"2018-01-12 02:35:00"
IOP,0.00058721,"2018-01-12 02:40:00"
IOP,0.00058721,"2018-01-12 02:45:00"
IOP,0.00058721,"2018-01-12 02:50:00"
IOP,0.00057811,"2018-01-12 02:55:00"
IOP,0.00057811,"2018-01-12 03:00:00"
IOP,0.00057811,"2018-01-12 03:05:00"
IOP,0.00057811,"2018-01-12 03:10:00"
IOP,0.00057811,"2018-01-12 03:15:00"
IOP,0.00058585,"2018-01-12 03:20:00"
IOP,0.00058585,"2018-01-12 03:25:00"
IOP,0.00058702,"2018-01-12 03:30:00"
IOP,0.00058716,"2018-01-12 03:35:00"
IOP,0.00058712,"2018-01-12 03:40:00"
IOP,0.00058712,"2018-01-12 03:45:00"
IOP,0.00058585,"2018-01-12 03:50:00"
IOP,0.00058577,"2018-01-12 03:55:00"
IOP,0.00058577,"2018-01-12 04:00:00"
IOP,0.00058577,"2018-01-12 04:05:00"
IOP,0.00058,"2018-01-12 04:10:00"
IOP,0.00058,"2018-01-12 04:15:00"
IOP,0.00058001,"2018-01-12 04:20:00"
IOP,0.00058002,"2018-01-12 04:25:00"
IOP,0.00058013,"2018-01-12 04:30:00"
IOP,0.00058135,"2018-01-12 04:35:00"
IOP,0.00058135,"2018-01-12 04:40:00"
IOP,0.00057933,"2018-01-12 04:45:00"
IOP,0.00057933,"2018-01-12 04:50:00"
IOP,0.00057933,"2018-01-12 04:55:00"
IOP,0.0005793,"2018-01-12 05:00:00"
IOP,0.00058451,"2018-01-12 05:05:00"
IOP,0.00058451,"2018-01-12 05:10:00"
IOP,0.00058451,"2018-01-12 05:15:00"
IOP,0.00058303,"2018-01-12 05:20:00"
IOP,0.00057988,"2018-01-12 05:25:00"
IOP,0.00057006,"2018-01-12 05:30:00"
IOP,0.0005775,"2018-01-12 05:35:00"
IOP,0.00056821,"2018-01-12 05:40:00"
IOP,0.00056821,"2018-01-12 05:45:00"
IOP,0.00056821,"2018-01-12 05:50:00"
IOP,0.00058018,"2018-01-12 05:55:00"
IOP,0.000575,"2018-01-12 06:00:00"
IOP,0.00058017,"2018-01-12 06:05:00"
IOP,0.00058583,"2018-01-12 06:10:00"
IOP,0.00058293,"2018-01-12 06:15:00"
IOP,0.00058721,"2018-01-12 06:20:00"
IOP,0.00059027,"2018-01-12 06:25:00"
IOP,0.00058293,"2018-01-12 06:30:00"
IOP,0.00058995,"2018-01-12 06:35:00"
IOP,0.00059025,"2018-01-12 06:40:00"
IOP,0.00059027,"2018-01-12 06:45:00"
IOP,0.00059027,"2018-01-12 06:50:00"
IOP,0.00059616,"2018-01-12 06:55:00"
IOP,0.00059722,"2018-01-12 07:00:00"
IOP,0.00059722,"2018-01-12 07:05:00"
IOP,0.00059102,"2018-01-12 07:10:00"
IOP,0.0005908,"2018-01-12 07:15:00"
IOP,0.0005908,"2018-01-12 07:20:00"
IOP,0.0005908,"2018-01-12 07:25:00"
IOP,0.00059699,"2018-01-12 07:30:00"
IOP,0.000597,"2018-01-12 07:35:00"
IOP,0.0005908,"2018-01-12 07:40:00"
IOP,0.000597,"2018-01-12 07:45:00"
IOP,0.0005908,"2018-01-12 07:50:00"
IOP,0.00059028,"2018-01-12 07:55:00"
IOP,0.00059028,"2018-01-12 08:00:00"
IOP,0.00059028,"2018-01-12 08:05:00"
IOP,0.000596,"2018-01-12 08:10:00"
IOP,0.0006,"2018-01-12 08:15:00"
IOP,0.00061083,"2018-01-12 08:20:00"
IOP,0.00060542,"2018-01-12 08:25:00"
IOP,0.0005927,"2018-01-12 08:30:00"
IOP,0.000601,"2018-01-12 08:35:00"
IOP,0.00059028,"2018-01-12 08:40:00"
IOP,0.0006048,"2018-01-12 08:45:00"
IOP,0.00060023,"2018-01-12 08:50:00"
IOP,0.00059776,"2018-01-12 08:55:00"
IOP,0.00059894,"2018-01-12 09:00:00"
IOP,0.00059894,"2018-01-12 09:05:00"
IOP,0.00060019,"2018-01-12 09:10:00"
IOP,0.00059894,"2018-01-12 09:15:00"
IOP,0.0005923,"2018-01-12 09:20:00"
IOP,0.00059289,"2018-01-12 09:25:00"
IOP,0.00059894,"2018-01-12 09:30:00"
IOP,0.00059341,"2018-01-12 09:35:00"
IOP,0.00059341,"2018-01-12 09:40:00"
IOP,0.00060088,"2018-01-12 09:45:00"
IOP,0.0005935,"2018-01-12 09:50:00"
IOP,0.00059362,"2018-01-12 09:55:00"
IOP,0.00059363,"2018-01-12 10:00:00"
IOP,0.00060097,"2018-01-12 10:05:00"
IOP,0.00061,"2018-01-12 10:10:00"
IOP,0.00061492,"2018-01-12 10:15:00"
IOP,0.00061395,"2018-01-12 10:20:00"
IOP,0.00060104,"2018-01-12 10:25:00"
IOP,0.00059637,"2018-01-12 10:30:00"
IOP,0.00059797,"2018-01-12 10:35:00"
IOP,0.00059797,"2018-01-12 10:40:00"
IOP,0.00059804,"2018-01-12 10:45:00"
IOP,0.00059507,"2018-01-12 10:50:00"
IOP,0.00060305,"2018-01-12 10:55:00"
IOP,0.00060321,"2018-01-12 11:00:00"
IOP,0.00060277,"2018-01-12 11:05:00"
IOP,0.000598,"2018-01-12 11:10:00"
IOP,0.00059609,"2018-01-12 11:15:00"
IOP,0.0005961,"2018-01-12 11:20:00"
IOP,0.00058262,"2018-01-12 11:25:00"
IOP,0.00059567,"2018-01-12 11:30:00"
IOP,0.00058999,"2018-01-12 11:35:00"
IOP,0.000585,"2018-01-12 11:40:00"
IOP,0.00058777,"2018-01-12 11:45:00"
IOP,0.00059605,"2018-01-12 11:50:00"
IOP,0.00058658,"2018-01-12 11:55:00"
IOP,0.00058597,"2018-01-12 12:00:00"
IOP,0.00057217,"2018-01-12 12:05:00"
IOP,0.000576,"2018-01-12 12:10:00"
IOP,0.0005775,"2018-01-12 12:15:00"
IOP,0.00058601,"2018-01-12 12:20:00"
IOP,0.00059241,"2018-01-12 12:25:00"
IOP,0.00058601,"2018-01-12 12:30:00"
IOP,0.00058454,"2018-01-12 12:35:00"
IOP,0.00057805,"2018-01-12 12:40:00"
IOP,0.00057755,"2018-01-12 12:45:00"
IOP,0.00058187,"2018-01-12 12:50:00"
IOP,0.00058187,"2018-01-12 12:55:00"
IOP,0.00059394,"2018-01-12 13:00:00"
IOP,0.00058253,"2018-01-12 13:05:00"
IOP,0.00058873,"2018-01-12 13:10:00"
IOP,0.00058838,"2018-01-12 13:15:00"
IOP,0.00058086,"2018-01-12 13:20:00"
IOP,0.00057759,"2018-01-12 13:25:00"
IOP,0.00059022,"2018-01-12 13:30:00"
IOP,0.00059001,"2018-01-12 13:35:00"
IOP,0.00059001,"2018-01-12 13:40:00"
IOP,0.00059056,"2018-01-12 13:45:00"
IOP,0.000594,"2018-01-12 13:50:00"
IOP,0.00059501,"2018-01-12 13:55:00"
IOP,0.00059504,"2018-01-12 14:00:00"
IOP,0.0005991,"2018-01-12 14:05:00"
IOP,0.00060305,"2018-01-12 14:10:00"
IOP,0.0006053,"2018-01-12 14:15:00"
IOP,0.000606,"2018-01-12 14:20:00"
IOP,0.000604,"2018-01-12 14:25:00"
IOP,0.00060501,"2018-01-12 14:30:00"
IOP,0.00060942,"2018-01-12 14:35:00"
IOP,0.00060834,"2018-01-12 14:40:00"
IOP,0.00061196,"2018-01-12 14:45:00"
IOP,0.00061196,"2018-01-12 14:50:00"
IOP,0.0006135,"2018-01-12 14:55:00"
IOP,0.0006135,"2018-01-12 15:00:00"
IOP,0.00061495,"2018-01-12 15:05:00"
IOP,0.00061349,"2018-01-12 15:10:00"
IOP,0.000605,"2018-01-12 15:15:00"
IOP,0.00061343,"2018-01-12 15:20:00"
IOP,0.00060259,"2018-01-12 15:25:00"
IOP,0.000603,"2018-01-12 15:30:00"
IOP,0.00061,"2018-01-12 15:35:00"
IOP,0.00061595,"2018-01-12 15:40:00"
IOP,0.00061493,"2018-01-12 15:45:00"
IOP,0.00061334,"2018-01-12 15:50:00"
IOP,0.00061218,"2018-01-12 15:55:00"
IOP,0.00060363,"2018-01-12 16:00:00"
IOP,0.00061178,"2018-01-12 16:05:00"
IOP,0.00060305,"2018-01-12 16:10:00"
IOP,0.00061685,"2018-01-12 16:15:00"
IOP,0.00060571,"2018-01-12 16:20:00"
IOP,0.000605,"2018-01-12 16:25:00"
IOP,0.000603,"2018-01-12 16:30:00"
IOP,0.00061,"2018-01-12 16:35:00"
IOP,0.000605,"2018-01-12 16:40:00"
IOP,0.000605,"2018-01-12 16:45:00"
IOP,0.00061247,"2018-01-12 16:50:00"
IOP,0.00060302,"2018-01-12 16:55:00"
IOP,0.00060302,"2018-01-12 17:00:00"
IOP,0.00060301,"2018-01-12 17:05:00"
IOP,0.00060152,"2018-01-12 17:10:00"
IOP,0.00060063,"2018-01-12 17:15:00"
IOP,0.000594,"2018-01-12 17:20:00"
IOP,0.000594,"2018-01-12 17:25:00"
IOP,0.00060302,"2018-01-12 17:30:00"
IOP,0.00060018,"2018-01-12 17:35:00"
IOP,0.00060288,"2018-01-12 17:40:00"
IOP,0.0006099,"2018-01-12 17:45:00"
IOP,0.00060989,"2018-01-12 17:50:00"
IOP,0.00060989,"2018-01-12 17:55:00"
IOP,0.00060989,"2018-01-12 18:00:00"
IOP,0.00060359,"2018-01-12 18:05:00"
IOP,0.00060353,"2018-01-12 18:10:00"
IOP,0.00061408,"2018-01-12 18:15:00"
IOP,0.00061577,"2018-01-12 18:20:00"
IOP,0.000615,"2018-01-12 18:25:00"
IOP,0.000616,"2018-01-12 18:30:00"
IOP,0.00061894,"2018-01-12 18:35:00"
IOP,0.000616,"2018-01-12 18:40:00"
IOP,0.00061482,"2018-01-12 18:45:00"
IOP,0.00061167,"2018-01-12 18:50:00"
IOP,0.00061116,"2018-01-12 18:55:00"
IOP,0.00061,"2018-01-12 19:00:00"
IOP,0.00060509,"2018-01-12 19:05:00"
IOP,0.00061,"2018-01-12 19:10:00"
IOP,0.00060425,"2018-01-12 19:15:00"
IOP,0.00061097,"2018-01-12 19:20:00"
IOP,0.00061167,"2018-01-12 19:25:00"
IOP,0.00062035,"2018-01-12 19:30:00"
IOP,0.00062498,"2018-01-12 19:35:00"
IOP,0.00061957,"2018-01-12 19:40:00"
IOP,0.00061957,"2018-01-12 19:45:00"
IOP,0.00062173,"2018-01-12 19:50:00"
IOP,0.0006267,"2018-01-12 19:55:00"
IOP,0.00062172,"2018-01-12 20:00:00"
IOP,0.00062989,"2018-01-12 20:05:00"
IOP,0.00061957,"2018-01-12 20:10:00"
IOP,0.00061957,"2018-01-12 20:15:00"
IOP,0.000613,"2018-01-12 20:20:00"
IOP,0.00060437,"2018-01-12 20:25:00"
IOP,0.00060437,"2018-01-12 20:30:00"
IOP,0.00060437,"2018-01-12 20:35:00"
IOP,0.0006128,"2018-01-12 20:40:00"
IOP,0.00060937,"2018-01-12 20:45:00"
IOP,0.00060737,"2018-01-12 20:50:00"
IOP,0.0006155,"2018-01-12 20:55:00"
IOP,0.00061371,"2018-01-12 21:00:00"
IOP,0.0006155,"2018-01-12 21:05:00"
IOP,0.0006155,"2018-01-12 21:10:00"
IOP,0.00061488,"2018-01-12 21:15:00"
IOP,0.0006155,"2018-01-12 21:20:00"
IOP,0.0006149,"2018-01-12 21:25:00"
IOP,0.00061371,"2018-01-12 21:30:00"
IOP,0.00061371,"2018-01-12 21:35:00"
IOP,0.00061363,"2018-01-12 21:40:00"
IOP,0.00061357,"2018-01-12 21:45:00"
IOP,0.00060268,"2018-01-12 21:50:00"
IOP,0.00061126,"2018-01-12 21:55:00"
IOP,0.00061104,"2018-01-12 22:00:00"
IOP,0.00060269,"2018-01-12 22:05:00"
IOP,0.00061233,"2018-01-12 22:10:00"
IOP,0.00061241,"2018-01-12 22:15:00"
IOP,0.00061241,"2018-01-12 22:20:00"
IOP,0.00061511,"2018-01-12 22:25:00"
IOP,0.0006158,"2018-01-12 22:30:00"
IOP,0.0006158,"2018-01-12 22:35:00"
IOP,0.00061172,"2018-01-12 22:40:00"
IOP,0.0006155,"2018-01-12 22:45:00"
IOP,0.00060401,"2018-01-12 22:50:00"
IOP,0.000605,"2018-01-12 22:55:00"
IOP,0.000605,"2018-01-12 23:00:00"
IOP,0.000605,"2018-01-12 23:05:00"
IOP,0.000605,"2018-01-12 23:10:00"
IOP,0.00061281,"2018-01-12 23:15:00"
IOP,0.00060556,"2018-01-12 23:20:00"
IOP,0.00061405,"2018-01-12 23:25:00"
IOP,0.00060501,"2018-01-12 23:30:00"
IOP,0.00060268,"2018-01-12 23:35:00"
IOP,0.00060093,"2018-01-12 23:40:00"
IOP,0.00059515,"2018-01-12 23:45:00"
IOP,0.00060264,"2018-01-12 23:50:00"
IOP,0.0006025,"2018-01-12 23:55:00"
IOP,0.00060798,"2018-01-13 00:00:00"
IOP,0.00060252,"2018-01-13 00:05:00"
IOP,0.00060653,"2018-01-13 00:10:00"
IOP,0.0006,"2018-01-13 00:15:00"
IOP,0.00059999,"2018-01-13 00:20:00"
IOP,0.000595,"2018-01-13 00:25:00"
IOP,0.00060736,"2018-01-13 00:30:00"
IOP,0.00059402,"2018-01-13 00:35:00"
IOP,0.00060652,"2018-01-13 00:40:00"
IOP,0.000603,"2018-01-13 00:45:00"
IOP,0.00060506,"2018-01-13 00:50:00"
IOP,0.000605,"2018-01-13 00:55:00"
IOP,0.00060501,"2018-01-13 01:00:00"
IOP,0.00060828,"2018-01-13 01:05:00"
IOP,0.00061444,"2018-01-13 01:10:00"
IOP,0.00061622,"2018-01-13 01:15:00"
IOP,0.00061442,"2018-01-13 01:20:00"
IOP,0.00061943,"2018-01-13 01:25:00"
IOP,0.00060159,"2018-01-13 01:30:00"
IOP,0.00061411,"2018-01-13 01:35:00"
IOP,0.00061148,"2018-01-13 01:40:00"
IOP,0.00061141,"2018-01-13 01:45:00"
IOP,0.00061141,"2018-01-13 01:50:00"
IOP,0.00061141,"2018-01-13 01:55:00"
IOP,0.0005944,"2018-01-13 02:00:00"
IOP,0.0006025,"2018-01-13 02:05:00"
IOP,0.00060132,"2018-01-13 02:10:00"
IOP,0.00060292,"2018-01-13 02:15:00"
IOP,0.0005901,"2018-01-13 02:20:00"
IOP,0.00059013,"2018-01-13 02:25:00"
IOP,0.00060299,"2018-01-13 02:30:00"
IOP,0.00058949,"2018-01-13 02:35:00"
IOP,0.00058236,"2018-01-13 02:40:00"
IOP,0.00058553,"2018-01-13 02:45:00"
IOP,0.00059001,"2018-01-13 02:50:00"
IOP,0.00059001,"2018-01-13 02:55:00"
IOP,0.00058674,"2018-01-13 03:00:00"
IOP,0.00059759,"2018-01-13 03:05:00"
IOP,0.00060218,"2018-01-13 03:10:00"
IOP,0.00059052,"2018-01-13 03:15:00"
IOP,0.00059761,"2018-01-13 03:20:00"
IOP,0.00059761,"2018-01-13 03:25:00"
IOP,0.00059761,"2018-01-13 03:30:00"
IOP,0.00059761,"2018-01-13 03:35:00"
IOP,0.00058767,"2018-01-13 03:40:00"
IOP,0.000587,"2018-01-13 03:45:00"
IOP,0.000587,"2018-01-13 03:50:00"
IOP,0.000587,"2018-01-13 03:55:00"
IOP,0.000587,"2018-01-13 04:00:00"
IOP,0.00060038,"2018-01-13 04:05:00"
IOP,0.00060026,"2018-01-13 04:10:00"
IOP,0.00060022,"2018-01-13 04:15:00"
IOP,0.00059873,"2018-01-13 04:20:00"
IOP,0.00059875,"2018-01-13 04:25:00"
IOP,0.00059081,"2018-01-13 04:30:00"
IOP,0.00059815,"2018-01-13 04:35:00"
IOP,0.00059815,"2018-01-13 04:40:00"
IOP,0.00059815,"2018-01-13 04:45:00"
IOP,0.00058973,"2018-01-13 04:50:00"
IOP,0.000598,"2018-01-13 04:55:00"
IOP,0.00059874,"2018-01-13 05:00:00"
IOP,0.00059803,"2018-01-13 05:05:00"
IOP,0.00059803,"2018-01-13 05:10:00"
IOP,0.00059803,"2018-01-13 05:15:00"
IOP,0.00059345,"2018-01-13 05:20:00"
IOP,0.00059345,"2018-01-13 05:25:00"
IOP,0.00059143,"2018-01-13 05:30:00"
IOP,0.00059871,"2018-01-13 05:35:00"
IOP,0.0005987,"2018-01-13 05:40:00"
IOP,0.0005987,"2018-01-13 05:45:00"
IOP,0.00059404,"2018-01-13 05:50:00"
IOP,0.00059411,"2018-01-13 05:55:00"
IOP,0.00059432,"2018-01-13 06:00:00"
IOP,0.00060003,"2018-01-13 06:05:00"
IOP,0.000599,"2018-01-13 06:10:00"
IOP,0.000599,"2018-01-13 06:15:00"
IOP,0.00060022,"2018-01-13 06:20:00"
IOP,0.00059351,"2018-01-13 06:25:00"
IOP,0.00060027,"2018-01-13 06:30:00"
IOP,0.00060025,"2018-01-13 06:35:00"
IOP,0.00060025,"2018-01-13 06:40:00"
IOP,0.00060079,"2018-01-13 06:45:00"
IOP,0.00060941,"2018-01-13 06:50:00"
IOP,0.00060943,"2018-01-13 06:55:00"
IOP,0.00061999,"2018-01-13 07:00:00"
IOP,0.000615,"2018-01-13 07:05:00"
IOP,0.000611,"2018-01-13 07:10:00"
IOP,0.00061823,"2018-01-13 07:15:00"
IOP,0.00062,"2018-01-13 07:20:00"
IOP,0.0006225,"2018-01-13 07:25:00"
IOP,0.00062275,"2018-01-13 07:30:00"
IOP,0.00062276,"2018-01-13 07:35:00"
IOP,0.00062,"2018-01-13 07:40:00"
IOP,0.00062,"2018-01-13 07:45:00"
IOP,0.00061401,"2018-01-13 07:50:00"
IOP,0.00061999,"2018-01-13 07:55:00"
IOP,0.000616,"2018-01-13 08:00:00"
IOP,0.000616,"2018-01-13 08:05:00"
IOP,0.00062277,"2018-01-13 08:10:00"
IOP,0.00062,"2018-01-13 08:15:00"
IOP,0.00062,"2018-01-13 08:20:00"
IOP,0.00062276,"2018-01-13 08:25:00"
IOP,0.00062277,"2018-01-13 08:30:00"
IOP,0.00062318,"2018-01-13 08:35:00"
IOP,0.00062369,"2018-01-13 08:40:00"
IOP,0.00062339,"2018-01-13 08:45:00"
IOP,0.000616,"2018-01-13 08:50:00"
IOP,0.0006165,"2018-01-13 08:55:00"
IOP,0.000616,"2018-01-13 09:00:00"
IOP,0.00062,"2018-01-13 09:05:00"
IOP,0.00062369,"2018-01-13 09:10:00"
IOP,0.00062451,"2018-01-13 09:15:00"
IOP,0.00062,"2018-01-13 09:20:00"
IOP,0.00062451,"2018-01-13 09:25:00"
IOP,0.00062638,"2018-01-13 09:30:00"
IOP,0.00062653,"2018-01-13 09:35:00"
IOP,0.00062795,"2018-01-13 09:40:00"
IOP,0.00062126,"2018-01-13 09:45:00"
IOP,0.00062121,"2018-01-13 09:50:00"
IOP,0.000628,"2018-01-13 09:55:00"
IOP,0.0006214,"2018-01-13 10:00:00"
IOP,0.00062785,"2018-01-13 10:05:00"
IOP,0.00062441,"2018-01-13 10:10:00"
IOP,0.00062141,"2018-01-13 10:15:00"
IOP,0.00062441,"2018-01-13 10:20:00"
IOP,0.00062441,"2018-01-13 10:25:00"
IOP,0.00062439,"2018-01-13 10:30:00"
IOP,0.0006214,"2018-01-13 10:35:00"
IOP,0.00061991,"2018-01-13 10:40:00"
IOP,0.00061149,"2018-01-13 10:45:00"
IOP,0.0006115,"2018-01-13 10:50:00"
IOP,0.00058984,"2018-01-13 10:55:00"
IOP,0.00059885,"2018-01-13 11:00:00"
IOP,0.00060052,"2018-01-13 11:05:00"
IOP,0.00060016,"2018-01-13 11:10:00"
IOP,0.00060873,"2018-01-13 11:15:00"
IOP,0.00060871,"2018-01-13 11:20:00"
IOP,0.00060885,"2018-01-13 11:25:00"
IOP,0.00060886,"2018-01-13 11:30:00"
IOP,0.00060886,"2018-01-13 11:35:00"
IOP,0.00061204,"2018-01-13 11:40:00"
IOP,0.00060067,"2018-01-13 11:45:00"
IOP,0.0006007,"2018-01-13 11:50:00"
IOP,0.0006007,"2018-01-13 11:55:00"
IOP,0.000603,"2018-01-13 12:00:00"
IOP,0.00060885,"2018-01-13 12:05:00"
IOP,0.00060066,"2018-01-13 12:10:00"
IOP,0.0006,"2018-01-13 12:15:00"
IOP,0.0006075,"2018-01-13 12:20:00"
IOP,0.0006,"2018-01-13 12:25:00"
IOP,0.0006001,"2018-01-13 12:30:00"
IOP,0.00060698,"2018-01-13 12:35:00"
IOP,0.0006006,"2018-01-13 12:40:00"
IOP,0.00060127,"2018-01-13 12:45:00"
IOP,0.000606,"2018-01-13 12:50:00"
IOP,0.000608,"2018-01-13 12:55:00"
IOP,0.000608,"2018-01-13 13:00:00"
IOP,0.00060679,"2018-01-13 13:05:00"
IOP,0.00061065,"2018-01-13 13:10:00"
IOP,0.00061,"2018-01-13 13:15:00"
IOP,0.00061,"2018-01-13 13:20:00"
IOP,0.00061942,"2018-01-13 13:25:00"
IOP,0.00061974,"2018-01-13 13:30:00"
IOP,0.00061244,"2018-01-13 13:35:00"
IOP,0.00061264,"2018-01-13 13:40:00"
IOP,0.00061271,"2018-01-13 13:45:00"
IOP,0.00061271,"2018-01-13 13:50:00"
IOP,0.00061271,"2018-01-13 13:55:00"
IOP,0.00061137,"2018-01-13 14:00:00"
IOP,0.0006068,"2018-01-13 14:05:00"
IOP,0.00061187,"2018-01-13 14:10:00"
IOP,0.000601,"2018-01-13 14:15:00"
IOP,0.0006018,"2018-01-13 14:20:00"
IOP,0.00060037,"2018-01-13 14:25:00"
IOP,0.0006001,"2018-01-13 14:30:00"
IOP,0.000601,"2018-01-13 14:35:00"
IOP,0.0006,"2018-01-13 14:40:00"
IOP,0.00059978,"2018-01-13 14:45:00"
IOP,0.00059978,"2018-01-13 14:50:00"
IOP,0.000593,"2018-01-13 14:55:00"
IOP,0.00059978,"2018-01-13 15:00:00"
IOP,0.0006018,"2018-01-13 15:05:00"
IOP,0.0006018,"2018-01-13 15:10:00"
IOP,0.00060351,"2018-01-13 15:15:00"
IOP,0.00061095,"2018-01-13 15:20:00"
IOP,0.00060502,"2018-01-13 15:25:00"
IOP,0.00060502,"2018-01-13 15:30:00"
IOP,0.000611,"2018-01-13 15:35:00"
IOP,0.00060505,"2018-01-13 15:40:00"
IOP,0.00060653,"2018-01-13 15:45:00"
IOP,0.00060653,"2018-01-13 15:50:00"
IOP,0.0006109,"2018-01-13 15:55:00"
IOP,0.000611,"2018-01-13 16:00:00"
IOP,0.000611,"2018-01-13 16:05:00"
IOP,0.00061176,"2018-01-13 16:10:00"
IOP,0.00061176,"2018-01-13 16:15:00"
IOP,0.00061188,"2018-01-13 16:20:00"
IOP,0.0006117,"2018-01-13 16:25:00"
IOP,0.000617,"2018-01-13 16:30:00"
IOP,0.0006117,"2018-01-13 16:35:00"
IOP,0.0006117,"2018-01-13 16:40:00"
IOP,0.0006117,"2018-01-13 16:45:00"
IOP,0.00061172,"2018-01-13 16:50:00"
IOP,0.00061171,"2018-01-13 16:55:00"
IOP,0.00061171,"2018-01-13 17:00:00"
IOP,0.0006155,"2018-01-13 17:05:00"
IOP,0.00061175,"2018-01-13 17:10:00"
IOP,0.00061171,"2018-01-13 17:15:00"
IOP,0.00061171,"2018-01-13 17:20:00"
IOP,0.00061225,"2018-01-13 17:25:00"
IOP,0.0006135,"2018-01-13 17:30:00"
IOP,0.00062098,"2018-01-13 17:35:00"
IOP,0.0006129,"2018-01-13 17:40:00"
IOP,0.00061509,"2018-01-13 17:45:00"
IOP,0.0006176,"2018-01-13 17:50:00"
IOP,0.000619,"2018-01-13 17:55:00"
IOP,0.000619,"2018-01-13 18:00:00"
IOP,0.000619,"2018-01-13 18:05:00"
IOP,0.00062407,"2018-01-13 18:10:00"
IOP,0.00062439,"2018-01-13 18:15:00"
IOP,0.00062555,"2018-01-13 18:20:00"
IOP,0.00062718,"2018-01-13 18:25:00"
IOP,0.000627,"2018-01-13 18:30:00"
IOP,0.00062718,"2018-01-13 18:35:00"
IOP,0.0006282,"2018-01-13 18:40:00"
IOP,0.0006271,"2018-01-13 18:45:00"
IOP,0.00062823,"2018-01-13 18:50:00"
IOP,0.0006274,"2018-01-13 18:55:00"
IOP,0.0006274,"2018-01-13 19:00:00"
IOP,0.00062994,"2018-01-13 19:05:00"
IOP,0.00062862,"2018-01-13 19:10:00"
IOP,0.00062862,"2018-01-13 19:15:00"
IOP,0.000634,"2018-01-13 19:20:00"
IOP,0.000635,"2018-01-13 19:25:00"
IOP,0.00063999,"2018-01-13 19:30:00"
IOP,0.00064121,"2018-01-13 19:35:00"
IOP,0.00064362,"2018-01-13 19:40:00"
IOP,0.00065,"2018-01-13 19:45:00"
IOP,0.0006489,"2018-01-13 19:50:00"
IOP,0.000648,"2018-01-13 19:55:00"
IOP,0.00064122,"2018-01-13 20:00:00"
IOP,0.00064125,"2018-01-13 20:05:00"
IOP,0.0006418,"2018-01-13 20:10:00"
IOP,0.000643,"2018-01-13 20:15:00"
IOP,0.000648,"2018-01-13 20:20:00"
IOP,0.00064169,"2018-01-13 20:25:00"
IOP,0.00064122,"2018-01-13 20:30:00"
IOP,0.00064123,"2018-01-13 20:35:00"
IOP,0.00064123,"2018-01-13 20:40:00"
IOP,0.000649,"2018-01-13 20:45:00"
IOP,0.000646,"2018-01-13 20:50:00"
IOP,0.000646,"2018-01-13 20:55:00"
IOP,0.00064201,"2018-01-13 21:00:00"
IOP,0.00064119,"2018-01-13 21:05:00"
IOP,0.0006412,"2018-01-13 21:10:00"
IOP,0.000646,"2018-01-13 21:15:00"
IOP,0.0006465,"2018-01-13 21:20:00"
IOP,0.00064624,"2018-01-13 21:25:00"
IOP,0.0006393,"2018-01-13 21:30:00"
IOP,0.00063,"2018-01-13 21:35:00"
IOP,0.00063307,"2018-01-13 21:40:00"
IOP,0.00063273,"2018-01-13 21:45:00"
IOP,0.00063273,"2018-01-13 21:50:00"
IOP,0.00062821,"2018-01-13 21:55:00"
IOP,0.0006285,"2018-01-13 22:00:00"
IOP,0.0006325,"2018-01-13 22:05:00"
IOP,0.0006285,"2018-01-13 22:10:00"
IOP,0.00063,"2018-01-13 22:15:00"
IOP,0.00063,"2018-01-13 22:20:00"
IOP,0.00063,"2018-01-13 22:25:00"
IOP,0.00063,"2018-01-13 22:30:00"
IOP,0.00063,"2018-01-13 22:35:00"
IOP,0.00063244,"2018-01-13 22:40:00"
IOP,0.00062803,"2018-01-13 22:45:00"
IOP,0.00061979,"2018-01-13 22:50:00"
IOP,0.00061979,"2018-01-13 22:55:00"
IOP,0.00062794,"2018-01-13 23:00:00"
IOP,0.00062098,"2018-01-13 23:05:00"
IOP,0.00062744,"2018-01-13 23:10:00"
IOP,0.00062744,"2018-01-13 23:15:00"
IOP,0.00062744,"2018-01-13 23:20:00"
IOP,0.0006275,"2018-01-13 23:25:00"
IOP,0.00063312,"2018-01-13 23:30:00"
IOP,0.00063265,"2018-01-13 23:35:00"
IOP,0.00063265,"2018-01-13 23:40:00"
IOP,0.00062465,"2018-01-13 23:45:00"
IOP,0.00062465,"2018-01-13 23:50:00"
IOP,0.0006275,"2018-01-13 23:55:00"
IOP,0.0006275,"2018-01-14 00:00:00"
IOP,0.0006275,"2018-01-14 00:05:00"
IOP,0.000627,"2018-01-14 00:10:00"
IOP,0.000627,"2018-01-14 00:15:00"
IOP,0.00062157,"2018-01-14 00:20:00"
IOP,0.0006382,"2018-01-14 00:25:00"
IOP,0.00064149,"2018-01-14 00:30:00"
IOP,0.00062902,"2018-01-14 00:35:00"
IOP,0.00063783,"2018-01-14 00:40:00"
IOP,0.00063783,"2018-01-14 00:45:00"
IOP,0.00063783,"2018-01-14 00:50:00"
IOP,0.0006399,"2018-01-14 00:55:00"
IOP,0.00063989,"2018-01-14 01:00:00"
IOP,0.00064148,"2018-01-14 01:05:00"
IOP,0.00063014,"2018-01-14 01:10:00"
IOP,0.00063073,"2018-01-14 01:15:00"
IOP,0.00063073,"2018-01-14 01:20:00"
IOP,0.00062594,"2018-01-14 01:25:00"
IOP,0.00062594,"2018-01-14 01:30:00"
IOP,0.00062597,"2018-01-14 01:35:00"
IOP,0.0006249,"2018-01-14 01:40:00"
IOP,0.00062472,"2018-01-14 01:45:00"
IOP,0.00062046,"2018-01-14 01:50:00"
IOP,0.00062046,"2018-01-14 01:55:00"
IOP,0.00062069,"2018-01-14 02:00:00"
IOP,0.00062067,"2018-01-14 02:05:00"
IOP,0.0006207,"2018-01-14 02:10:00"
IOP,0.00061591,"2018-01-14 02:15:00"
IOP,0.00061591,"2018-01-14 02:20:00"
IOP,0.00061526,"2018-01-14 02:25:00"
IOP,0.00062106,"2018-01-14 02:30:00"
IOP,0.00062108,"2018-01-14 02:35:00"
IOP,0.00062491,"2018-01-14 02:40:00"
IOP,0.00062448,"2018-01-14 02:45:00"
IOP,0.00062543,"2018-01-14 02:50:00"
IOP,0.000645,"2018-01-14 02:55:00"
IOP,0.00062711,"2018-01-14 03:00:00"
IOP,0.00061293,"2018-01-14 03:05:00"
IOP,0.00061584,"2018-01-14 03:10:00"
IOP,0.00061694,"2018-01-14 03:15:00"
IOP,0.00062203,"2018-01-14 03:20:00"
IOP,0.00062203,"2018-01-14 03:25:00"
IOP,0.0006224,"2018-01-14 03:30:00"
IOP,0.000628,"2018-01-14 03:35:00"
IOP,0.00062801,"2018-01-14 03:40:00"
IOP,0.00063002,"2018-01-14 03:45:00"
IOP,0.00062232,"2018-01-14 03:50:00"
IOP,0.00062232,"2018-01-14 03:55:00"
IOP,0.00063035,"2018-01-14 04:00:00"
IOP,0.00063036,"2018-01-14 04:05:00"
IOP,0.00063038,"2018-01-14 04:10:00"
IOP,0.00063036,"2018-01-14 04:15:00"
IOP,0.00063037,"2018-01-14 04:20:00"
IOP,0.00063037,"2018-01-14 04:25:00"
IOP,0.00063401,"2018-01-14 04:30:00"
IOP,0.00063402,"2018-01-14 04:35:00"
IOP,0.00063401,"2018-01-14 04:40:00"
IOP,0.000634,"2018-01-14 04:45:00"
IOP,0.00062455,"2018-01-14 04:50:00"
IOP,0.0006374,"2018-01-14 04:55:00"
IOP,0.0006354,"2018-01-14 05:00:00"
IOP,0.00063501,"2018-01-14 05:05:00"
IOP,0.00062635,"2018-01-14 05:10:00"
IOP,0.000625,"2018-01-14 05:15:00"
IOP,0.00063195,"2018-01-14 05:20:00"
IOP,0.000625,"2018-01-14 05:25:00"
IOP,0.000625,"2018-01-14 05:30:00"
IOP,0.000625,"2018-01-14 05:35:00"
IOP,0.000625,"2018-01-14 05:40:00"
IOP,0.000625,"2018-01-14 05:45:00"
IOP,0.000625,"2018-01-14 05:50:00"
IOP,0.00062503,"2018-01-14 05:55:00"
IOP,0.00063488,"2018-01-14 06:00:00"
IOP,0.00062765,"2018-01-14 06:05:00"
IOP,0.0006277,"2018-01-14 06:10:00"
IOP,0.00062787,"2018-01-14 06:15:00"
IOP,0.0006277,"2018-01-14 06:20:00"
IOP,0.00062778,"2018-01-14 06:25:00"
IOP,0.0006277,"2018-01-14 06:30:00"
IOP,0.0006277,"2018-01-14 06:35:00"
IOP,0.00063284,"2018-01-14 06:40:00"
IOP,0.0006278,"2018-01-14 06:45:00"
IOP,0.00062701,"2018-01-14 06:50:00"
IOP,0.000627,"2018-01-14 06:55:00"
IOP,0.000627,"2018-01-14 07:00:00"
IOP,0.000627,"2018-01-14 07:05:00"
IOP,0.00062659,"2018-01-14 07:10:00"
IOP,0.000625,"2018-01-14 07:15:00"
IOP,0.000625,"2018-01-14 07:20:00"
IOP,0.0006245,"2018-01-14 07:25:00"
IOP,0.0006245,"2018-01-14 07:30:00"
IOP,0.000625,"2018-01-14 07:35:00"
IOP,0.000625,"2018-01-14 07:40:00"
IOP,0.000625,"2018-01-14 07:45:00"
IOP,0.000625,"2018-01-14 07:50:00"
IOP,0.000625,"2018-01-14 07:55:00"
IOP,0.000627,"2018-01-14 08:00:00"
IOP,0.00062531,"2018-01-14 08:05:00"
IOP,0.000627,"2018-01-14 08:10:00"
IOP,0.00062451,"2018-01-14 08:15:00"
IOP,0.00062451,"2018-01-14 08:20:00"
IOP,0.00062451,"2018-01-14 08:25:00"
IOP,0.00062451,"2018-01-14 08:30:00"
IOP,0.0006245,"2018-01-14 08:35:00"
IOP,0.0006245,"2018-01-14 08:40:00"
IOP,0.0006278,"2018-01-14 08:45:00"
IOP,0.00062949,"2018-01-14 08:50:00"
IOP,0.00063349,"2018-01-14 08:55:00"
IOP,0.0006374,"2018-01-14 09:00:00"
IOP,0.00063598,"2018-01-14 09:05:00"
IOP,0.000634,"2018-01-14 09:10:00"
IOP,0.00063598,"2018-01-14 09:15:00"
IOP,0.00063598,"2018-01-14 09:20:00"
IOP,0.00063598,"2018-01-14 09:25:00"
IOP,0.00063598,"2018-01-14 09:30:00"
IOP,0.00064497,"2018-01-14 09:35:00"
IOP,0.000639,"2018-01-14 09:40:00"
IOP,0.00064471,"2018-01-14 09:45:00"
IOP,0.00063915,"2018-01-14 09:50:00"
IOP,0.00063912,"2018-01-14 09:55:00"
IOP,0.00063912,"2018-01-14 10:00:00"
IOP,0.00064495,"2018-01-14 10:05:00"
IOP,0.00064,"2018-01-14 10:10:00"
IOP,0.000639,"2018-01-14 10:15:00"
IOP,0.0006301,"2018-01-14 10:20:00"
IOP,0.00063114,"2018-01-14 10:25:00"
IOP,0.00064,"2018-01-14 10:30:00"
IOP,0.00063999,"2018-01-14 10:35:00"
IOP,0.00063999,"2018-01-14 10:40:00"
IOP,0.00064,"2018-01-14 10:45:00"
IOP,0.00064519,"2018-01-14 10:50:00"
IOP,0.00064519,"2018-01-14 10:55:00"
IOP,0.0006452,"2018-01-14 11:00:00"
IOP,0.0006455,"2018-01-14 11:05:00"
IOP,0.000646,"2018-01-14 11:10:00"
IOP,0.0006475,"2018-01-14 11:15:00"
IOP,0.00064747,"2018-01-14 11:20:00"
IOP,0.0006485,"2018-01-14 11:25:00"
IOP,0.00064899,"2018-01-14 11:30:00"
IOP,0.00064,"2018-01-14 11:35:00"
IOP,0.00064452,"2018-01-14 11:40:00"
IOP,0.0006369,"2018-01-14 11:45:00"
IOP,0.0006425,"2018-01-14 11:50:00"
IOP,0.00063687,"2018-01-14 11:55:00"
IOP,0.0006319,"2018-01-14 12:00:00"
IOP,0.0006367,"2018-01-14 12:05:00"
IOP,0.00063669,"2018-01-14 12:10:00"
IOP,0.000636,"2018-01-14 12:15:00"
IOP,0.00063001,"2018-01-14 12:20:00"
IOP,0.00063598,"2018-01-14 12:25:00"
IOP,0.00062507,"2018-01-14 12:30:00"
IOP,0.00064125,"2018-01-14 12:35:00"
IOP,0.00063703,"2018-01-14 12:40:00"
IOP,0.00063748,"2018-01-14 12:45:00"
IOP,0.00062964,"2018-01-14 12:50:00"
IOP,0.00063021,"2018-01-14 12:55:00"
IOP,0.00063021,"2018-01-14 13:00:00"
IOP,0.00062717,"2018-01-14 13:05:00"
IOP,0.00063626,"2018-01-14 13:10:00"
IOP,0.00062721,"2018-01-14 13:15:00"
IOP,0.00063629,"2018-01-14 13:20:00"
IOP,0.00063574,"2018-01-14 13:25:00"
IOP,0.00063606,"2018-01-14 13:30:00"
IOP,0.00063553,"2018-01-14 13:35:00"
IOP,0.0006318,"2018-01-14 13:40:00"
IOP,0.00063001,"2018-01-14 13:45:00"
IOP,0.00063,"2018-01-14 13:50:00"
IOP,0.00063182,"2018-01-14 13:55:00"
IOP,0.00063182,"2018-01-14 14:00:00"
IOP,0.00063182,"2018-01-14 14:05:00"
IOP,0.00063149,"2018-01-14 14:10:00"
IOP,0.00063149,"2018-01-14 14:15:00"
IOP,0.0006315,"2018-01-14 14:20:00"
IOP,0.00063969,"2018-01-14 14:25:00"
IOP,0.00064,"2018-01-14 14:30:00"
IOP,0.00064,"2018-01-14 14:35:00"
IOP,0.00063153,"2018-01-14 14:40:00"
IOP,0.000632,"2018-01-14 14:45:00"
IOP,0.000632,"2018-01-14 14:50:00"
IOP,0.00063199,"2018-01-14 14:55:00"
IOP,0.00064251,"2018-01-14 15:00:00"
IOP,0.00064201,"2018-01-14 15:05:00"
IOP,0.0006347,"2018-01-14 15:10:00"
IOP,0.00064251,"2018-01-14 15:15:00"
IOP,0.00064272,"2018-01-14 15:20:00"
IOP,0.00063662,"2018-01-14 15:25:00"
IOP,0.00064272,"2018-01-14 15:30:00"
IOP,0.00064272,"2018-01-14 15:35:00"
IOP,0.00064799,"2018-01-14 15:40:00"
IOP,0.000645,"2018-01-14 15:45:00"
IOP,0.00065,"2018-01-14 15:50:00"
IOP,0.00065,"2018-01-14 15:55:00"
IOP,0.00064999,"2018-01-14 16:00:00"
IOP,0.00064003,"2018-01-14 16:05:00"
IOP,0.00065101,"2018-01-14 16:10:00"
IOP,0.00065037,"2018-01-14 16:15:00"
IOP,0.00064701,"2018-01-14 16:20:00"
IOP,0.00064732,"2018-01-14 16:25:00"
IOP,0.00064721,"2018-01-14 16:30:00"
IOP,0.00064739,"2018-01-14 16:35:00"
IOP,0.00065138,"2018-01-14 16:40:00"
IOP,0.00065366,"2018-01-14 16:45:00"
IOP,0.00065442,"2018-01-14 16:50:00"
IOP,0.00065499,"2018-01-14 16:55:00"
IOP,0.00065599,"2018-01-14 17:00:00"
IOP,0.000658,"2018-01-14 17:05:00"
IOP,0.00066,"2018-01-14 17:10:00"
IOP,0.00066386,"2018-01-14 17:15:00"
IOP,0.000667,"2018-01-14 17:20:00"
IOP,0.00067048,"2018-01-14 17:25:00"
IOP,0.00067,"2018-01-14 17:30:00"
IOP,0.00068003,"2018-01-14 17:35:00"
IOP,0.00069046,"2018-01-14 17:40:00"
IOP,0.00069341,"2018-01-14 17:45:00"
IOP,0.00068851,"2018-01-14 17:50:00"
IOP,0.0006803,"2018-01-14 17:55:00"
IOP,0.0006874,"2018-01-14 18:00:00"
IOP,0.00068,"2018-01-14 18:05:00"
IOP,0.00068241,"2018-01-14 18:10:00"
IOP,0.0006767,"2018-01-14 18:15:00"
IOP,0.00066505,"2018-01-14 18:20:00"
IOP,0.00066103,"2018-01-14 18:25:00"
IOP,0.000664,"2018-01-14 18:30:00"
IOP,0.00067008,"2018-01-14 18:35:00"
IOP,0.00066008,"2018-01-14 18:40:00"
IOP,0.00065664,"2018-01-14 18:45:00"
IOP,0.00066933,"2018-01-14 18:50:00"
IOP,0.00066874,"2018-01-14 18:55:00"
IOP,0.0006605,"2018-01-14 19:00:00"
IOP,0.00066799,"2018-01-14 19:05:00"
IOP,0.000668,"2018-01-14 19:10:00"
IOP,0.000661,"2018-01-14 19:15:00"
IOP,0.0006605,"2018-01-14 19:20:00"
IOP,0.00065678,"2018-01-14 19:25:00"
IOP,0.00066577,"2018-01-14 19:30:00"
IOP,0.0006999,"2018-01-14 19:35:00"
IOP,0.00067278,"2018-01-14 19:40:00"
IOP,0.00067521,"2018-01-14 19:45:00"
IOP,0.00068487,"2018-01-14 19:50:00"
IOP,0.00067725,"2018-01-14 19:55:00"
IOP,0.00065516,"2018-01-14 20:00:00"
IOP,0.0006726,"2018-01-14 20:05:00"
IOP,0.00066,"2018-01-14 20:10:00"
IOP,0.00066021,"2018-01-14 20:15:00"
IOP,0.00068438,"2018-01-14 20:20:00"
IOP,0.00068127,"2018-01-14 20:25:00"
IOP,0.0006732,"2018-01-14 20:30:00"
IOP,0.00066189,"2018-01-14 20:35:00"
IOP,0.00066986,"2018-01-14 20:40:00"
IOP,0.000667,"2018-01-14 20:45:00"
IOP,0.00066021,"2018-01-14 20:50:00"
IOP,0.000658,"2018-01-14 20:55:00"
IOP,0.000657,"2018-01-14 21:00:00"
IOP,0.000656,"2018-01-14 21:05:00"
IOP,0.000656,"2018-01-14 21:10:00"
IOP,0.00065605,"2018-01-14 21:15:00"
IOP,0.00066023,"2018-01-14 21:20:00"
IOP,0.00066643,"2018-01-14 21:25:00"
IOP,0.00065804,"2018-01-14 21:30:00"
IOP,0.00065857,"2018-01-14 21:35:00"
IOP,0.00065601,"2018-01-14 21:40:00"
IOP,0.00065366,"2018-01-14 21:45:00"
IOP,0.000643,"2018-01-14 21:50:00"
IOP,0.00065094,"2018-01-14 21:55:00"
IOP,0.00064301,"2018-01-14 22:00:00"
IOP,0.00065426,"2018-01-14 22:05:00"
IOP,0.00066,"2018-01-14 22:10:00"
IOP,0.00066198,"2018-01-14 22:15:00"
IOP,0.00066147,"2018-01-14 22:20:00"
IOP,0.00066147,"2018-01-14 22:25:00"
IOP,0.00066149,"2018-01-14 22:30:00"
IOP,0.00066147,"2018-01-14 22:35:00"
IOP,0.00065078,"2018-01-14 22:40:00"
IOP,0.00065076,"2018-01-14 22:45:00"
IOP,0.00064555,"2018-01-14 22:50:00"
IOP,0.00065076,"2018-01-14 22:55:00"
IOP,0.00065076,"2018-01-14 23:00:00"
IOP,0.00066416,"2018-01-14 23:05:00"
IOP,0.0006639,"2018-01-14 23:10:00"
IOP,0.00065035,"2018-01-14 23:15:00"
IOP,0.00064921,"2018-01-14 23:20:00"
IOP,0.0006493,"2018-01-14 23:25:00"
IOP,0.00064831,"2018-01-14 23:30:00"
IOP,0.00064807,"2018-01-14 23:35:00"
IOP,0.00064555,"2018-01-14 23:40:00"
IOP,0.00065,"2018-01-14 23:45:00"
IOP,0.0006617,"2018-01-14 23:50:00"
IOP,0.00065913,"2018-01-14 23:55:00"
IOP,0.00066387,"2018-01-15 00:00:00"
IOP,0.000661,"2018-01-15 00:05:00"
IOP,0.00065159,"2018-01-15 00:10:00"
IOP,0.00065899,"2018-01-15 00:15:00"
IOP,0.00064895,"2018-01-15 00:20:00"
IOP,0.0006502,"2018-01-15 00:25:00"
IOP,0.00064902,"2018-01-15 00:30:00"
IOP,0.00066,"2018-01-15 00:35:00"
IOP,0.00066478,"2018-01-15 00:40:00"
IOP,0.0006799,"2018-01-15 00:45:00"
IOP,0.0006775,"2018-01-15 00:50:00"
IOP,0.00068,"2018-01-15 00:55:00"
IOP,0.00068297,"2018-01-15 01:00:00"
IOP,0.000685,"2018-01-15 01:05:00"
IOP,0.00068974,"2018-01-15 01:10:00"
IOP,0.00068868,"2018-01-15 01:15:00"
IOP,0.00068796,"2018-01-15 01:20:00"
IOP,0.00068358,"2018-01-15 01:25:00"
IOP,0.00069,"2018-01-15 01:30:00"
IOP,0.00068436,"2018-01-15 01:35:00"
IOP,0.00068364,"2018-01-15 01:40:00"
IOP,0.00068304,"2018-01-15 01:45:00"
IOP,0.00068297,"2018-01-15 01:50:00"
IOP,0.00068297,"2018-01-15 01:55:00"
IOP,0.00068651,"2018-01-15 02:00:00"
IOP,0.000683,"2018-01-15 02:05:00"
IOP,0.00065355,"2018-01-15 02:10:00"
IOP,0.00066938,"2018-01-15 02:15:00"
IOP,0.00066994,"2018-01-15 02:20:00"
IOP,0.00065999,"2018-01-15 02:25:00"
IOP,0.00065998,"2018-01-15 02:30:00"
IOP,0.00066662,"2018-01-15 02:35:00"
IOP,0.00066982,"2018-01-15 02:40:00"
IOP,0.00066894,"2018-01-15 02:45:00"
IOP,0.00065052,"2018-01-15 02:50:00"
IOP,0.00066399,"2018-01-15 02:55:00"
IOP,0.00066399,"2018-01-15 03:00:00"
IOP,0.00066395,"2018-01-15 03:05:00"
IOP,0.000664,"2018-01-15 03:10:00"
IOP,0.00066401,"2018-01-15 03:15:00"
IOP,0.00066894,"2018-01-15 03:20:00"
IOP,0.00066894,"2018-01-15 03:25:00"
IOP,0.00066894,"2018-01-15 03:30:00"
IOP,0.00065494,"2018-01-15 03:35:00"
IOP,0.00065084,"2018-01-15 03:40:00"
IOP,0.00065086,"2018-01-15 03:45:00"
IOP,0.00065087,"2018-01-15 03:50:00"
IOP,0.00065036,"2018-01-15 03:55:00"
IOP,0.00065522,"2018-01-15 04:00:00"
IOP,0.00065238,"2018-01-15 04:05:00"
IOP,0.000653,"2018-01-15 04:10:00"
IOP,0.0006455,"2018-01-15 04:15:00"
IOP,0.0006455,"2018-01-15 04:20:00"
IOP,0.00064551,"2018-01-15 04:25:00"
IOP,0.00065385,"2018-01-15 04:30:00"
IOP,0.00064701,"2018-01-15 04:35:00"
IOP,0.00064701,"2018-01-15 04:40:00"
IOP,0.000647,"2018-01-15 04:45:00"
IOP,0.000647,"2018-01-15 04:50:00"
IOP,0.00065392,"2018-01-15 04:55:00"
IOP,0.00064727,"2018-01-15 05:00:00"
IOP,0.00065394,"2018-01-15 05:05:00"
IOP,0.000649,"2018-01-15 05:10:00"
IOP,0.00065,"2018-01-15 05:15:00"
IOP,0.00065293,"2018-01-15 05:20:00"
IOP,0.00065,"2018-01-15 05:25:00"
IOP,0.00066706,"2018-01-15 05:30:00"
IOP,0.00066,"2018-01-15 05:35:00"
IOP,0.00066882,"2018-01-15 05:40:00"
IOP,0.00067,"2018-01-15 05:45:00"
IOP,0.00065061,"2018-01-15 05:50:00"
IOP,0.0006662,"2018-01-15 05:55:00"
IOP,0.00066553,"2018-01-15 06:00:00"
IOP,0.00068025,"2018-01-15 06:05:00"
IOP,0.00067155,"2018-01-15 06:10:00"
IOP,0.00068286,"2018-01-15 06:15:00"
IOP,0.000688,"2018-01-15 06:20:00"
IOP,0.00069,"2018-01-15 06:25:00"
IOP,0.00069294,"2018-01-15 06:30:00"
IOP,0.00069824,"2018-01-15 06:35:00"
IOP,0.00069824,"2018-01-15 06:40:00"
IOP,0.00069687,"2018-01-15 06:45:00"
IOP,0.00069818,"2018-01-15 06:50:00"
IOP,0.0006992,"2018-01-15 06:55:00"
IOP,0.00070998,"2018-01-15 07:00:00"
IOP,0.00070005,"2018-01-15 07:05:00"
IOP,0.00069035,"2018-01-15 07:10:00"
IOP,0.00069042,"2018-01-15 07:15:00"
IOP,0.00069509,"2018-01-15 07:20:00"
IOP,0.0006904,"2018-01-15 07:25:00"
IOP,0.00069,"2018-01-15 07:30:00"
IOP,0.00069,"2018-01-15 07:35:00"
IOP,0.00069273,"2018-01-15 07:40:00"
IOP,0.00069,"2018-01-15 07:45:00"
IOP,0.00069273,"2018-01-15 07:50:00"
IOP,0.00069273,"2018-01-15 07:55:00"
IOP,0.00069273,"2018-01-15 08:00:00"
IOP,0.000695,"2018-01-15 08:05:00"
IOP,0.00069,"2018-01-15 08:10:00"
IOP,0.0006949,"2018-01-15 08:15:00"
IOP,0.000695,"2018-01-15 08:20:00"
IOP,0.000695,"2018-01-15 08:25:00"
IOP,0.000697,"2018-01-15 08:30:00"
IOP,0.00069501,"2018-01-15 08:35:00"
IOP,0.00069501,"2018-01-15 08:40:00"
IOP,0.00071075,"2018-01-15 08:45:00"
IOP,0.00071115,"2018-01-15 08:50:00"
IOP,0.00071147,"2018-01-15 08:55:00"
IOP,0.00070007,"2018-01-15 09:00:00"
IOP,0.00069502,"2018-01-15 09:05:00"
IOP,0.00070792,"2018-01-15 09:10:00"
IOP,0.00069499,"2018-01-15 09:15:00"
IOP,0.00069499,"2018-01-15 09:20:00"
IOP,0.00069801,"2018-01-15 09:25:00"
IOP,0.00069801,"2018-01-15 09:30:00"
IOP,0.00069801,"2018-01-15 09:35:00"
IOP,0.00069081,"2018-01-15 09:40:00"
IOP,0.00070001,"2018-01-15 09:45:00"
IOP,0.00070827,"2018-01-15 09:50:00"
IOP,0.00070801,"2018-01-15 09:55:00"
IOP,0.00071116,"2018-01-15 10:00:00"
IOP,0.0007112,"2018-01-15 10:05:00"
IOP,0.00071186,"2018-01-15 10:10:00"
IOP,0.00071221,"2018-01-15 10:15:00"
IOP,0.000712,"2018-01-15 10:20:00"
IOP,0.00071201,"2018-01-15 10:25:00"
IOP,0.00071221,"2018-01-15 10:30:00"
IOP,0.00070003,"2018-01-15 10:35:00"
IOP,0.00070051,"2018-01-15 10:40:00"
IOP,0.00070166,"2018-01-15 10:45:00"
IOP,0.00070001,"2018-01-15 10:50:00"
IOP,0.00069097,"2018-01-15 10:55:00"
IOP,0.00070166,"2018-01-15 11:00:00"
IOP,0.00070433,"2018-01-15 11:05:00"
IOP,0.00070301,"2018-01-15 11:10:00"
IOP,0.00070302,"2018-01-15 11:15:00"
IOP,0.00071,"2018-01-15 11:20:00"
IOP,0.00071,"2018-01-15 11:25:00"
IOP,0.00071,"2018-01-15 11:30:00"
IOP,0.000702,"2018-01-15 11:35:00"
IOP,0.00070999,"2018-01-15 11:40:00"
IOP,0.000704,"2018-01-15 11:45:00"
IOP,0.00071218,"2018-01-15 11:50:00"
IOP,0.00070408,"2018-01-15 11:55:00"
IOP,0.000704,"2018-01-15 12:00:00"
IOP,0.00071204,"2018-01-15 12:05:00"
IOP,0.00071219,"2018-01-15 12:10:00"
IOP,0.00071219,"2018-01-15 12:15:00"
IOP,0.00071257,"2018-01-15 12:20:00"
IOP,0.000705,"2018-01-15 12:25:00"
IOP,0.00071257,"2018-01-15 12:30:00"
IOP,0.00071257,"2018-01-15 12:35:00"
IOP,0.00071328,"2018-01-15 12:40:00"
IOP,0.0007165,"2018-01-15 12:45:00"
IOP,0.00071598,"2018-01-15 12:50:00"
IOP,0.00072,"2018-01-15 12:55:00"
IOP,0.0007245,"2018-01-15 13:00:00"
IOP,0.000732,"2018-01-15 13:05:00"
IOP,0.00074427,"2018-01-15 13:10:00"
IOP,0.00073965,"2018-01-15 13:15:00"
IOP,0.00074806,"2018-01-15 13:20:00"
IOP,0.00074795,"2018-01-15 13:25:00"
IOP,0.0007221,"2018-01-15 13:30:00"
IOP,0.000731,"2018-01-15 13:35:00"
IOP,0.000737,"2018-01-15 13:40:00"
IOP,0.00073099,"2018-01-15 13:45:00"
IOP,0.00073999,"2018-01-15 13:50:00"
IOP,0.0007315,"2018-01-15 13:55:00"
IOP,0.00071323,"2018-01-15 14:00:00"
IOP,0.000691,"2018-01-15 14:05:00"
IOP,0.00069106,"2018-01-15 14:10:00"
IOP,0.00068145,"2018-01-15 14:15:00"
IOP,0.00070556,"2018-01-15 14:20:00"
IOP,0.00071,"2018-01-15 14:25:00"
IOP,0.00072977,"2018-01-15 14:30:00"
IOP,0.00070572,"2018-01-15 14:35:00"
IOP,0.00069505,"2018-01-15 14:40:00"
IOP,0.000675,"2018-01-15 14:45:00"
IOP,0.000702,"2018-01-15 14:50:00"
IOP,0.0006983,"2018-01-15 14:55:00"
IOP,0.00067939,"2018-01-15 15:00:00"
IOP,0.00067894,"2018-01-15 15:05:00"
IOP,0.00067643,"2018-01-15 15:10:00"
IOP,0.000665,"2018-01-15 15:15:00"
IOP,0.000649,"2018-01-15 15:20:00"
IOP,0.00066899,"2018-01-15 15:25:00"
IOP,0.00065508,"2018-01-15 15:30:00"
IOP,0.000646,"2018-01-15 15:35:00"
IOP,0.00065891,"2018-01-15 15:40:00"
IOP,0.0006485,"2018-01-15 15:45:00"
IOP,0.0006585,"2018-01-15 15:50:00"
IOP,0.00066897,"2018-01-15 15:55:00"
IOP,0.000657,"2018-01-15 16:00:00"
IOP,0.00066366,"2018-01-15 16:05:00"
IOP,0.00066108,"2018-01-15 16:10:00"
IOP,0.00067,"2018-01-15 16:15:00"
IOP,0.00067551,"2018-01-15 16:20:00"
IOP,0.00067302,"2018-01-15 16:25:00"
IOP,0.00066983,"2018-01-15 16:30:00"
IOP,0.00065568,"2018-01-15 16:35:00"
IOP,0.00066473,"2018-01-15 16:40:00"
IOP,0.00066862,"2018-01-15 16:45:00"
IOP,0.0006651,"2018-01-15 16:50:00"
IOP,0.00066672,"2018-01-15 16:55:00"
IOP,0.00066473,"2018-01-15 17:00:00"
IOP,0.0006651,"2018-01-15 17:05:00"
IOP,0.00067037,"2018-01-15 17:10:00"
IOP,0.0006701,"2018-01-15 17:15:00"
IOP,0.0006778,"2018-01-15 17:20:00"
IOP,0.00067375,"2018-01-15 17:25:00"
IOP,0.00067835,"2018-01-15 17:30:00"
IOP,0.00067839,"2018-01-15 17:35:00"
IOP,0.0006785,"2018-01-15 17:40:00"
IOP,0.0006785,"2018-01-15 17:45:00"
IOP,0.00067984,"2018-01-15 17:50:00"
IOP,0.00067268,"2018-01-15 17:55:00"
IOP,0.00066899,"2018-01-15 18:00:00"
IOP,0.0006651,"2018-01-15 18:05:00"
IOP,0.00066879,"2018-01-15 18:10:00"
IOP,0.00066879,"2018-01-15 18:15:00"
IOP,0.000678,"2018-01-15 18:20:00"
IOP,0.00067693,"2018-01-15 18:25:00"
IOP,0.00066731,"2018-01-15 18:30:00"
IOP,0.000678,"2018-01-15 18:35:00"
IOP,0.00067877,"2018-01-15 18:40:00"
IOP,0.00067799,"2018-01-15 18:45:00"
IOP,0.00066824,"2018-01-15 18:50:00"
IOP,0.00066824,"2018-01-15 18:55:00"
IOP,0.00066731,"2018-01-15 19:00:00"
IOP,0.00065639,"2018-01-15 19:05:00"
IOP,0.00065865,"2018-01-15 19:10:00"
IOP,0.00065865,"2018-01-15 19:15:00"
IOP,0.000657,"2018-01-15 19:20:00"
IOP,0.00065598,"2018-01-15 19:25:00"
IOP,0.00065596,"2018-01-15 19:30:00"
IOP,0.00064662,"2018-01-15 19:35:00"
IOP,0.00064662,"2018-01-15 19:40:00"
IOP,0.00064662,"2018-01-15 19:45:00"
IOP,0.000646,"2018-01-15 19:50:00"
IOP,0.00064628,"2018-01-15 19:55:00"
IOP,0.0006525,"2018-01-15 20:00:00"
IOP,0.00065568,"2018-01-15 20:05:00"
IOP,0.00064429,"2018-01-15 20:10:00"
IOP,0.00065075,"2018-01-15 20:15:00"
IOP,0.00064533,"2018-01-15 20:20:00"
IOP,0.00064624,"2018-01-15 20:25:00"
IOP,0.00064427,"2018-01-15 20:30:00"
IOP,0.00064,"2018-01-15 20:35:00"
IOP,0.00063699,"2018-01-15 20:40:00"
IOP,0.00063574,"2018-01-15 20:45:00"
IOP,0.00064,"2018-01-15 20:50:00"
IOP,0.00065041,"2018-01-15 20:55:00"
IOP,0.0006515,"2018-01-15 21:00:00"
IOP,0.00063679,"2018-01-15 21:05:00"
IOP,0.00063997,"2018-01-15 21:10:00"
IOP,0.00063532,"2018-01-15 21:15:00"
IOP,0.000638,"2018-01-15 21:20:00"
IOP,0.00063997,"2018-01-15 21:25:00"
IOP,0.00064,"2018-01-15 21:30:00"
IOP,0.00063205,"2018-01-15 21:35:00"
IOP,0.00063424,"2018-01-15 21:40:00"
IOP,0.00062698,"2018-01-15 21:45:00"
IOP,0.00062868,"2018-01-15 21:50:00"
IOP,0.00062854,"2018-01-15 21:55:00"
IOP,0.00062891,"2018-01-15 22:00:00"
IOP,0.00062891,"2018-01-15 22:05:00"
IOP,0.00062283,"2018-01-15 22:10:00"
IOP,0.00062991,"2018-01-15 22:15:00"
IOP,0.00062292,"2018-01-15 22:20:00"
IOP,0.00063,"2018-01-15 22:25:00"
IOP,0.00062368,"2018-01-15 22:30:00"
IOP,0.00062368,"2018-01-15 22:35:00"
IOP,0.00062987,"2018-01-15 22:40:00"
IOP,0.00062999,"2018-01-15 22:45:00"
IOP,0.000633,"2018-01-15 22:50:00"
IOP,0.00063299,"2018-01-15 22:55:00"
IOP,0.00063299,"2018-01-15 23:00:00"
IOP,0.000625,"2018-01-15 23:05:00"
IOP,0.00062985,"2018-01-15 23:10:00"
IOP,0.00062986,"2018-01-15 23:15:00"
IOP,0.00062986,"2018-01-15 23:20:00"
IOP,0.0006245,"2018-01-15 23:25:00"
IOP,0.0006245,"2018-01-15 23:30:00"
IOP,0.00061706,"2018-01-15 23:35:00"
IOP,0.00061993,"2018-01-15 23:40:00"
IOP,0.00061702,"2018-01-15 23:45:00"
IOP,0.00062934,"2018-01-15 23:50:00"
IOP,0.00061999,"2018-01-15 23:55:00"
IOP,0.00061683,"2018-01-16 00:00:00"
IOP,0.00061596,"2018-01-16 00:05:00"
IOP,0.00062,"2018-01-16 00:10:00"
IOP,0.00062196,"2018-01-16 00:15:00"
IOP,0.00059948,"2018-01-16 00:20:00"
IOP,0.0006,"2018-01-16 00:25:00"
IOP,0.0006,"2018-01-16 00:30:00"
IOP,0.00059998,"2018-01-16 00:35:00"
IOP,0.0006,"2018-01-16 00:40:00"
IOP,0.00059824,"2018-01-16 00:45:00"
IOP,0.00059615,"2018-01-16 00:50:00"
IOP,0.00058787,"2018-01-16 00:55:00"
IOP,0.00059215,"2018-01-16 01:00:00"
IOP,0.00059215,"2018-01-16 01:05:00"
IOP,0.00058786,"2018-01-16 01:10:00"
IOP,0.00058398,"2018-01-16 01:15:00"
IOP,0.00057108,"2018-01-16 01:20:00"
IOP,0.00058548,"2018-01-16 01:25:00"
IOP,0.00058498,"2018-01-16 01:30:00"
IOP,0.00057501,"2018-01-16 01:35:00"
IOP,0.0005786,"2018-01-16 01:40:00"
IOP,0.00058385,"2018-01-16 01:45:00"
IOP,0.00057861,"2018-01-16 01:50:00"
IOP,0.00057861,"2018-01-16 01:55:00"
IOP,0.0005879,"2018-01-16 02:00:00"
IOP,0.0006,"2018-01-16 02:05:00"
IOP,0.00059987,"2018-01-16 02:10:00"
IOP,0.00060312,"2018-01-16 02:15:00"
IOP,0.00060988,"2018-01-16 02:20:00"
IOP,0.00062669,"2018-01-16 02:25:00"
IOP,0.00062915,"2018-01-16 02:30:00"
IOP,0.00062,"2018-01-16 02:35:00"
IOP,0.00061881,"2018-01-16 02:40:00"
IOP,0.00062426,"2018-01-16 02:45:00"
IOP,0.0006092,"2018-01-16 02:50:00"
IOP,0.00060789,"2018-01-16 02:55:00"
IOP,0.00060624,"2018-01-16 03:00:00"
IOP,0.0006018,"2018-01-16 03:05:00"
IOP,0.0006165,"2018-01-16 03:10:00"
IOP,0.000609,"2018-01-16 03:15:00"
IOP,0.00061599,"2018-01-16 03:20:00"
IOP,0.00061025,"2018-01-16 03:25:00"
IOP,0.00061024,"2018-01-16 03:30:00"
IOP,0.000602,"2018-01-16 03:35:00"
IOP,0.00060257,"2018-01-16 03:40:00"
IOP,0.00061187,"2018-01-16 03:45:00"
IOP,0.00061123,"2018-01-16 03:50:00"
IOP,0.00060254,"2018-01-16 03:55:00"
IOP,0.0006005,"2018-01-16 04:00:00"
IOP,0.0006005,"2018-01-16 04:05:00"
IOP,0.00060101,"2018-01-16 04:10:00"
IOP,0.00060099,"2018-01-16 04:15:00"
IOP,0.00059986,"2018-01-16 04:20:00"
IOP,0.00059976,"2018-01-16 04:25:00"
IOP,0.00059954,"2018-01-16 04:30:00"
IOP,0.00058764,"2018-01-16 04:35:00"
IOP,0.00058778,"2018-01-16 04:40:00"
IOP,0.00060576,"2018-01-16 04:45:00"
IOP,0.00061056,"2018-01-16 04:50:00"
IOP,0.00061056,"2018-01-16 04:55:00"
IOP,0.00061931,"2018-01-16 05:00:00"
IOP,0.00061051,"2018-01-16 05:05:00"
IOP,0.00061001,"2018-01-16 05:10:00"
IOP,0.0006113,"2018-01-16 05:15:00"
IOP,0.00062,"2018-01-16 05:20:00"
IOP,0.00061053,"2018-01-16 05:25:00"
IOP,0.00061843,"2018-01-16 05:30:00"
IOP,0.00061063,"2018-01-16 05:35:00"
IOP,0.00061791,"2018-01-16 05:40:00"
IOP,0.00061791,"2018-01-16 05:45:00"
IOP,0.00061791,"2018-01-16 05:50:00"
IOP,0.00061188,"2018-01-16 05:55:00"
IOP,0.00061136,"2018-01-16 06:00:00"
IOP,0.00060318,"2018-01-16 06:05:00"
IOP,0.00060335,"2018-01-16 06:10:00"
IOP,0.00060157,"2018-01-16 06:15:00"
IOP,0.000606,"2018-01-16 06:20:00"
IOP,0.000606,"2018-01-16 06:25:00"
IOP,0.00060499,"2018-01-16 06:30:00"
IOP,0.0006016,"2018-01-16 06:35:00"
IOP,0.00060154,"2018-01-16 06:40:00"
IOP,0.0006015,"2018-01-16 06:45:00"
IOP,0.00061712,"2018-01-16 06:50:00"
IOP,0.00061721,"2018-01-16 06:55:00"
IOP,0.00062275,"2018-01-16 07:00:00"
IOP,0.0006075,"2018-01-16 07:05:00"
IOP,0.00060897,"2018-01-16 07:10:00"
IOP,0.00060897,"2018-01-16 07:15:00"
IOP,0.00061452,"2018-01-16 07:20:00"
IOP,0.00061786,"2018-01-16 07:25:00"
IOP,0.00062425,"2018-01-16 07:30:00"
IOP,0.00061638,"2018-01-16 07:35:00"
IOP,0.00062497,"2018-01-16 07:40:00"
IOP,0.00062499,"2018-01-16 07:45:00"
IOP,0.000624,"2018-01-16 07:50:00"
IOP,0.00061507,"2018-01-16 07:55:00"
IOP,0.0006195,"2018-01-16 08:00:00"
IOP,0.000614,"2018-01-16 08:05:00"
IOP,0.000608,"2018-01-16 08:10:00"
IOP,0.000608,"2018-01-16 08:15:00"
IOP,0.00060153,"2018-01-16 08:20:00"
IOP,0.00060155,"2018-01-16 08:25:00"
IOP,0.0006015,"2018-01-16 08:30:00"
IOP,0.0006015,"2018-01-16 08:35:00"
IOP,0.0006015,"2018-01-16 08:40:00"
IOP,0.00059004,"2018-01-16 08:45:00"
IOP,0.00059006,"2018-01-16 08:50:00"
IOP,0.00060542,"2018-01-16 08:55:00"
IOP,0.00060003,"2018-01-16 09:00:00"
IOP,0.00060003,"2018-01-16 09:05:00"
IOP,0.00058503,"2018-01-16 09:10:00"
IOP,0.00058012,"2018-01-16 09:15:00"
IOP,0.00056509,"2018-01-16 09:20:00"
IOP,0.00056123,"2018-01-16 09:25:00"
IOP,0.0005645,"2018-01-16 09:30:00"
IOP,0.00056,"2018-01-16 09:35:00"
IOP,0.00055507,"2018-01-16 09:40:00"
IOP,0.00055,"2018-01-16 09:45:00"
IOP,0.00055275,"2018-01-16 09:50:00"
IOP,0.00055637,"2018-01-16 09:55:00"
IOP,0.00054503,"2018-01-16 10:05:00"
IOP,0.0005394,"2018-01-16 10:10:00"
IOP,0.00053941,"2018-01-16 10:15:00"
IOP,0.00055081,"2018-01-16 10:20:00"
IOP,0.000546,"2018-01-16 10:25:00"
IOP,0.00055783,"2018-01-16 10:30:00"
IOP,0.00055775,"2018-01-16 10:35:00"
IOP,0.00055,"2018-01-16 10:40:00"
IOP,0.00054601,"2018-01-16 10:45:00"
IOP,0.000545,"2018-01-16 10:50:00"
IOP,0.00053999,"2018-01-16 10:55:00"
IOP,0.00054597,"2018-01-16 11:00:00"
IOP,0.00053891,"2018-01-16 11:05:00"
IOP,0.00053626,"2018-01-16 11:10:00"
IOP,0.000535,"2018-01-16 11:15:00"
IOP,0.0005386,"2018-01-16 11:20:00"
IOP,0.00054574,"2018-01-16 11:25:00"
IOP,0.00054536,"2018-01-16 11:30:00"
IOP,0.00054598,"2018-01-16 11:35:00"
IOP,0.0005475,"2018-01-16 11:40:00"
IOP,0.000557,"2018-01-16 11:45:00"
IOP,0.000548,"2018-01-16 11:50:00"
IOP,0.00055595,"2018-01-16 11:55:00"
IOP,0.00056121,"2018-01-16 12:00:00"
IOP,0.00056795,"2018-01-16 12:05:00"
IOP,0.000574,"2018-01-16 12:10:00"
IOP,0.00058115,"2018-01-16 12:15:00"
IOP,0.00058011,"2018-01-16 12:20:00"
IOP,0.00059173,"2018-01-16 12:25:00"
IOP,0.000587,"2018-01-16 12:30:00"
IOP,0.0005746,"2018-01-16 12:35:00"
IOP,0.000576,"2018-01-16 12:40:00"
IOP,0.00057623,"2018-01-16 12:45:00"
IOP,0.00057623,"2018-01-16 12:50:00"
IOP,0.0005895,"2018-01-16 12:55:00"
IOP,0.0005867,"2018-01-16 13:00:00"
IOP,0.0005867,"2018-01-16 13:05:00"
IOP,0.00058209,"2018-01-16 13:10:00"
IOP,0.00057399,"2018-01-16 13:15:00"
IOP,0.00057896,"2018-01-16 13:20:00"
IOP,0.00057149,"2018-01-16 13:25:00"
IOP,0.0006,"2018-01-16 13:30:00"
IOP,0.0005895,"2018-01-16 13:35:00"
IOP,0.00057733,"2018-01-16 13:40:00"
IOP,0.00057504,"2018-01-16 13:45:00"
IOP,0.000587,"2018-01-16 13:50:00"
IOP,0.00057605,"2018-01-16 13:55:00"
IOP,0.00057552,"2018-01-16 14:00:00"
IOP,0.00057601,"2018-01-16 14:05:00"
IOP,0.00058664,"2018-01-16 14:10:00"
IOP,0.0005866,"2018-01-16 14:15:00"
IOP,0.000576,"2018-01-16 14:20:00"
IOP,0.0005765,"2018-01-16 14:25:00"
IOP,0.00058393,"2018-01-16 14:30:00"
IOP,0.00057648,"2018-01-16 14:35:00"
IOP,0.000576,"2018-01-16 14:40:00"
IOP,0.00057648,"2018-01-16 14:45:00"
IOP,0.00057597,"2018-01-16 14:50:00"
IOP,0.00057598,"2018-01-16 14:55:00"
IOP,0.00057144,"2018-01-16 15:00:00"
IOP,0.00056864,"2018-01-16 15:05:00"
IOP,0.000565,"2018-01-16 15:10:00"
IOP,0.00056001,"2018-01-16 15:15:00"
IOP,0.00055858,"2018-01-16 15:20:00"
IOP,0.00055168,"2018-01-16 15:25:00"
IOP,0.00055852,"2018-01-16 15:30:00"
IOP,0.00056207,"2018-01-16 15:35:00"
IOP,0.00056375,"2018-01-16 15:40:00"
IOP,0.00056516,"2018-01-16 15:45:00"
IOP,0.00056516,"2018-01-16 15:50:00"
IOP,0.00057483,"2018-01-16 15:55:00"
IOP,0.00056973,"2018-01-16 16:00:00"
IOP,0.00056574,"2018-01-16 16:05:00"
IOP,0.00057159,"2018-01-16 16:10:00"
IOP,0.00056573,"2018-01-16 16:15:00"
IOP,0.00056574,"2018-01-16 16:20:00"
IOP,0.0005714,"2018-01-16 16:25:00"
IOP,0.0005714,"2018-01-16 16:30:00"
IOP,0.0005716,"2018-01-16 16:35:00"
IOP,0.0005716,"2018-01-16 16:40:00"
IOP,0.00057323,"2018-01-16 16:45:00"
IOP,0.00057323,"2018-01-16 16:50:00"
IOP,0.00057323,"2018-01-16 16:55:00"
IOP,0.00057,"2018-01-16 17:00:00"
IOP,0.00057,"2018-01-16 17:05:00"
IOP,0.00057244,"2018-01-16 17:10:00"
IOP,0.00057244,"2018-01-16 17:15:00"
IOP,0.00057323,"2018-01-16 17:20:00"
IOP,0.00057335,"2018-01-16 17:25:00"
IOP,0.00057335,"2018-01-16 17:30:00"
IOP,0.000571,"2018-01-16 17:35:00"
IOP,0.0005686,"2018-01-16 17:40:00"
IOP,0.000571,"2018-01-16 17:45:00"
IOP,0.00056201,"2018-01-16 17:50:00"
IOP,0.00057082,"2018-01-16 17:55:00"
IOP,0.00057082,"2018-01-16 18:00:00"
IOP,0.00056228,"2018-01-16 18:05:00"
IOP,0.00056228,"2018-01-16 18:10:00"
IOP,0.0005707,"2018-01-16 18:15:00"
IOP,0.00056159,"2018-01-16 18:20:00"
IOP,0.00057046,"2018-01-16 18:25:00"
IOP,0.00056,"2018-01-16 18:30:00"
IOP,0.00057044,"2018-01-16 18:35:00"
IOP,0.00057038,"2018-01-16 18:40:00"
IOP,0.00057038,"2018-01-16 18:45:00"
IOP,0.00057038,"2018-01-16 18:50:00"
IOP,0.00054597,"2018-01-16 18:55:00"
IOP,0.00054843,"2018-01-16 19:00:00"
IOP,0.00054231,"2018-01-16 19:05:00"
IOP,0.00054231,"2018-01-16 19:10:00"
IOP,0.00054223,"2018-01-16 19:15:00"
IOP,0.00054223,"2018-01-16 19:20:00"
IOP,0.00054001,"2018-01-16 19:25:00"
IOP,0.00054,"2018-01-16 19:30:00"
IOP,0.00054,"2018-01-16 19:35:00"
IOP,0.00054,"2018-01-16 19:40:00"
IOP,0.00053453,"2018-01-16 19:45:00"
IOP,0.00054062,"2018-01-16 19:50:00"
IOP,0.00054062,"2018-01-16 19:55:00"
IOP,0.00053454,"2018-01-16 20:00:00"
IOP,0.00053453,"2018-01-16 20:05:00"
IOP,0.00053453,"2018-01-16 20:10:00"
IOP,0.00053988,"2018-01-16 20:15:00"
IOP,0.00053946,"2018-01-16 20:20:00"
IOP,0.00053938,"2018-01-16 20:25:00"
IOP,0.000534,"2018-01-16 20:30:00"
IOP,0.00053284,"2018-01-16 20:35:00"
IOP,0.000526,"2018-01-16 20:40:00"
IOP,0.000535,"2018-01-16 20:45:00"
IOP,0.00053517,"2018-01-16 20:50:00"
IOP,0.00053517,"2018-01-16 20:55:00"
IOP,0.0005299,"2018-01-16 21:00:00"
IOP,0.00052985,"2018-01-16 21:05:00"
IOP,0.0005257,"2018-01-16 21:10:00"
IOP,0.00052339,"2018-01-16 21:15:00"
IOP,0.00052054,"2018-01-16 21:20:00"
IOP,0.00052054,"2018-01-16 21:25:00"
IOP,0.00053489,"2018-01-16 21:30:00"
IOP,0.00053486,"2018-01-16 21:35:00"
IOP,0.00052698,"2018-01-16 21:40:00"
IOP,0.00053488,"2018-01-16 21:45:00"
IOP,0.00052702,"2018-01-16 21:50:00"
IOP,0.00052127,"2018-01-16 21:55:00"
IOP,0.0005207,"2018-01-16 22:00:00"
IOP,0.00052072,"2018-01-16 22:05:00"
IOP,0.00052206,"2018-01-16 22:10:00"
IOP,0.00052128,"2018-01-16 22:15:00"
IOP,0.00052145,"2018-01-16 22:20:00"
IOP,0.0005207,"2018-01-16 22:25:00"
IOP,0.00052,"2018-01-16 22:30:00"
IOP,0.0005185,"2018-01-16 22:35:00"
IOP,0.00051717,"2018-01-16 22:40:00"
IOP,0.00051712,"2018-01-16 22:45:00"
IOP,0.00050921,"2018-01-16 22:50:00"
IOP,0.00050025,"2018-01-16 22:55:00"
IOP,0.0004997,"2018-01-16 23:00:00"
IOP,0.000493,"2018-01-16 23:05:00"
IOP,0.000485,"2018-01-16 23:10:00"
IOP,0.00048353,"2018-01-16 23:15:00"
IOP,0.0004835,"2018-01-16 23:20:00"
IOP,0.00047598,"2018-01-16 23:25:00"
IOP,0.00045124,"2018-01-16 23:30:00"
IOP,0.00043528,"2018-01-16 23:35:00"
IOP,0.00044328,"2018-01-16 23:40:00"
IOP,0.00046251,"2018-01-16 23:45:00"
IOP,0.00045299,"2018-01-16 23:50:00"
IOP,0.0004623,"2018-01-16 23:55:00"
IOP,0.00047992,"2018-01-17 00:00:00"
IOP,0.00044003,"2018-01-17 00:05:00"
IOP,0.0004525,"2018-01-17 00:10:00"
IOP,0.00046966,"2018-01-17 00:15:00"
IOP,0.0004707,"2018-01-17 00:20:00"
IOP,0.00047213,"2018-01-17 00:25:00"
IOP,0.00047962,"2018-01-17 00:30:00"
IOP,0.00047261,"2018-01-17 00:35:00"
IOP,0.000485,"2018-01-17 00:40:00"
IOP,0.000485,"2018-01-17 00:45:00"
IOP,0.00048,"2018-01-17 00:50:00"
IOP,0.00048,"2018-01-17 00:55:00"
IOP,0.00048,"2018-01-17 01:00:00"
IOP,0.00048049,"2018-01-17 01:05:00"
IOP,0.00048267,"2018-01-17 01:10:00"
IOP,0.00049228,"2018-01-17 01:15:00"
IOP,0.00049853,"2018-01-17 01:20:00"
IOP,0.00049892,"2018-01-17 01:25:00"
IOP,0.00050328,"2018-01-17 01:30:00"
IOP,0.00051109,"2018-01-17 01:35:00"
IOP,0.00051,"2018-01-17 01:40:00"
IOP,0.0005051,"2018-01-17 01:45:00"
IOP,0.0005051,"2018-01-17 01:50:00"
IOP,0.00050065,"2018-01-17 01:55:00"
IOP,0.00050065,"2018-01-17 02:00:00"
IOP,0.00050065,"2018-01-17 02:05:00"
IOP,0.00050066,"2018-01-17 02:10:00"
IOP,0.00050065,"2018-01-17 02:15:00"
IOP,0.00050066,"2018-01-17 02:20:00"
IOP,0.00050065,"2018-01-17 02:25:00"
IOP,0.00050065,"2018-01-17 02:30:00"
IOP,0.00050722,"2018-01-17 02:35:00"
IOP,0.00050345,"2018-01-17 02:40:00"
IOP,0.00051636,"2018-01-17 02:45:00"
IOP,0.00051636,"2018-01-17 02:50:00"
IOP,0.00051657,"2018-01-17 02:55:00"
IOP,0.00051657,"2018-01-17 03:00:00"
IOP,0.00051636,"2018-01-17 03:05:00"
IOP,0.00051636,"2018-01-17 03:10:00"
IOP,0.00051636,"2018-01-17 03:15:00"
IOP,0.000515,"2018-01-17 03:20:00"
IOP,0.00052339,"2018-01-17 03:25:00"
IOP,0.00052339,"2018-01-17 03:30:00"
IOP,0.00050814,"2018-01-17 03:35:00"
IOP,0.00052309,"2018-01-17 03:40:00"
IOP,0.00052328,"2018-01-17 03:45:00"
IOP,0.00052328,"2018-01-17 03:50:00"
IOP,0.00052399,"2018-01-17 03:55:00"
IOP,0.00052328,"2018-01-17 04:00:00"
IOP,0.00052399,"2018-01-17 04:05:00"
IOP,0.00052328,"2018-01-17 04:10:00"
IOP,0.00052399,"2018-01-17 04:15:00"
IOP,0.00052328,"2018-01-17 04:20:00"
IOP,0.00052325,"2018-01-17 04:25:00"
IOP,0.00052309,"2018-01-17 04:30:00"
IOP,0.000565,"2018-01-17 04:35:00"
IOP,0.00055431,"2018-01-17 04:40:00"
IOP,0.00052801,"2018-01-17 04:45:00"
IOP,0.0005258,"2018-01-17 04:50:00"
IOP,0.00052581,"2018-01-17 04:55:00"
IOP,0.00052999,"2018-01-17 05:00:00"
IOP,0.00051455,"2018-01-17 05:05:00"
IOP,0.00051164,"2018-01-17 05:10:00"
IOP,0.00053161,"2018-01-17 05:15:00"
IOP,0.0005215,"2018-01-17 05:20:00"
IOP,0.00052128,"2018-01-17 05:25:00"
IOP,0.00051,"2018-01-17 05:30:00"
IOP,0.00050329,"2018-01-17 05:35:00"
IOP,0.00050328,"2018-01-17 05:40:00"
IOP,0.00050087,"2018-01-17 05:45:00"
IOP,0.00050325,"2018-01-17 05:50:00"
IOP,0.00050219,"2018-01-17 05:55:00"
IOP,0.00050325,"2018-01-17 06:00:00"
IOP,0.00050388,"2018-01-17 06:05:00"
IOP,0.00051227,"2018-01-17 06:10:00"
IOP,0.00050418,"2018-01-17 06:15:00"
IOP,0.00050673,"2018-01-17 06:20:00"
IOP,0.00050568,"2018-01-17 06:25:00"
IOP,0.00050568,"2018-01-17 06:30:00"
IOP,0.00050569,"2018-01-17 06:35:00"
IOP,0.00050569,"2018-01-17 06:40:00"
IOP,0.00050569,"2018-01-17 06:45:00"
IOP,0.00050571,"2018-01-17 06:50:00"
IOP,0.00050571,"2018-01-17 06:55:00"
IOP,0.00050568,"2018-01-17 07:00:00"
IOP,0.00050571,"2018-01-17 07:05:00"
IOP,0.00050571,"2018-01-17 07:10:00"
IOP,0.00050568,"2018-01-17 07:15:00"
IOP,0.0005113,"2018-01-17 07:20:00"
IOP,0.00050572,"2018-01-17 07:25:00"
IOP,0.00050994,"2018-01-17 07:30:00"
IOP,0.00051316,"2018-01-17 07:35:00"
IOP,0.00051333,"2018-01-17 07:40:00"
IOP,0.00053862,"2018-01-17 07:45:00"
IOP,0.00054156,"2018-01-17 07:50:00"
IOP,0.00052532,"2018-01-17 07:55:00"
IOP,0.00052531,"2018-01-17 08:00:00"
IOP,0.00052531,"2018-01-17 08:05:00"
IOP,0.00052699,"2018-01-17 08:10:00"
IOP,0.00052636,"2018-01-17 08:15:00"
IOP,0.00052588,"2018-01-17 08:20:00"
IOP,0.0005214,"2018-01-17 08:25:00"
IOP,0.0005214,"2018-01-17 08:30:00"
IOP,0.00050812,"2018-01-17 08:35:00"
IOP,0.00052439,"2018-01-17 08:40:00"
IOP,0.00050973,"2018-01-17 08:45:00"
IOP,0.00050973,"2018-01-17 08:50:00"
IOP,0.00052488,"2018-01-17 08:55:00"
IOP,0.00052488,"2018-01-17 09:00:00"
IOP,0.00052488,"2018-01-17 09:05:00"
IOP,0.0005255,"2018-01-17 09:10:00"
IOP,0.0005255,"2018-01-17 09:15:00"
IOP,0.00052488,"2018-01-17 09:20:00"
IOP,0.00052488,"2018-01-17 09:25:00"
IOP,0.0005213,"2018-01-17 09:30:00"
IOP,0.0005075,"2018-01-17 09:35:00"
IOP,0.0005075,"2018-01-17 09:40:00"
IOP,0.00050806,"2018-01-17 09:45:00"
IOP,0.00050807,"2018-01-17 09:50:00"
IOP,0.00050807,"2018-01-17 09:55:00"
IOP,0.00050807,"2018-01-17 10:00:00"
IOP,0.00050809,"2018-01-17 10:05:00"
IOP,0.00052007,"2018-01-17 10:10:00"
IOP,0.00050914,"2018-01-17 10:15:00"
IOP,0.00050857,"2018-01-17 10:20:00"
IOP,0.00051947,"2018-01-17 10:25:00"
IOP,0.00051001,"2018-01-17 10:30:00"
IOP,0.00051,"2018-01-17 10:35:00"
IOP,0.00050958,"2018-01-17 10:40:00"
IOP,0.00050857,"2018-01-17 10:45:00"
IOP,0.0005071,"2018-01-17 10:50:00"
IOP,0.00049845,"2018-01-17 10:55:00"
IOP,0.00049588,"2018-01-17 11:00:00"
IOP,0.00049998,"2018-01-17 11:05:00"
IOP,0.000496,"2018-01-17 11:10:00"
IOP,0.00051137,"2018-01-17 11:15:00"
IOP,0.0005113,"2018-01-17 11:20:00"
IOP,0.00051858,"2018-01-17 11:25:00"
IOP,0.0005114,"2018-01-17 11:30:00"
IOP,0.00050305,"2018-01-17 11:35:00"
IOP,0.00051752,"2018-01-17 11:40:00"
IOP,0.00050812,"2018-01-17 11:45:00"
IOP,0.00050828,"2018-01-17 11:50:00"
IOP,0.00050807,"2018-01-17 11:55:00"
IOP,0.00050807,"2018-01-17 12:00:00"
IOP,0.00051,"2018-01-17 12:05:00"
IOP,0.00050803,"2018-01-17 12:10:00"
IOP,0.00050803,"2018-01-17 12:15:00"
IOP,0.00050803,"2018-01-17 12:20:00"
IOP,0.0005081,"2018-01-17 12:25:00"
IOP,0.00051,"2018-01-17 12:30:00"
IOP,0.00050975,"2018-01-17 12:35:00"
IOP,0.00050975,"2018-01-17 12:40:00"
IOP,0.00050003,"2018-01-17 12:45:00"
IOP,0.00050003,"2018-01-17 12:50:00"
IOP,0.00050003,"2018-01-17 12:55:00"
IOP,0.00050008,"2018-01-17 13:00:00"
IOP,0.00050818,"2018-01-17 13:05:00"
IOP,0.000505,"2018-01-17 13:10:00"
IOP,0.00050003,"2018-01-17 13:15:00"
IOP,0.00050003,"2018-01-17 13:20:00"
IOP,0.00050003,"2018-01-17 13:25:00"
IOP,0.00050855,"2018-01-17 13:30:00"
IOP,0.00050005,"2018-01-17 13:35:00"
IOP,0.00050006,"2018-01-17 13:40:00"
IOP,0.00050006,"2018-01-17 13:45:00"
IOP,0.00050004,"2018-01-17 13:50:00"
IOP,0.00050004,"2018-01-17 13:55:00"
IOP,0.00050004,"2018-01-17 14:00:00"
IOP,0.00050004,"2018-01-17 14:05:00"
IOP,0.00050003,"2018-01-17 14:10:00"
IOP,0.00050554,"2018-01-17 14:15:00"
IOP,0.00050003,"2018-01-17 14:20:00"
IOP,0.00050003,"2018-01-17 14:25:00"
IOP,0.00050003,"2018-01-17 14:30:00"
IOP,0.00050003,"2018-01-17 14:35:00"
IOP,0.00050363,"2018-01-17 14:40:00"
IOP,0.0005,"2018-01-17 14:45:00"
IOP,0.0005,"2018-01-17 14:50:00"
IOP,0.00049501,"2018-01-17 14:55:00"
IOP,0.00048014,"2018-01-17 15:00:00"
IOP,0.0004873,"2018-01-17 15:05:00"
IOP,0.00048642,"2018-01-17 15:10:00"
IOP,0.00048,"2018-01-17 15:15:00"
IOP,0.00048122,"2018-01-17 15:20:00"
IOP,0.00047474,"2018-01-17 15:25:00"
IOP,0.00048007,"2018-01-17 15:30:00"
IOP,0.00047207,"2018-01-17 15:35:00"
IOP,0.000467,"2018-01-17 15:40:00"
IOP,0.00046751,"2018-01-17 15:45:00"
IOP,0.0004715,"2018-01-17 15:50:00"
IOP,0.00047679,"2018-01-17 15:55:00"
IOP,0.00046756,"2018-01-17 16:00:00"
IOP,0.00046807,"2018-01-17 16:05:00"
IOP,0.00046908,"2018-01-17 16:10:00"
IOP,0.00046861,"2018-01-17 16:15:00"
IOP,0.00046601,"2018-01-17 16:20:00"
IOP,0.00047997,"2018-01-17 16:25:00"
IOP,0.00047983,"2018-01-17 16:30:00"
IOP,0.00047932,"2018-01-17 16:35:00"
IOP,0.00047917,"2018-01-17 16:40:00"
IOP,0.00046132,"2018-01-17 16:45:00"
IOP,0.00046128,"2018-01-17 16:50:00"
IOP,0.00048974,"2018-01-17 16:55:00"
IOP,0.00046901,"2018-01-17 17:00:00"
IOP,0.000465,"2018-01-17 17:05:00"
IOP,0.00046,"2018-01-17 17:10:00"
IOP,0.00045559,"2018-01-17 17:15:00"
IOP,0.00046,"2018-01-17 17:20:00"
IOP,0.00046,"2018-01-17 17:25:00"
IOP,0.00045993,"2018-01-17 17:30:00"
IOP,0.00045993,"2018-01-17 17:35:00"
IOP,0.00045991,"2018-01-17 17:40:00"
IOP,0.00046,"2018-01-17 17:45:00"
IOP,0.00045605,"2018-01-17 17:50:00"
IOP,0.00045607,"2018-01-17 17:55:00"
IOP,0.00046,"2018-01-17 18:00:00"
IOP,0.00047,"2018-01-17 18:05:00"
IOP,0.00048501,"2018-01-17 18:10:00"
IOP,0.00047503,"2018-01-17 18:15:00"
IOP,0.00048478,"2018-01-17 18:20:00"
IOP,0.0004805,"2018-01-17 18:25:00"
IOP,0.00048201,"2018-01-17 18:30:00"
IOP,0.00048302,"2018-01-17 18:35:00"
IOP,0.00049215,"2018-01-17 18:40:00"
IOP,0.0004831,"2018-01-17 18:45:00"
IOP,0.00048457,"2018-01-17 18:50:00"
IOP,0.00049393,"2018-01-17 18:55:00"
IOP,0.00049443,"2018-01-17 19:00:00"
IOP,0.0005005,"2018-01-17 19:05:00"
IOP,0.00050635,"2018-01-17 19:10:00"
IOP,0.00050856,"2018-01-17 19:15:00"
IOP,0.00051,"2018-01-17 19:20:00"
IOP,0.00050805,"2018-01-17 19:25:00"
IOP,0.00050635,"2018-01-17 19:30:00"
IOP,0.0004875,"2018-01-17 19:35:00"
IOP,0.0005,"2018-01-17 19:40:00"
IOP,0.000491,"2018-01-17 19:45:00"
IOP,0.000491,"2018-01-17 19:50:00"
IOP,0.000491,"2018-01-17 19:55:00"
IOP,0.000491,"2018-01-17 20:00:00"
IOP,0.0005142,"2018-01-17 20:05:00"
IOP,0.00051343,"2018-01-17 20:10:00"
IOP,0.00051135,"2018-01-17 20:15:00"
IOP,0.00051135,"2018-01-17 20:20:00"
IOP,0.00050251,"2018-01-17 20:25:00"
IOP,0.00050321,"2018-01-17 20:30:00"
IOP,0.00051405,"2018-01-17 20:35:00"
IOP,0.00052,"2018-01-17 20:40:00"
IOP,0.00051003,"2018-01-17 20:45:00"
IOP,0.00051003,"2018-01-17 20:50:00"
IOP,0.00051201,"2018-01-17 20:55:00"
IOP,0.000511,"2018-01-17 21:00:00"
IOP,0.0005105,"2018-01-17 21:05:00"
IOP,0.0005125,"2018-01-17 21:10:00"
IOP,0.0005145,"2018-01-17 21:15:00"
IOP,0.00050102,"2018-01-17 21:20:00"
IOP,0.00050102,"2018-01-17 21:25:00"
IOP,0.00050487,"2018-01-17 21:30:00"
IOP,0.0005,"2018-01-17 21:35:00"
IOP,0.00050051,"2018-01-17 21:40:00"
IOP,0.00049807,"2018-01-17 21:45:00"
IOP,0.00050275,"2018-01-17 21:50:00"
IOP,0.00049916,"2018-01-17 21:55:00"
IOP,0.000506,"2018-01-17 22:00:00"
IOP,0.00051889,"2018-01-17 22:05:00"
IOP,0.000509,"2018-01-17 22:10:00"
IOP,0.00051695,"2018-01-17 22:15:00"
IOP,0.00049942,"2018-01-17 22:20:00"
IOP,0.00048503,"2018-01-17 22:25:00"
IOP,0.00048944,"2018-01-17 22:30:00"
IOP,0.00049715,"2018-01-17 22:35:00"
IOP,0.00049715,"2018-01-17 22:40:00"
IOP,0.00049,"2018-01-17 22:45:00"
IOP,0.00050182,"2018-01-17 22:50:00"
IOP,0.00049579,"2018-01-17 22:55:00"
IOP,0.00049172,"2018-01-17 23:00:00"
IOP,0.00050569,"2018-01-17 23:05:00"
IOP,0.0005057,"2018-01-17 23:10:00"
IOP,0.00050417,"2018-01-17 23:15:00"
IOP,0.00051826,"2018-01-17 23:20:00"
IOP,0.00051605,"2018-01-17 23:25:00"
IOP,0.000524,"2018-01-17 23:30:00"
IOP,0.00052098,"2018-01-17 23:35:00"
IOP,0.00052098,"2018-01-17 23:40:00"
IOP,0.0005145,"2018-01-17 23:45:00"
IOP,0.0005145,"2018-01-17 23:50:00"
IOP,0.000513,"2018-01-17 23:55:00"
IOP,0.0005248,"2018-01-18 00:00:00"
IOP,0.0005159,"2018-01-18 00:05:00"
IOP,0.00051922,"2018-01-18 00:10:00"
IOP,0.0005239,"2018-01-18 00:15:00"
IOP,0.000513,"2018-01-18 00:20:00"
IOP,0.000513,"2018-01-18 00:25:00"
IOP,0.000513,"2018-01-18 00:30:00"
IOP,0.00050966,"2018-01-18 00:35:00"
IOP,0.00051,"2018-01-18 00:40:00"
IOP,0.00051297,"2018-01-18 00:45:00"
IOP,0.00051297,"2018-01-18 00:50:00"
IOP,0.000513,"2018-01-18 00:55:00"
IOP,0.000513,"2018-01-18 01:00:00"
IOP,0.00051827,"2018-01-18 01:05:00"
IOP,0.00051827,"2018-01-18 01:10:00"
IOP,0.00052168,"2018-01-18 01:15:00"
IOP,0.00052159,"2018-01-18 01:20:00"
IOP,0.00052176,"2018-01-18 01:25:00"
IOP,0.000513,"2018-01-18 01:30:00"
IOP,0.00050989,"2018-01-18 01:35:00"
IOP,0.000513,"2018-01-18 01:40:00"
IOP,0.00051304,"2018-01-18 01:45:00"
IOP,0.00052122,"2018-01-18 01:50:00"
IOP,0.00051769,"2018-01-18 01:55:00"
IOP,0.00051768,"2018-01-18 02:00:00"
IOP,0.00051768,"2018-01-18 02:05:00"
IOP,0.00051768,"2018-01-18 02:10:00"
IOP,0.00054308,"2018-01-18 02:15:00"
IOP,0.00054,"2018-01-18 02:20:00"
IOP,0.00053172,"2018-01-18 02:25:00"
IOP,0.00053899,"2018-01-18 02:30:00"
IOP,0.00054368,"2018-01-18 02:35:00"
IOP,0.00053576,"2018-01-18 02:40:00"
IOP,0.00054942,"2018-01-18 02:45:00"
IOP,0.00054942,"2018-01-18 02:50:00"
IOP,0.00053525,"2018-01-18 02:55:00"
IOP,0.0005366,"2018-01-18 03:00:00"
IOP,0.00054939,"2018-01-18 03:05:00"
IOP,0.000543,"2018-01-18 03:10:00"
IOP,0.000543,"2018-01-18 03:15:00"
IOP,0.000543,"2018-01-18 03:20:00"
IOP,0.0005494,"2018-01-18 03:25:00"
IOP,0.00053824,"2018-01-18 03:30:00"
IOP,0.00053824,"2018-01-18 03:35:00"
IOP,0.00053824,"2018-01-18 03:40:00"
IOP,0.00054925,"2018-01-18 03:45:00"
IOP,0.00054057,"2018-01-18 03:50:00"
IOP,0.00054919,"2018-01-18 03:55:00"
IOP,0.00054938,"2018-01-18 04:00:00"
IOP,0.0005494,"2018-01-18 04:05:00"
IOP,0.00054262,"2018-01-18 04:10:00"
IOP,0.00054312,"2018-01-18 04:15:00"
IOP,0.00054927,"2018-01-18 04:20:00"
IOP,0.00055487,"2018-01-18 04:25:00"
IOP,0.00054707,"2018-01-18 04:30:00"
IOP,0.00054707,"2018-01-18 04:35:00"
IOP,0.00054657,"2018-01-18 04:40:00"
IOP,0.00054658,"2018-01-18 04:45:00"
IOP,0.00054656,"2018-01-18 04:50:00"
IOP,0.00054656,"2018-01-18 04:55:00"
IOP,0.00055449,"2018-01-18 05:00:00"
IOP,0.000548,"2018-01-18 05:05:00"
IOP,0.000548,"2018-01-18 05:10:00"
IOP,0.00055,"2018-01-18 05:15:00"
IOP,0.000545,"2018-01-18 05:20:00"
IOP,0.000545,"2018-01-18 05:25:00"
IOP,0.000548,"2018-01-18 05:30:00"
IOP,0.0005445,"2018-01-18 05:35:00"
IOP,0.000533,"2018-01-18 05:40:00"
IOP,0.000533,"2018-01-18 05:45:00"
IOP,0.00053004,"2018-01-18 05:50:00"
IOP,0.000523,"2018-01-18 05:55:00"
IOP,0.00052785,"2018-01-18 06:00:00"
IOP,0.00052813,"2018-01-18 06:05:00"
IOP,0.00052871,"2018-01-18 06:10:00"
IOP,0.0005295,"2018-01-18 06:15:00"
IOP,0.0005295,"2018-01-18 06:20:00"
IOP,0.00052958,"2018-01-18 06:25:00"
IOP,0.00053621,"2018-01-18 06:30:00"
IOP,0.00053621,"2018-01-18 06:35:00"
IOP,0.00053621,"2018-01-18 06:40:00"
IOP,0.00053107,"2018-01-18 06:45:00"
IOP,0.00054,"2018-01-18 06:50:00"
IOP,0.00053797,"2018-01-18 06:55:00"
IOP,0.00053797,"2018-01-18 07:00:00"
IOP,0.00053797,"2018-01-18 07:05:00"
IOP,0.00054,"2018-01-18 07:10:00"
IOP,0.00053797,"2018-01-18 07:15:00"
IOP,0.00053797,"2018-01-18 07:20:00"
IOP,0.00053798,"2018-01-18 07:25:00"
IOP,0.00053798,"2018-01-18 07:30:00"
IOP,0.00053798,"2018-01-18 07:35:00"
IOP,0.00052192,"2018-01-18 07:40:00"
IOP,0.00053953,"2018-01-18 07:45:00"
IOP,0.00053953,"2018-01-18 07:50:00"
IOP,0.00053554,"2018-01-18 07:55:00"
IOP,0.0005323,"2018-01-18 08:00:00"
IOP,0.00053211,"2018-01-18 08:05:00"
IOP,0.0005321,"2018-01-18 08:10:00"
IOP,0.00052233,"2018-01-18 08:15:00"
IOP,0.00053209,"2018-01-18 08:20:00"
IOP,0.00052241,"2018-01-18 08:25:00"
IOP,0.00052428,"2018-01-18 08:30:00"
IOP,0.00052255,"2018-01-18 08:35:00"
IOP,0.00052413,"2018-01-18 08:40:00"
IOP,0.00052471,"2018-01-18 08:45:00"
IOP,0.00053,"2018-01-18 08:50:00"
IOP,0.00052651,"2018-01-18 08:55:00"
IOP,0.00052652,"2018-01-18 09:00:00"
IOP,0.00052652,"2018-01-18 09:05:00"
IOP,0.00052653,"2018-01-18 09:10:00"
IOP,0.00052653,"2018-01-18 09:15:00"
IOP,0.0005321,"2018-01-18 09:20:00"
IOP,0.00052653,"2018-01-18 09:25:00"
IOP,0.00052653,"2018-01-18 09:30:00"
IOP,0.00053231,"2018-01-18 09:35:00"
IOP,0.00053231,"2018-01-18 09:40:00"
IOP,0.00053231,"2018-01-18 09:45:00"
IOP,0.00053231,"2018-01-18 09:50:00"
IOP,0.00053231,"2018-01-18 09:55:00"
IOP,0.00053231,"2018-01-18 10:00:00"
IOP,0.00052652,"2018-01-18 10:05:00"
IOP,0.00053231,"2018-01-18 10:10:00"
IOP,0.00053231,"2018-01-18 10:15:00"
IOP,0.00053231,"2018-01-18 10:20:00"
IOP,0.00053,"2018-01-18 10:25:00"
IOP,0.00053,"2018-01-18 10:30:00"
IOP,0.00052779,"2018-01-18 10:35:00"
IOP,0.00052779,"2018-01-18 10:40:00"
IOP,0.00052758,"2018-01-18 10:45:00"
IOP,0.00052765,"2018-01-18 10:50:00"
IOP,0.00052765,"2018-01-18 10:55:00"
IOP,0.00052765,"2018-01-18 11:00:00"
IOP,0.00052759,"2018-01-18 11:05:00"
IOP,0.00052759,"2018-01-18 11:10:00"
IOP,0.00052759,"2018-01-18 11:15:00"
IOP,0.00052759,"2018-01-18 11:20:00"
IOP,0.00053502,"2018-01-18 11:25:00"
IOP,0.00053963,"2018-01-18 11:30:00"
IOP,0.00053501,"2018-01-18 11:35:00"
IOP,0.00053502,"2018-01-18 11:40:00"
IOP,0.0005275,"2018-01-18 11:45:00"
IOP,0.00053885,"2018-01-18 11:50:00"
IOP,0.00052768,"2018-01-18 11:55:00"
IOP,0.00053,"2018-01-18 12:00:00"
IOP,0.00053,"2018-01-18 12:05:00"
IOP,0.00052769,"2018-01-18 12:10:00"
IOP,0.0005275,"2018-01-18 12:15:00"
IOP,0.00053,"2018-01-18 12:20:00"
IOP,0.00053,"2018-01-18 12:25:00"
IOP,0.00053,"2018-01-18 12:30:00"
IOP,0.00052883,"2018-01-18 12:35:00"
IOP,0.00053009,"2018-01-18 12:40:00"
IOP,0.000529,"2018-01-18 12:45:00"
IOP,0.00052928,"2018-01-18 12:50:00"
IOP,0.00052928,"2018-01-18 12:55:00"
IOP,0.00053148,"2018-01-18 13:00:00"
IOP,0.00052951,"2018-01-18 13:05:00"
IOP,0.0005295,"2018-01-18 13:10:00"
IOP,0.00053407,"2018-01-18 13:15:00"
IOP,0.0005295,"2018-01-18 13:20:00"
IOP,0.0005299,"2018-01-18 13:25:00"
IOP,0.00053,"2018-01-18 13:30:00"
IOP,0.00053511,"2018-01-18 13:35:00"
IOP,0.00053515,"2018-01-18 13:40:00"
IOP,0.00053728,"2018-01-18 13:45:00"
IOP,0.00053728,"2018-01-18 13:50:00"
IOP,0.00053884,"2018-01-18 13:55:00"
IOP,0.00053884,"2018-01-18 14:00:00"
IOP,0.0005434,"2018-01-18 14:05:00"
IOP,0.00054722,"2018-01-18 14:10:00"
IOP,0.00054722,"2018-01-18 14:15:00"
IOP,0.00053886,"2018-01-18 14:20:00"
IOP,0.0005378,"2018-01-18 14:25:00"
IOP,0.00054723,"2018-01-18 14:30:00"
IOP,0.00054723,"2018-01-18 14:35:00"
IOP,0.00053802,"2018-01-18 14:40:00"
IOP,0.0005472,"2018-01-18 14:45:00"
IOP,0.0005472,"2018-01-18 14:50:00"
IOP,0.00054632,"2018-01-18 14:55:00"
IOP,0.00054724,"2018-01-18 15:00:00"
IOP,0.00054999,"2018-01-18 15:05:00"
IOP,0.000561,"2018-01-18 15:10:00"
IOP,0.00056001,"2018-01-18 15:15:00"
IOP,0.00055006,"2018-01-18 15:20:00"
IOP,0.00054966,"2018-01-18 15:25:00"
IOP,0.00056999,"2018-01-18 15:30:00"
IOP,0.00056246,"2018-01-18 15:35:00"
IOP,0.00056989,"2018-01-18 15:40:00"
IOP,0.00056003,"2018-01-18 15:45:00"
IOP,0.000555,"2018-01-18 15:50:00"
IOP,0.00056988,"2018-01-18 15:55:00"
IOP,0.00056003,"2018-01-18 16:00:00"
IOP,0.00055857,"2018-01-18 16:05:00"
IOP,0.000561,"2018-01-18 16:10:00"
IOP,0.00056765,"2018-01-18 16:15:00"
IOP,0.000548,"2018-01-18 16:20:00"
IOP,0.000555,"2018-01-18 16:25:00"
IOP,0.00055,"2018-01-18 16:30:00"
IOP,0.0005505,"2018-01-18 16:35:00"
IOP,0.0005547,"2018-01-18 16:40:00"
IOP,0.00055061,"2018-01-18 16:45:00"
IOP,0.00055458,"2018-01-18 16:50:00"
IOP,0.00056987,"2018-01-18 16:55:00"
IOP,0.00056979,"2018-01-18 17:00:00"
IOP,0.00056845,"2018-01-18 17:05:00"
IOP,0.00056955,"2018-01-18 17:10:00"
IOP,0.000556,"2018-01-18 17:15:00"
IOP,0.000556,"2018-01-18 17:20:00"
IOP,0.00056,"2018-01-18 17:25:00"
IOP,0.00056,"2018-01-18 17:30:00"
IOP,0.00056,"2018-01-18 17:35:00"
IOP,0.00056005,"2018-01-18 17:40:00"
IOP,0.0005948,"2018-01-18 17:45:00"
IOP,0.000588,"2018-01-18 17:50:00"
IOP,0.00058998,"2018-01-18 17:55:00"
IOP,0.00058998,"2018-01-18 18:00:00"
IOP,0.000586,"2018-01-18 18:05:00"
IOP,0.00059,"2018-01-18 18:10:00"
IOP,0.000597,"2018-01-18 18:15:00"
IOP,0.00060066,"2018-01-18 18:20:00"
IOP,0.000604,"2018-01-18 18:25:00"
IOP,0.000614,"2018-01-18 18:30:00"
IOP,0.0006315,"2018-01-18 18:35:00"
IOP,0.00061406,"2018-01-18 18:40:00"
IOP,0.00061353,"2018-01-18 18:45:00"
IOP,0.00060218,"2018-01-18 18:50:00"
IOP,0.00059818,"2018-01-18 18:55:00"
IOP,0.00061002,"2018-01-18 19:00:00"
IOP,0.00061,"2018-01-18 19:05:00"
IOP,0.00059717,"2018-01-18 19:10:00"
IOP,0.00060999,"2018-01-18 19:15:00"
IOP,0.0006087,"2018-01-18 19:20:00"
IOP,0.0005975,"2018-01-18 19:25:00"
IOP,0.00059102,"2018-01-18 19:30:00"
IOP,0.00060995,"2018-01-18 19:35:00"
IOP,0.00060992,"2018-01-18 19:40:00"
IOP,0.000612,"2018-01-18 19:45:00"
IOP,0.00062642,"2018-01-18 19:50:00"
IOP,0.00063298,"2018-01-18 19:55:00"
IOP,0.00063529,"2018-01-18 20:00:00"
IOP,0.00062057,"2018-01-18 20:05:00"
IOP,0.0006285,"2018-01-18 20:10:00"
IOP,0.00063,"2018-01-18 20:15:00"
IOP,0.00062747,"2018-01-18 20:20:00"
IOP,0.000621,"2018-01-18 20:25:00"
IOP,0.00061999,"2018-01-18 20:30:00"
IOP,0.000612,"2018-01-18 20:35:00"
IOP,0.000605,"2018-01-18 20:40:00"
IOP,0.0005892,"2018-01-18 20:45:00"
IOP,0.0005919,"2018-01-18 20:50:00"
IOP,0.00060281,"2018-01-18 20:55:00"
IOP,0.00060085,"2018-01-18 21:00:00"
IOP,0.00060956,"2018-01-18 21:05:00"
IOP,0.00060959,"2018-01-18 21:10:00"
IOP,0.00060958,"2018-01-18 21:15:00"
IOP,0.00060281,"2018-01-18 21:20:00"
IOP,0.00060368,"2018-01-18 21:25:00"
IOP,0.00060087,"2018-01-18 21:30:00"
IOP,0.00060082,"2018-01-18 21:35:00"
IOP,0.00060415,"2018-01-18 21:40:00"
IOP,0.00060795,"2018-01-18 21:45:00"
IOP,0.00061999,"2018-01-18 21:50:00"
IOP,0.00061998,"2018-01-18 21:55:00"
IOP,0.0006127,"2018-01-18 22:00:00"
IOP,0.00060798,"2018-01-18 22:05:00"
IOP,0.00060798,"2018-01-18 22:10:00"
IOP,0.000605,"2018-01-18 22:15:00"
IOP,0.0006041,"2018-01-18 22:20:00"
IOP,0.00060415,"2018-01-18 22:25:00"
IOP,0.00060415,"2018-01-18 22:30:00"
IOP,0.00060415,"2018-01-18 22:35:00"
IOP,0.00060809,"2018-01-18 22:40:00"
IOP,0.0006127,"2018-01-18 22:45:00"
IOP,0.00061944,"2018-01-18 22:50:00"
IOP,0.0006127,"2018-01-18 22:55:00"
IOP,0.0006,"2018-01-18 23:00:00"
IOP,0.00059095,"2018-01-18 23:05:00"
IOP,0.00059,"2018-01-18 23:10:00"
IOP,0.00059,"2018-01-18 23:15:00"
IOP,0.00059086,"2018-01-18 23:20:00"
IOP,0.0005997,"2018-01-18 23:25:00"
IOP,0.00058436,"2018-01-18 23:30:00"
IOP,0.00057645,"2018-01-18 23:35:00"
IOP,0.00058888,"2018-01-18 23:40:00"
IOP,0.000588,"2018-01-18 23:45:00"
IOP,0.0005885,"2018-01-18 23:50:00"
IOP,0.00058792,"2018-01-18 23:55:00"
IOP,0.000588,"2018-01-19 00:00:00"
IOP,0.00058792,"2018-01-19 00:05:00"
IOP,0.0005816,"2018-01-19 00:10:00"
IOP,0.00058237,"2018-01-19 00:15:00"
IOP,0.00058122,"2018-01-19 00:20:00"
IOP,0.00058,"2018-01-19 00:25:00"
IOP,0.00058,"2018-01-19 00:30:00"
IOP,0.0005737,"2018-01-19 00:35:00"
IOP,0.00057538,"2018-01-19 00:40:00"
IOP,0.00057998,"2018-01-19 00:45:00"
IOP,0.0005692,"2018-01-19 00:50:00"
IOP,0.00056898,"2018-01-19 00:55:00"
IOP,0.0005692,"2018-01-19 01:00:00"
IOP,0.00057982,"2018-01-19 01:05:00"
IOP,0.00056799,"2018-01-19 01:10:00"
IOP,0.00056799,"2018-01-19 01:15:00"
IOP,0.00057382,"2018-01-19 01:20:00"
IOP,0.00060907,"2018-01-19 01:25:00"
IOP,0.00059566,"2018-01-19 01:30:00"
IOP,0.00058287,"2018-01-19 01:35:00"
IOP,0.00058288,"2018-01-19 01:40:00"
IOP,0.00058452,"2018-01-19 01:45:00"
IOP,0.00057382,"2018-01-19 01:50:00"
IOP,0.000579,"2018-01-19 01:55:00"
IOP,0.000579,"2018-01-19 02:00:00"
IOP,0.000579,"2018-01-19 02:05:00"
IOP,0.0005785,"2018-01-19 02:10:00"
IOP,0.00058452,"2018-01-19 02:15:00"
IOP,0.00059563,"2018-01-19 02:20:00"
IOP,0.00058694,"2018-01-19 02:25:00"
IOP,0.00058694,"2018-01-19 02:30:00"
IOP,0.00058172,"2018-01-19 02:35:00"
IOP,0.00058172,"2018-01-19 02:40:00"
IOP,0.00058172,"2018-01-19 02:45:00"
IOP,0.00061483,"2018-01-19 02:50:00"
IOP,0.00060802,"2018-01-19 02:55:00"
IOP,0.00060449,"2018-01-19 03:00:00"
IOP,0.00060458,"2018-01-19 03:05:00"
IOP,0.00060459,"2018-01-19 03:10:00"
IOP,0.00060519,"2018-01-19 03:15:00"
IOP,0.0006219,"2018-01-19 03:20:00"
IOP,0.00061192,"2018-01-19 03:25:00"
IOP,0.00062018,"2018-01-19 03:30:00"
IOP,0.0006202,"2018-01-19 03:35:00"
IOP,0.00062,"2018-01-19 03:40:00"
IOP,0.00062,"2018-01-19 03:45:00"
IOP,0.00061224,"2018-01-19 03:50:00"
IOP,0.00061224,"2018-01-19 03:55:00"
IOP,0.00061224,"2018-01-19 04:00:00"
IOP,0.00061224,"2018-01-19 04:05:00"
IOP,0.00061224,"2018-01-19 04:10:00"
IOP,0.0006122,"2018-01-19 04:15:00"
IOP,0.00060857,"2018-01-19 04:20:00"
IOP,0.000607,"2018-01-19 04:25:00"
IOP,0.0005835,"2018-01-19 04:30:00"
IOP,0.00059698,"2018-01-19 04:35:00"
IOP,0.00057952,"2018-01-19 04:40:00"
IOP,0.00058102,"2018-01-19 04:45:00"
IOP,0.00058135,"2018-01-19 04:50:00"
IOP,0.00058402,"2018-01-19 04:55:00"
IOP,0.00058375,"2018-01-19 05:00:00"
IOP,0.00059242,"2018-01-19 05:05:00"
IOP,0.00059223,"2018-01-19 05:10:00"
IOP,0.00058334,"2018-01-19 05:15:00"
IOP,0.00058092,"2018-01-19 05:20:00"
IOP,0.00057946,"2018-01-19 05:25:00"
IOP,0.000577,"2018-01-19 05:30:00"
IOP,0.00057736,"2018-01-19 05:35:00"
IOP,0.00057701,"2018-01-19 05:40:00"
IOP,0.00057736,"2018-01-19 05:45:00"
IOP,0.00057951,"2018-01-19 05:50:00"
IOP,0.00057951,"2018-01-19 05:55:00"
IOP,0.00058138,"2018-01-19 06:00:00"
IOP,0.0005814,"2018-01-19 06:05:00"
IOP,0.00058139,"2018-01-19 06:10:00"
IOP,0.00058142,"2018-01-19 06:15:00"
IOP,0.000584,"2018-01-19 06:20:00"
IOP,0.000584,"2018-01-19 06:25:00"
IOP,0.000584,"2018-01-19 06:30:00"
IOP,0.000584,"2018-01-19 06:35:00"
IOP,0.0005843,"2018-01-19 06:40:00"
IOP,0.00059153,"2018-01-19 06:45:00"
IOP,0.00059158,"2018-01-19 06:50:00"
IOP,0.0006,"2018-01-19 06:55:00"
IOP,0.0006,"2018-01-19 07:00:00"
IOP,0.00060001,"2018-01-19 07:05:00"
IOP,0.00059969,"2018-01-19 07:10:00"
IOP,0.00059898,"2018-01-19 07:15:00"
IOP,0.00059968,"2018-01-19 07:20:00"
IOP,0.00058502,"2018-01-19 07:25:00"
IOP,0.00058501,"2018-01-19 07:30:00"
IOP,0.00059356,"2018-01-19 07:35:00"
IOP,0.00058705,"2018-01-19 07:40:00"
IOP,0.00058989,"2018-01-19 07:45:00"
IOP,0.00058989,"2018-01-19 07:50:00"
IOP,0.00058496,"2018-01-19 07:55:00"
IOP,0.00058496,"2018-01-19 08:00:00"
IOP,0.00058496,"2018-01-19 08:05:00"
IOP,0.00059335,"2018-01-19 08:10:00"
IOP,0.00059335,"2018-01-19 08:15:00"
IOP,0.00058444,"2018-01-19 08:20:00"
IOP,0.00058444,"2018-01-19 08:25:00"
IOP,0.00058088,"2018-01-19 08:30:00"
IOP,0.00058089,"2018-01-19 08:35:00"
IOP,0.00058401,"2018-01-19 08:40:00"
IOP,0.00059202,"2018-01-19 08:45:00"
IOP,0.00059202,"2018-01-19 08:50:00"
IOP,0.00059202,"2018-01-19 08:55:00"
IOP,0.00059,"2018-01-19 09:00:00"
IOP,0.00059202,"2018-01-19 09:05:00"
IOP,0.00059202,"2018-01-19 09:10:00"
IOP,0.00059249,"2018-01-19 09:15:00"
IOP,0.00059249,"2018-01-19 09:20:00"
IOP,0.00059203,"2018-01-19 09:25:00"
IOP,0.00059249,"2018-01-19 09:30:00"
IOP,0.0006,"2018-01-19 09:35:00"
IOP,0.0006,"2018-01-19 09:40:00"
IOP,0.00059268,"2018-01-19 09:45:00"
IOP,0.00059268,"2018-01-19 09:50:00"
IOP,0.00059202,"2018-01-19 09:55:00"
IOP,0.00059268,"2018-01-19 10:00:00"
IOP,0.00059318,"2018-01-19 10:05:00"
IOP,0.0005995,"2018-01-19 10:10:00"
IOP,0.00059952,"2018-01-19 10:15:00"
IOP,0.0006,"2018-01-19 10:20:00"
IOP,0.00060474,"2018-01-19 10:25:00"
IOP,0.000603,"2018-01-19 10:30:00"
IOP,0.00059953,"2018-01-19 10:35:00"
IOP,0.0006029,"2018-01-19 10:40:00"
IOP,0.0006,"2018-01-19 10:45:00"
IOP,0.00060518,"2018-01-19 10:50:00"
IOP,0.00060518,"2018-01-19 10:55:00"
IOP,0.00060518,"2018-01-19 11:00:00"
IOP,0.00061033,"2018-01-19 11:05:00"
IOP,0.0006106,"2018-01-19 11:10:00"
IOP,0.00061299,"2018-01-19 11:15:00"
IOP,0.000619,"2018-01-19 11:20:00"
IOP,0.00060845,"2018-01-19 11:25:00"
IOP,0.00060505,"2018-01-19 11:30:00"
IOP,0.000608,"2018-01-19 11:35:00"
IOP,0.00061003,"2018-01-19 11:40:00"
IOP,0.00061003,"2018-01-19 11:45:00"
IOP,0.00061003,"2018-01-19 11:50:00"
IOP,0.00061837,"2018-01-19 11:55:00"
IOP,0.00061887,"2018-01-19 12:00:00"
IOP,0.0006107,"2018-01-19 12:05:00"
IOP,0.0006107,"2018-01-19 12:10:00"
IOP,0.0006107,"2018-01-19 12:15:00"
IOP,0.0006107,"2018-01-19 12:20:00"
IOP,0.0006117,"2018-01-19 12:25:00"
IOP,0.00061082,"2018-01-19 12:30:00"
IOP,0.00061082,"2018-01-19 12:35:00"
IOP,0.0005976,"2018-01-19 12:40:00"
IOP,0.0005976,"2018-01-19 12:45:00"
IOP,0.0005976,"2018-01-19 12:50:00"
IOP,0.0006086,"2018-01-19 12:55:00"
IOP,0.00060779,"2018-01-19 13:00:00"
IOP,0.00060779,"2018-01-19 13:05:00"
IOP,0.00059873,"2018-01-19 13:10:00"
IOP,0.0005999,"2018-01-19 13:15:00"
IOP,0.00059889,"2018-01-19 13:20:00"
IOP,0.000596,"2018-01-19 13:25:00"
IOP,0.00059519,"2018-01-19 13:30:00"
IOP,0.00059521,"2018-01-19 13:35:00"
IOP,0.00059533,"2018-01-19 13:40:00"
IOP,0.0005953,"2018-01-19 13:45:00"
IOP,0.00059524,"2018-01-19 13:50:00"
IOP,0.00059534,"2018-01-19 13:55:00"
IOP,0.00059534,"2018-01-19 14:00:00"
IOP,0.00059534,"2018-01-19 14:05:00"
IOP,0.00060411,"2018-01-19 14:10:00"
IOP,0.00059254,"2018-01-19 14:15:00"
IOP,0.00060522,"2018-01-19 14:20:00"
IOP,0.00059502,"2018-01-19 14:25:00"
IOP,0.00059502,"2018-01-19 14:30:00"
IOP,0.00059504,"2018-01-19 14:35:00"
IOP,0.00059504,"2018-01-19 14:40:00"
IOP,0.00059973,"2018-01-19 14:45:00"
IOP,0.00059506,"2018-01-19 14:50:00"
IOP,0.00059506,"2018-01-19 14:55:00"
IOP,0.000592,"2018-01-19 15:00:00"
IOP,0.00059946,"2018-01-19 15:05:00"
IOP,0.00060202,"2018-01-19 15:10:00"
IOP,0.00060202,"2018-01-19 15:15:00"
IOP,0.00059007,"2018-01-19 15:20:00"
IOP,0.00059007,"2018-01-19 15:25:00"
IOP,0.00060433,"2018-01-19 15:30:00"
IOP,0.00060439,"2018-01-19 15:35:00"
IOP,0.00060597,"2018-01-19 15:40:00"
IOP,0.00059505,"2018-01-19 15:45:00"
IOP,0.00059266,"2018-01-19 15:50:00"
IOP,0.00059268,"2018-01-19 15:55:00"
IOP,0.0005899,"2018-01-19 16:00:00"
IOP,0.00058896,"2018-01-19 16:05:00"
IOP,0.00058886,"2018-01-19 16:10:00"
IOP,0.00057,"2018-01-19 16:15:00"
IOP,0.00057701,"2018-01-19 16:20:00"
IOP,0.0005848,"2018-01-19 16:25:00"
IOP,0.00058892,"2018-01-19 16:30:00"
IOP,0.0005805,"2018-01-19 16:35:00"
IOP,0.00058063,"2018-01-19 16:40:00"
IOP,0.00058066,"2018-01-19 16:45:00"
IOP,0.00058072,"2018-01-19 16:50:00"
IOP,0.00058003,"2018-01-19 16:55:00"
IOP,0.00056813,"2018-01-19 17:00:00"
IOP,0.000585,"2018-01-19 17:05:00"
IOP,0.000585,"2018-01-19 17:10:00"
IOP,0.00058499,"2018-01-19 17:15:00"
IOP,0.00058498,"2018-01-19 17:20:00"
IOP,0.0005712,"2018-01-19 17:25:00"
IOP,0.0005752,"2018-01-19 17:30:00"
IOP,0.0005766,"2018-01-19 17:35:00"
IOP,0.00058477,"2018-01-19 17:40:00"
IOP,0.000585,"2018-01-19 17:45:00"
IOP,0.00059,"2018-01-19 17:50:00"
IOP,0.00059,"2018-01-19 17:55:00"
IOP,0.000585,"2018-01-19 18:00:00"
IOP,0.00057864,"2018-01-19 18:05:00"
IOP,0.00058447,"2018-01-19 18:10:00"
IOP,0.00058694,"2018-01-19 18:15:00"
IOP,0.00057561,"2018-01-19 18:20:00"
IOP,0.0005775,"2018-01-19 18:25:00"
IOP,0.00057701,"2018-01-19 18:30:00"
IOP,0.00057701,"2018-01-19 18:35:00"
IOP,0.000577,"2018-01-19 18:40:00"
IOP,0.000577,"2018-01-19 18:45:00"
IOP,0.00058502,"2018-01-19 18:50:00"
IOP,0.000585,"2018-01-19 18:55:00"
IOP,0.00057552,"2018-01-19 19:00:00"
IOP,0.000585,"2018-01-19 19:05:00"
IOP,0.000585,"2018-01-19 19:10:00"
IOP,0.00058479,"2018-01-19 19:15:00"
IOP,0.00057943,"2018-01-19 19:20:00"
IOP,0.00057551,"2018-01-19 19:25:00"
IOP,0.000575,"2018-01-19 19:30:00"
IOP,0.000575,"2018-01-19 19:35:00"
IOP,0.00058551,"2018-01-19 19:40:00"
IOP,0.00056985,"2018-01-19 19:45:00"
IOP,0.00057164,"2018-01-19 19:50:00"
IOP,0.00058484,"2018-01-19 19:55:00"
IOP,0.00056992,"2018-01-19 20:00:00"
IOP,0.00057366,"2018-01-19 20:05:00"
IOP,0.00057366,"2018-01-19 20:10:00"
IOP,0.000573,"2018-01-19 20:15:00"
IOP,0.00057366,"2018-01-19 20:20:00"
IOP,0.000575,"2018-01-19 20:25:00"
IOP,0.000575,"2018-01-19 20:30:00"
IOP,0.00056992,"2018-01-19 20:35:00"
IOP,0.000574,"2018-01-19 20:40:00"
IOP,0.000574,"2018-01-19 20:45:00"
IOP,0.000574,"2018-01-19 20:50:00"
IOP,0.0005705,"2018-01-19 20:55:00"
IOP,0.0005705,"2018-01-19 21:00:00"
IOP,0.000574,"2018-01-19 21:05:00"
IOP,0.000574,"2018-01-19 21:10:00"
IOP,0.00057401,"2018-01-19 21:15:00"
IOP,0.00057496,"2018-01-19 21:20:00"
IOP,0.00058534,"2018-01-19 21:25:00"
IOP,0.00058534,"2018-01-19 21:30:00"
IOP,0.00057451,"2018-01-19 21:35:00"
IOP,0.000574,"2018-01-19 21:40:00"
IOP,0.00056864,"2018-01-19 21:45:00"
IOP,0.00056864,"2018-01-19 21:50:00"
IOP,0.00056864,"2018-01-19 21:55:00"
IOP,0.0005735,"2018-01-19 22:00:00"
IOP,0.0005735,"2018-01-19 22:05:00"
IOP,0.00057005,"2018-01-19 22:10:00"
IOP,0.00057005,"2018-01-19 22:15:00"
IOP,0.00057505,"2018-01-19 22:20:00"
IOP,0.000572,"2018-01-19 22:25:00"
IOP,0.000572,"2018-01-19 22:30:00"
IOP,0.000572,"2018-01-19 22:35:00"
IOP,0.000572,"2018-01-19 22:40:00"
IOP,0.00057038,"2018-01-19 22:45:00"
IOP,0.00056986,"2018-01-19 22:50:00"
IOP,0.00056999,"2018-01-19 22:55:00"
IOP,0.00056999,"2018-01-19 23:00:00"
IOP,0.00056285,"2018-01-19 23:05:00"
IOP,0.00057,"2018-01-19 23:10:00"
IOP,0.00057,"2018-01-19 23:15:00"
IOP,0.0005705,"2018-01-19 23:20:00"
IOP,0.0005705,"2018-01-19 23:25:00"
IOP,0.00057505,"2018-01-19 23:30:00"
IOP,0.00057505,"2018-01-19 23:35:00"
IOP,0.0005735,"2018-01-19 23:40:00"
IOP,0.000571,"2018-01-19 23:45:00"
IOP,0.00057105,"2018-01-19 23:50:00"
IOP,0.00057107,"2018-01-19 23:55:00"
IOP,0.00057107,"2018-01-20 00:00:00"
IOP,0.00057107,"2018-01-20 00:05:00"
IOP,0.00057105,"2018-01-20 00:10:00"
IOP,0.00057225,"2018-01-20 00:15:00"
IOP,0.00057505,"2018-01-20 00:20:00"
IOP,0.00057231,"2018-01-20 00:25:00"
IOP,0.00057231,"2018-01-20 00:30:00"
IOP,0.00057899,"2018-01-20 00:35:00"
IOP,0.000579,"2018-01-20 00:40:00"
IOP,0.00057898,"2018-01-20 00:45:00"
IOP,0.00057898,"2018-01-20 00:50:00"
IOP,0.00057899,"2018-01-20 00:55:00"
IOP,0.000579,"2018-01-20 01:00:00"
IOP,0.00057897,"2018-01-20 01:05:00"
IOP,0.00057283,"2018-01-20 01:10:00"
IOP,0.00057302,"2018-01-20 01:15:00"
IOP,0.00057302,"2018-01-20 01:20:00"
IOP,0.00057231,"2018-01-20 01:25:00"
IOP,0.00057302,"2018-01-20 01:30:00"
IOP,0.00057302,"2018-01-20 01:35:00"
IOP,0.00057302,"2018-01-20 01:40:00"
IOP,0.00057352,"2018-01-20 01:45:00"
IOP,0.00057352,"2018-01-20 01:50:00"
IOP,0.00057352,"2018-01-20 01:55:00"
IOP,0.00057302,"2018-01-20 02:00:00"
IOP,0.00058173,"2018-01-20 02:05:00"
IOP,0.00058108,"2018-01-20 02:10:00"
IOP,0.000575,"2018-01-20 02:15:00"
IOP,0.000575,"2018-01-20 02:20:00"
IOP,0.00057302,"2018-01-20 02:25:00"
IOP,0.00057,"2018-01-20 02:30:00"
IOP,0.00057,"2018-01-20 02:35:00"
IOP,0.00057,"2018-01-20 02:40:00"
IOP,0.00057,"2018-01-20 02:45:00"
IOP,0.00057001,"2018-01-20 02:50:00"
IOP,0.00057001,"2018-01-20 02:55:00"
IOP,0.00058078,"2018-01-20 03:00:00"
IOP,0.00057699,"2018-01-20 03:05:00"
IOP,0.00058027,"2018-01-20 03:10:00"
IOP,0.00058027,"2018-01-20 03:15:00"
IOP,0.00058026,"2018-01-20 03:20:00"
IOP,0.00058024,"2018-01-20 03:25:00"
IOP,0.00058024,"2018-01-20 03:30:00"
IOP,0.0005736,"2018-01-20 03:35:00"
IOP,0.0005736,"2018-01-20 03:40:00"
IOP,0.0005736,"2018-01-20 03:45:00"
IOP,0.00058534,"2018-01-20 03:50:00"
IOP,0.00057511,"2018-01-20 03:55:00"
IOP,0.00057511,"2018-01-20 04:00:00"
IOP,0.00057511,"2018-01-20 04:05:00"
IOP,0.00057653,"2018-01-20 04:10:00"
IOP,0.00057653,"2018-01-20 04:15:00"
IOP,0.00057653,"2018-01-20 04:20:00"
IOP,0.00057763,"2018-01-20 04:25:00"
IOP,0.00057763,"2018-01-20 04:30:00"
IOP,0.00057653,"2018-01-20 04:35:00"
IOP,0.000576,"2018-01-20 04:40:00"
IOP,0.000575,"2018-01-20 04:45:00"
IOP,0.00058215,"2018-01-20 04:50:00"
IOP,0.00058215,"2018-01-20 04:55:00"
IOP,0.0005885,"2018-01-20 05:00:00"
IOP,0.00058443,"2018-01-20 05:05:00"
IOP,0.00058443,"2018-01-20 05:10:00"
IOP,0.00057302,"2018-01-20 05:15:00"
IOP,0.00057411,"2018-01-20 05:20:00"
IOP,0.00057411,"2018-01-20 05:25:00"
IOP,0.00057358,"2018-01-20 05:30:00"
IOP,0.00057358,"2018-01-20 05:35:00"
IOP,0.00057358,"2018-01-20 05:40:00"
IOP,0.00058453,"2018-01-20 05:45:00"
IOP,0.00058306,"2018-01-20 05:50:00"
IOP,0.00057371,"2018-01-20 05:55:00"
IOP,0.00057371,"2018-01-20 06:00:00"
IOP,0.00057,"2018-01-20 06:05:00"
IOP,0.00056501,"2018-01-20 06:10:00"
IOP,0.00056285,"2018-01-20 06:15:00"
IOP,0.00056286,"2018-01-20 06:20:00"
IOP,0.00056,"2018-01-20 06:25:00"
IOP,0.00054501,"2018-01-20 06:30:00"
IOP,0.00054501,"2018-01-20 06:35:00"
IOP,0.00054799,"2018-01-20 06:40:00"
IOP,0.00054326,"2018-01-20 06:45:00"
IOP,0.00054202,"2018-01-20 06:50:00"
IOP,0.00053624,"2018-01-20 06:55:00"
IOP,0.0005329,"2018-01-20 07:00:00"
IOP,0.00054126,"2018-01-20 07:05:00"
IOP,0.00054367,"2018-01-20 07:10:00"
IOP,0.00054266,"2018-01-20 07:15:00"
IOP,0.00054163,"2018-01-20 07:20:00"
IOP,0.00054214,"2018-01-20 07:25:00"
IOP,0.000544,"2018-01-20 07:30:00"
IOP,0.00054545,"2018-01-20 07:35:00"
IOP,0.00054751,"2018-01-20 07:40:00"
IOP,0.00055048,"2018-01-20 07:45:00"
IOP,0.00055176,"2018-01-20 07:50:00"
IOP,0.00055176,"2018-01-20 07:55:00"
IOP,0.00055089,"2018-01-20 08:00:00"
IOP,0.00054997,"2018-01-20 08:05:00"
IOP,0.0005509,"2018-01-20 08:10:00"
IOP,0.0005509,"2018-01-20 08:15:00"
IOP,0.00054827,"2018-01-20 08:20:00"
IOP,0.00054019,"2018-01-20 08:25:00"
IOP,0.00055064,"2018-01-20 08:30:00"
IOP,0.00055,"2018-01-20 08:35:00"
IOP,0.00053543,"2018-01-20 08:40:00"
IOP,0.0005407,"2018-01-20 08:45:00"
IOP,0.00054,"2018-01-20 08:50:00"
IOP,0.00054053,"2018-01-20 08:55:00"
IOP,0.0005407,"2018-01-20 09:00:00"
IOP,0.00054697,"2018-01-20 09:05:00"
IOP,0.00054697,"2018-01-20 09:10:00"
IOP,0.00054627,"2018-01-20 09:15:00"
IOP,0.00054627,"2018-01-20 09:20:00"
IOP,0.00054627,"2018-01-20 09:25:00"
IOP,0.00054126,"2018-01-20 09:30:00"
IOP,0.00054126,"2018-01-20 09:35:00"
IOP,0.00054126,"2018-01-20 09:40:00"
IOP,0.0005423,"2018-01-20 09:45:00"
IOP,0.00054806,"2018-01-20 09:50:00"
IOP,0.00054223,"2018-01-20 09:55:00"
IOP,0.00054223,"2018-01-20 10:00:00"
IOP,0.00054223,"2018-01-20 10:05:00"
IOP,0.00054197,"2018-01-20 10:10:00"
IOP,0.00053876,"2018-01-20 10:15:00"
IOP,0.00053592,"2018-01-20 10:20:00"
IOP,0.00053566,"2018-01-20 10:25:00"
IOP,0.00053558,"2018-01-20 10:30:00"
IOP,0.00053539,"2018-01-20 10:35:00"
IOP,0.00053256,"2018-01-20 10:40:00"
IOP,0.00053175,"2018-01-20 10:45:00"
IOP,0.000528,"2018-01-20 10:50:00"
IOP,0.00052651,"2018-01-20 10:55:00"
IOP,0.00053,"2018-01-20 11:00:00"
IOP,0.00053743,"2018-01-20 11:05:00"
IOP,0.00052523,"2018-01-20 11:10:00"
IOP,0.00053659,"2018-01-20 11:15:00"
IOP,0.0005357,"2018-01-20 11:20:00"
IOP,0.00053643,"2018-01-20 11:25:00"
IOP,0.00053637,"2018-01-20 11:30:00"
IOP,0.00053011,"2018-01-20 11:35:00"
IOP,0.00053011,"2018-01-20 11:40:00"
IOP,0.0005306,"2018-01-20 11:45:00"
IOP,0.00053121,"2018-01-20 11:50:00"
IOP,0.00053127,"2018-01-20 11:55:00"
IOP,0.00053127,"2018-01-20 12:00:00"
IOP,0.000534,"2018-01-20 12:05:00"
IOP,0.000534,"2018-01-20 12:10:00"
IOP,0.000535,"2018-01-20 12:15:00"
IOP,0.000538,"2018-01-20 12:20:00"
IOP,0.0005422,"2018-01-20 12:25:00"
IOP,0.00055422,"2018-01-20 12:30:00"
IOP,0.00054486,"2018-01-20 12:35:00"
IOP,0.00054999,"2018-01-20 12:40:00"
IOP,0.00054995,"2018-01-20 12:45:00"
IOP,0.00054724,"2018-01-20 12:50:00"
IOP,0.00054857,"2018-01-20 12:55:00"
IOP,0.00054723,"2018-01-20 13:00:00"
IOP,0.00055165,"2018-01-20 13:05:00"
IOP,0.00054484,"2018-01-20 13:10:00"
IOP,0.00055027,"2018-01-20 13:15:00"
IOP,0.00054486,"2018-01-20 13:20:00"
IOP,0.00054486,"2018-01-20 13:25:00"
IOP,0.00053736,"2018-01-20 13:30:00"
IOP,0.00053736,"2018-01-20 13:35:00"
IOP,0.00054678,"2018-01-20 13:40:00"
IOP,0.000538,"2018-01-20 13:45:00"
IOP,0.00054998,"2018-01-20 13:50:00"
IOP,0.00053799,"2018-01-20 13:55:00"
IOP,0.00053905,"2018-01-20 14:00:00"
IOP,0.00054651,"2018-01-20 14:05:00"
IOP,0.00054532,"2018-01-20 14:10:00"
IOP,0.00054532,"2018-01-20 14:15:00"
IOP,0.0005353,"2018-01-20 14:20:00"
IOP,0.0005353,"2018-01-20 14:25:00"
IOP,0.00053583,"2018-01-20 14:30:00"
IOP,0.00054812,"2018-01-20 14:35:00"
IOP,0.00054616,"2018-01-20 14:40:00"
IOP,0.0005417,"2018-01-20 14:45:00"
IOP,0.0005417,"2018-01-20 14:50:00"
IOP,0.00054172,"2018-01-20 14:55:00"
IOP,0.00055043,"2018-01-20 15:00:00"
IOP,0.00055043,"2018-01-20 15:05:00"
IOP,0.00055043,"2018-01-20 15:10:00"
IOP,0.00054115,"2018-01-20 15:15:00"
IOP,0.00054114,"2018-01-20 15:20:00"
IOP,0.00054114,"2018-01-20 15:25:00"
IOP,0.00054114,"2018-01-20 15:30:00"
IOP,0.000532,"2018-01-20 15:35:00"
IOP,0.00052527,"2018-01-20 15:40:00"
IOP,0.00052529,"2018-01-20 15:45:00"
IOP,0.00053314,"2018-01-20 15:50:00"
IOP,0.00053313,"2018-01-20 15:55:00"
IOP,0.00052527,"2018-01-20 16:00:00"
IOP,0.00053239,"2018-01-20 16:05:00"
IOP,0.00053279,"2018-01-20 16:10:00"
IOP,0.00053229,"2018-01-20 16:15:00"
IOP,0.00052692,"2018-01-20 16:20:00"
IOP,0.00052706,"2018-01-20 16:25:00"
IOP,0.000523,"2018-01-20 16:30:00"
IOP,0.00052471,"2018-01-20 16:35:00"
IOP,0.00052471,"2018-01-20 16:40:00"
IOP,0.00052471,"2018-01-20 16:45:00"
IOP,0.000523,"2018-01-20 16:50:00"
IOP,0.00052301,"2018-01-20 16:55:00"
IOP,0.000528,"2018-01-20 17:00:00"
IOP,0.000528,"2018-01-20 17:05:00"
IOP,0.00053228,"2018-01-20 17:10:00"
IOP,0.0005293,"2018-01-20 17:15:00"
IOP,0.00053503,"2018-01-20 17:20:00"
IOP,0.00054116,"2018-01-20 17:25:00"
IOP,0.000539,"2018-01-20 17:30:00"
IOP,0.000539,"2018-01-20 17:35:00"
IOP,0.00054584,"2018-01-20 17:40:00"
IOP,0.000545,"2018-01-20 17:45:00"
IOP,0.00055,"2018-01-20 17:50:00"
IOP,0.00053336,"2018-01-20 17:55:00"
IOP,0.00052366,"2018-01-20 18:00:00"
IOP,0.000523,"2018-01-20 18:05:00"
IOP,0.0005265,"2018-01-20 18:10:00"
IOP,0.00052784,"2018-01-20 18:15:00"
IOP,0.00052209,"2018-01-20 18:20:00"
IOP,0.000516,"2018-01-20 18:25:00"
IOP,0.000516,"2018-01-20 18:30:00"
IOP,0.00053084,"2018-01-20 18:35:00"
IOP,0.00052655,"2018-01-20 18:40:00"
IOP,0.00052958,"2018-01-20 18:45:00"
IOP,0.00052956,"2018-01-20 18:50:00"
IOP,0.00051889,"2018-01-20 18:55:00"
IOP,0.00052787,"2018-01-20 19:00:00"
IOP,0.00052756,"2018-01-20 19:05:00"
IOP,0.00052756,"2018-01-20 19:10:00"
IOP,0.00052734,"2018-01-20 19:15:00"
IOP,0.000521,"2018-01-20 19:20:00"
IOP,0.000522,"2018-01-20 19:25:00"
IOP,0.00052774,"2018-01-20 19:30:00"
IOP,0.000519,"2018-01-20 19:35:00"
IOP,0.00052719,"2018-01-20 19:40:00"
IOP,0.00052002,"2018-01-20 19:45:00"
IOP,0.00052002,"2018-01-20 19:50:00"
IOP,0.0005249,"2018-01-20 19:55:00"
IOP,0.000524,"2018-01-20 20:00:00"
IOP,0.0005235,"2018-01-20 20:05:00"
IOP,0.00051458,"2018-01-20 20:10:00"
IOP,0.00051544,"2018-01-20 20:15:00"
IOP,0.0005154,"2018-01-20 20:20:00"
IOP,0.00052,"2018-01-20 20:25:00"
IOP,0.00052,"2018-01-20 20:30:00"
IOP,0.0005199,"2018-01-20 20:35:00"
IOP,0.00052488,"2018-01-20 20:40:00"
IOP,0.00052344,"2018-01-20 20:45:00"
IOP,0.00052725,"2018-01-20 20:50:00"
IOP,0.00052725,"2018-01-20 20:55:00"
IOP,0.00052344,"2018-01-20 21:00:00"
IOP,0.00052344,"2018-01-20 21:05:00"
IOP,0.0005145,"2018-01-20 21:10:00"
IOP,0.0005145,"2018-01-20 21:15:00"
IOP,0.00051459,"2018-01-20 21:20:00"
IOP,0.00051459,"2018-01-20 21:25:00"
IOP,0.00051602,"2018-01-20 21:30:00"
IOP,0.00052434,"2018-01-20 21:35:00"
IOP,0.00052416,"2018-01-20 21:40:00"
IOP,0.00052439,"2018-01-20 21:45:00"
IOP,0.0005312,"2018-01-20 21:50:00"
IOP,0.0005495,"2018-01-20 21:55:00"
IOP,0.00055599,"2018-01-20 22:00:00"
IOP,0.00054356,"2018-01-20 22:05:00"
IOP,0.00053445,"2018-01-20 22:10:00"
IOP,0.00053451,"2018-01-20 22:15:00"
IOP,0.00054954,"2018-01-20 22:20:00"
IOP,0.00053597,"2018-01-20 22:25:00"
IOP,0.00053478,"2018-01-20 22:30:00"
IOP,0.00053478,"2018-01-20 22:35:00"
IOP,0.000534,"2018-01-20 22:40:00"
IOP,0.000534,"2018-01-20 22:45:00"
IOP,0.000534,"2018-01-20 22:50:00"
IOP,0.00053214,"2018-01-20 22:55:00"
IOP,0.00053214,"2018-01-20 23:00:00"
IOP,0.00053474,"2018-01-20 23:05:00"
IOP,0.00054201,"2018-01-20 23:10:00"
IOP,0.000535,"2018-01-20 23:15:00"
IOP,0.000535,"2018-01-20 23:20:00"
IOP,0.00053214,"2018-01-20 23:25:00"
IOP,0.00052788,"2018-01-20 23:30:00"
IOP,0.00054198,"2018-01-20 23:35:00"
IOP,0.00054166,"2018-01-20 23:40:00"
IOP,0.00054135,"2018-01-20 23:45:00"
IOP,0.000527,"2018-01-20 23:50:00"
IOP,0.00052658,"2018-01-20 23:55:00"
IOP,0.00052658,"2018-01-21 00:00:00"
IOP,0.00053389,"2018-01-21 00:05:00"
IOP,0.00053387,"2018-01-21 00:10:00"
IOP,0.00053458,"2018-01-21 00:15:00"
IOP,0.00052735,"2018-01-21 00:20:00"
IOP,0.00053447,"2018-01-21 00:25:00"
IOP,0.00053497,"2018-01-21 00:30:00"
IOP,0.00053497,"2018-01-21 00:35:00"
IOP,0.0005414,"2018-01-21 00:40:00"
IOP,0.00054138,"2018-01-21 00:45:00"
IOP,0.00053498,"2018-01-21 00:50:00"
IOP,0.00053999,"2018-01-21 00:55:00"
IOP,0.00054,"2018-01-21 01:00:00"
IOP,0.00054135,"2018-01-21 01:05:00"
IOP,0.00054,"2018-01-21 01:10:00"
IOP,0.00054,"2018-01-21 01:15:00"
IOP,0.00054108,"2018-01-21 01:20:00"
IOP,0.00053447,"2018-01-21 01:25:00"
IOP,0.00053504,"2018-01-21 01:30:00"
IOP,0.00053504,"2018-01-21 01:35:00"
IOP,0.00052735,"2018-01-21 01:40:00"
IOP,0.00052664,"2018-01-21 01:45:00"
IOP,0.00053946,"2018-01-21 01:50:00"
IOP,0.00053834,"2018-01-21 01:55:00"
IOP,0.00052715,"2018-01-21 02:00:00"
IOP,0.00052416,"2018-01-21 02:05:00"
IOP,0.00052002,"2018-01-21 02:10:00"
IOP,0.00052002,"2018-01-21 02:15:00"
IOP,0.00052003,"2018-01-21 02:20:00"
IOP,0.00052416,"2018-01-21 02:25:00"
IOP,0.00052416,"2018-01-21 02:30:00"
IOP,0.00052416,"2018-01-21 02:35:00"
IOP,0.00052416,"2018-01-21 02:40:00"
IOP,0.00052416,"2018-01-21 02:45:00"
IOP,0.00052666,"2018-01-21 02:50:00"
IOP,0.00052666,"2018-01-21 02:55:00"
IOP,0.00052616,"2018-01-21 03:00:00"
IOP,0.00052666,"2018-01-21 03:05:00"
IOP,0.00052666,"2018-01-21 03:10:00"
IOP,0.00052666,"2018-01-21 03:15:00"
IOP,0.0005311,"2018-01-21 03:20:00"
IOP,0.0005311,"2018-01-21 03:25:00"
IOP,0.00052666,"2018-01-21 03:30:00"
IOP,0.00053152,"2018-01-21 03:35:00"
IOP,0.00052783,"2018-01-21 03:40:00"
IOP,0.00052676,"2018-01-21 03:45:00"
IOP,0.00052666,"2018-01-21 03:50:00"
IOP,0.00052597,"2018-01-21 03:55:00"
IOP,0.000521,"2018-01-21 04:00:00"
IOP,0.000521,"2018-01-21 04:05:00"
IOP,0.000521,"2018-01-21 04:10:00"
IOP,0.00052522,"2018-01-21 04:15:00"
IOP,0.00052522,"2018-01-21 04:20:00"
IOP,0.00052596,"2018-01-21 04:25:00"
IOP,0.00052596,"2018-01-21 04:30:00"
IOP,0.000521,"2018-01-21 04:35:00"
IOP,0.00052589,"2018-01-21 04:40:00"
IOP,0.00052578,"2018-01-21 04:45:00"
IOP,0.0005215,"2018-01-21 04:50:00"
IOP,0.00052571,"2018-01-21 04:55:00"
IOP,0.00052572,"2018-01-21 05:00:00"
IOP,0.00052596,"2018-01-21 05:05:00"
IOP,0.000523,"2018-01-21 05:10:00"
IOP,0.0005228,"2018-01-21 05:15:00"
IOP,0.00052436,"2018-01-21 05:20:00"
IOP,0.00052603,"2018-01-21 05:25:00"
IOP,0.00052596,"2018-01-21 05:30:00"
IOP,0.00052596,"2018-01-21 05:35:00"
IOP,0.0005262,"2018-01-21 05:40:00"
IOP,0.0005262,"2018-01-21 05:45:00"
IOP,0.00053129,"2018-01-21 05:50:00"
IOP,0.0005308,"2018-01-21 05:55:00"
IOP,0.00052865,"2018-01-21 06:00:00"
IOP,0.0005263,"2018-01-21 06:05:00"
IOP,0.0005264,"2018-01-21 06:10:00"
IOP,0.00052379,"2018-01-21 06:15:00"
IOP,0.000523,"2018-01-21 06:20:00"
IOP,0.00052379,"2018-01-21 06:25:00"
IOP,0.00052379,"2018-01-21 06:30:00"
IOP,0.00052379,"2018-01-21 06:35:00"
IOP,0.00052379,"2018-01-21 06:40:00"
IOP,0.000523,"2018-01-21 06:45:00"
IOP,0.00052379,"2018-01-21 06:50:00"
IOP,0.00052379,"2018-01-21 06:55:00"
IOP,0.000523,"2018-01-21 07:00:00"
IOP,0.000523,"2018-01-21 07:05:00"
IOP,0.000523,"2018-01-21 07:10:00"
IOP,0.00052379,"2018-01-21 07:15:00"
IOP,0.00052379,"2018-01-21 07:20:00"
IOP,0.00052379,"2018-01-21 07:25:00"
IOP,0.00052379,"2018-01-21 07:30:00"
IOP,0.0005233,"2018-01-21 07:35:00"
IOP,0.0005233,"2018-01-21 07:40:00"
IOP,0.0005216,"2018-01-21 07:45:00"
IOP,0.00052248,"2018-01-21 07:50:00"
IOP,0.00051899,"2018-01-21 07:55:00"
IOP,0.000518,"2018-01-21 08:00:00"
IOP,0.00051803,"2018-01-21 08:05:00"
IOP,0.00051888,"2018-01-21 08:10:00"
IOP,0.00051899,"2018-01-21 08:15:00"
IOP,0.00051899,"2018-01-21 08:20:00"
IOP,0.00051899,"2018-01-21 08:25:00"
IOP,0.000519,"2018-01-21 08:30:00"
IOP,0.000515,"2018-01-21 08:35:00"
IOP,0.00051896,"2018-01-21 08:40:00"
IOP,0.00051886,"2018-01-21 08:45:00"
IOP,0.0005115,"2018-01-21 08:50:00"
IOP,0.00051121,"2018-01-21 08:55:00"
IOP,0.00051063,"2018-01-21 09:00:00"
IOP,0.00051063,"2018-01-21 09:05:00"
IOP,0.00051,"2018-01-21 09:10:00"
IOP,0.00051111,"2018-01-21 09:15:00"
IOP,0.00051882,"2018-01-21 09:20:00"
IOP,0.00051888,"2018-01-21 09:25:00"
IOP,0.000523,"2018-01-21 09:30:00"
IOP,0.000523,"2018-01-21 09:35:00"
IOP,0.00052379,"2018-01-21 09:40:00"
IOP,0.00052489,"2018-01-21 09:45:00"
IOP,0.00052835,"2018-01-21 09:50:00"
IOP,0.00053285,"2018-01-21 09:55:00"
IOP,0.00052396,"2018-01-21 10:00:00"
IOP,0.00053285,"2018-01-21 10:05:00"
IOP,0.00052323,"2018-01-21 10:10:00"
IOP,0.0005147,"2018-01-21 10:15:00"
IOP,0.0005143,"2018-01-21 10:20:00"
IOP,0.00051456,"2018-01-21 10:25:00"
IOP,0.00051757,"2018-01-21 10:30:00"
IOP,0.00051756,"2018-01-21 10:35:00"
IOP,0.00051019,"2018-01-21 10:40:00"
IOP,0.00051019,"2018-01-21 10:45:00"
IOP,0.00050969,"2018-01-21 10:50:00"
IOP,0.00050971,"2018-01-21 10:55:00"
IOP,0.0005097,"2018-01-21 11:00:00"
IOP,0.000515,"2018-01-21 11:05:00"
IOP,0.000505,"2018-01-21 11:10:00"
IOP,0.00050527,"2018-01-21 11:15:00"
IOP,0.00050536,"2018-01-21 11:20:00"
IOP,0.00050543,"2018-01-21 11:25:00"
IOP,0.00050544,"2018-01-21 11:30:00"
IOP,0.00050544,"2018-01-21 11:35:00"
IOP,0.00050928,"2018-01-21 11:40:00"
IOP,0.00050928,"2018-01-21 11:45:00"
IOP,0.00050928,"2018-01-21 11:50:00"
IOP,0.00050791,"2018-01-21 11:55:00"
IOP,0.00050791,"2018-01-21 12:00:00"
IOP,0.00050791,"2018-01-21 12:05:00"
IOP,0.00050987,"2018-01-21 12:10:00"
IOP,0.00050791,"2018-01-21 12:15:00"
IOP,0.00050501,"2018-01-21 12:20:00"
IOP,0.00050987,"2018-01-21 12:25:00"
IOP,0.00051713,"2018-01-21 12:30:00"
IOP,0.00051711,"2018-01-21 12:35:00"
IOP,0.00051711,"2018-01-21 12:40:00"
IOP,0.00051709,"2018-01-21 12:45:00"
IOP,0.00051709,"2018-01-21 12:50:00"
IOP,0.00051005,"2018-01-21 12:55:00"
IOP,0.00051005,"2018-01-21 13:00:00"
IOP,0.0005172,"2018-01-21 13:05:00"
IOP,0.00051719,"2018-01-21 13:10:00"
IOP,0.00051151,"2018-01-21 13:15:00"
IOP,0.00051201,"2018-01-21 13:20:00"
IOP,0.00052001,"2018-01-21 13:25:00"
IOP,0.00052108,"2018-01-21 13:30:00"
IOP,0.00052108,"2018-01-21 13:35:00"
IOP,0.00052108,"2018-01-21 13:40:00"
IOP,0.00048594,"2018-01-21 13:45:00"
IOP,0.00050103,"2018-01-21 13:50:00"
IOP,0.00048957,"2018-01-21 13:55:00"
IOP,0.00049502,"2018-01-21 14:00:00"
IOP,0.00049997,"2018-01-21 14:05:00"
IOP,0.00050123,"2018-01-21 14:10:00"
IOP,0.00050122,"2018-01-21 14:15:00"
IOP,0.00049788,"2018-01-21 14:20:00"
IOP,0.00050123,"2018-01-21 14:25:00"
IOP,0.00049785,"2018-01-21 14:30:00"
IOP,0.00049503,"2018-01-21 14:35:00"
IOP,0.000493,"2018-01-21 14:40:00"
IOP,0.000493,"2018-01-21 14:45:00"
IOP,0.00049373,"2018-01-21 14:50:00"
IOP,0.00050322,"2018-01-21 14:55:00"
IOP,0.00050039,"2018-01-21 15:00:00"
IOP,0.00049701,"2018-01-21 15:05:00"
IOP,0.00050299,"2018-01-21 15:10:00"
IOP,0.0005009,"2018-01-21 15:15:00"
IOP,0.00048678,"2018-01-21 15:20:00"
IOP,0.00049316,"2018-01-21 15:25:00"
IOP,0.00049707,"2018-01-21 15:30:00"
IOP,0.00049082,"2018-01-21 15:35:00"
IOP,0.00048826,"2018-01-21 15:40:00"
IOP,0.00049779,"2018-01-21 15:45:00"
IOP,0.00049779,"2018-01-21 15:50:00"
IOP,0.00049779,"2018-01-21 15:55:00"
IOP,0.00049747,"2018-01-21 16:00:00"
IOP,0.00049755,"2018-01-21 16:05:00"
IOP,0.00049754,"2018-01-21 16:10:00"
IOP,0.00049756,"2018-01-21 16:15:00"
IOP,0.00049756,"2018-01-21 16:20:00"
IOP,0.0005,"2018-01-21 16:25:00"
IOP,0.0005,"2018-01-21 16:30:00"
IOP,0.00050002,"2018-01-21 16:35:00"
IOP,0.00050002,"2018-01-21 16:40:00"
IOP,0.00050403,"2018-01-21 16:45:00"
IOP,0.00050052,"2018-01-21 16:50:00"
IOP,0.00050052,"2018-01-21 16:55:00"
IOP,0.00050004,"2018-01-21 17:00:00"
IOP,0.0004978,"2018-01-21 17:05:00"
IOP,0.0004978,"2018-01-21 17:10:00"
IOP,0.0005,"2018-01-21 17:15:00"
IOP,0.00050129,"2018-01-21 17:20:00"
IOP,0.000505,"2018-01-21 17:25:00"
IOP,0.00050375,"2018-01-21 17:30:00"
IOP,0.00050132,"2018-01-21 17:35:00"
IOP,0.00050027,"2018-01-21 17:40:00"
IOP,0.00050039,"2018-01-21 17:45:00"
IOP,0.00050039,"2018-01-21 17:50:00"
IOP,0.00050046,"2018-01-21 17:55:00"
IOP,0.00050117,"2018-01-21 18:00:00"
IOP,0.00050117,"2018-01-21 18:05:00"
IOP,0.00050011,"2018-01-21 18:10:00"
IOP,0.00050011,"2018-01-21 18:15:00"
IOP,0.00050011,"2018-01-21 18:20:00"
IOP,0.00050001,"2018-01-21 18:25:00"
IOP,0.00049004,"2018-01-21 18:30:00"
IOP,0.00049718,"2018-01-21 18:35:00"
IOP,0.00049703,"2018-01-21 18:40:00"
IOP,0.00049384,"2018-01-21 18:45:00"
IOP,0.00049384,"2018-01-21 18:50:00"
IOP,0.0004905,"2018-01-21 18:55:00"
IOP,0.000491,"2018-01-21 19:00:00"
IOP,0.000493,"2018-01-21 19:05:00"
IOP,0.00049153,"2018-01-21 19:10:00"
IOP,0.00049922,"2018-01-21 19:15:00"
IOP,0.00049922,"2018-01-21 19:20:00"
IOP,0.00049508,"2018-01-21 19:25:00"
IOP,0.00049982,"2018-01-21 19:30:00"
IOP,0.00049982,"2018-01-21 19:35:00"
IOP,0.00049991,"2018-01-21 19:40:00"
IOP,0.000498,"2018-01-21 19:45:00"
IOP,0.000498,"2018-01-21 19:50:00"
IOP,0.00049563,"2018-01-21 19:55:00"
IOP,0.000498,"2018-01-21 20:00:00"
IOP,0.000498,"2018-01-21 20:05:00"
IOP,0.00049575,"2018-01-21 20:10:00"
IOP,0.00049563,"2018-01-21 20:15:00"
IOP,0.0005,"2018-01-21 20:20:00"
IOP,0.00049563,"2018-01-21 20:25:00"
IOP,0.00049563,"2018-01-21 20:30:00"
IOP,0.00049563,"2018-01-21 20:35:00"
IOP,0.00049564,"2018-01-21 20:40:00"
IOP,0.00049564,"2018-01-21 20:45:00"
IOP,0.00049564,"2018-01-21 20:50:00"
IOP,0.0004975,"2018-01-21 20:55:00"
IOP,0.0004975,"2018-01-21 21:00:00"
IOP,0.0004975,"2018-01-21 21:05:00"
IOP,0.00049755,"2018-01-21 21:10:00"
IOP,0.00049755,"2018-01-21 21:15:00"
IOP,0.00049566,"2018-01-21 21:20:00"
IOP,0.00049563,"2018-01-21 21:25:00"
IOP,0.00049563,"2018-01-21 21:30:00"
IOP,0.0005,"2018-01-21 21:35:00"
IOP,0.00049563,"2018-01-21 21:40:00"
IOP,0.00049563,"2018-01-21 21:45:00"
IOP,0.00049563,"2018-01-21 21:50:00"
IOP,0.00049563,"2018-01-21 21:55:00"
IOP,0.00049563,"2018-01-21 22:00:00"
IOP,0.00050094,"2018-01-21 22:05:00"
IOP,0.00050094,"2018-01-21 22:10:00"
IOP,0.00050094,"2018-01-21 22:15:00"
IOP,0.00050094,"2018-01-21 22:20:00"
IOP,0.00050074,"2018-01-21 22:25:00"
IOP,0.000495,"2018-01-21 22:30:00"
IOP,0.00048957,"2018-01-21 22:35:00"
IOP,0.00048975,"2018-01-21 22:40:00"
IOP,0.00049468,"2018-01-21 22:45:00"
IOP,0.00049468,"2018-01-21 22:50:00"
IOP,0.00049683,"2018-01-21 22:55:00"
IOP,0.00049683,"2018-01-21 23:00:00"
IOP,0.00049567,"2018-01-21 23:05:00"
IOP,0.00049567,"2018-01-21 23:10:00"
IOP,0.00049567,"2018-01-21 23:15:00"
IOP,0.00049567,"2018-01-21 23:20:00"
IOP,0.00049567,"2018-01-21 23:25:00"
IOP,0.00049567,"2018-01-21 23:30:00"
IOP,0.00049567,"2018-01-21 23:35:00"
IOP,0.00049567,"2018-01-21 23:40:00"
IOP,0.00049567,"2018-01-21 23:45:00"
IOP,0.000496,"2018-01-21 23:50:00"
IOP,0.00050115,"2018-01-21 23:55:00"
IOP,0.00050115,"2018-01-22 00:00:00"
IOP,0.00050115,"2018-01-22 00:05:00"
IOP,0.00050115,"2018-01-22 00:10:00"
IOP,0.00050115,"2018-01-22 00:15:00"
IOP,0.00050115,"2018-01-22 00:20:00"
IOP,0.00050117,"2018-01-22 00:25:00"
IOP,0.00050115,"2018-01-22 00:30:00"
IOP,0.00050115,"2018-01-22 00:35:00"
IOP,0.00050115,"2018-01-22 00:40:00"
IOP,0.00050115,"2018-01-22 00:45:00"
IOP,0.00050115,"2018-01-22 00:50:00"
IOP,0.000495,"2018-01-22 00:55:00"
IOP,0.00049314,"2018-01-22 01:00:00"
IOP,0.00049314,"2018-01-22 01:05:00"
IOP,0.00050115,"2018-01-22 01:10:00"
IOP,0.00050115,"2018-01-22 01:15:00"
IOP,0.00050115,"2018-01-22 01:20:00"
IOP,0.00050115,"2018-01-22 01:25:00"
IOP,0.00050115,"2018-01-22 01:30:00"
IOP,0.00050115,"2018-01-22 01:35:00"
IOP,0.00050115,"2018-01-22 01:40:00"
IOP,0.00050115,"2018-01-22 01:45:00"
IOP,0.00050115,"2018-01-22 01:50:00"
IOP,0.000495,"2018-01-22 01:55:00"
IOP,0.00050091,"2018-01-22 02:00:00"
IOP,0.00050091,"2018-01-22 02:05:00"
IOP,0.00050107,"2018-01-22 02:10:00"
IOP,0.00050107,"2018-01-22 02:15:00"
IOP,0.00050107,"2018-01-22 02:20:00"
IOP,0.000495,"2018-01-22 02:25:00"
IOP,0.00049102,"2018-01-22 02:30:00"
IOP,0.00049102,"2018-01-22 02:35:00"
IOP,0.00049102,"2018-01-22 02:40:00"
IOP,0.0004909,"2018-01-22 02:45:00"
IOP,0.0004909,"2018-01-22 02:50:00"
IOP,0.00049013,"2018-01-22 02:55:00"
IOP,0.0004909,"2018-01-22 03:00:00"
IOP,0.00048839,"2018-01-22 03:05:00"
IOP,0.00048839,"2018-01-22 03:10:00"
IOP,0.00049102,"2018-01-22 03:15:00"
IOP,0.00048839,"2018-01-22 03:20:00"
IOP,0.00048839,"2018-01-22 03:25:00"
IOP,0.00048678,"2018-01-22 03:30:00"
IOP,0.00048678,"2018-01-22 03:35:00"
IOP,0.0004851,"2018-01-22 03:40:00"
IOP,0.00048495,"2018-01-22 03:45:00"
IOP,0.00049101,"2018-01-22 03:50:00"
IOP,0.00048497,"2018-01-22 03:55:00"
IOP,0.000484,"2018-01-22 04:00:00"
IOP,0.00048338,"2018-01-22 04:05:00"
IOP,0.00048339,"2018-01-22 04:10:00"
IOP,0.0004834,"2018-01-22 04:15:00"
IOP,0.0004834,"2018-01-22 04:20:00"
IOP,0.0004834,"2018-01-22 04:25:00"
IOP,0.00048339,"2018-01-22 04:30:00"
IOP,0.00048339,"2018-01-22 04:35:00"
IOP,0.00048999,"2018-01-22 04:40:00"
IOP,0.00048999,"2018-01-22 04:45:00"
IOP,0.00048999,"2018-01-22 04:50:00"
IOP,0.00048999,"2018-01-22 04:55:00"
IOP,0.0004817,"2018-01-22 05:00:00"
IOP,0.00048584,"2018-01-22 05:05:00"
IOP,0.00048584,"2018-01-22 05:10:00"
IOP,0.000481,"2018-01-22 05:15:00"
IOP,0.000481,"2018-01-22 05:20:00"
IOP,0.00048087,"2018-01-22 05:25:00"
IOP,0.00048087,"2018-01-22 05:30:00"
IOP,0.00048063,"2018-01-22 05:35:00"
IOP,0.00048063,"2018-01-22 05:40:00"
IOP,0.00048063,"2018-01-22 05:45:00"
IOP,0.00048011,"2018-01-22 05:50:00"
IOP,0.00048085,"2018-01-22 05:55:00"
IOP,0.00048,"2018-01-22 06:00:00"
IOP,0.000479,"2018-01-22 06:05:00"
IOP,0.00047999,"2018-01-22 06:10:00"
IOP,0.00048,"2018-01-22 06:15:00"
IOP,0.000475,"2018-01-22 06:20:00"
IOP,0.00047998,"2018-01-22 06:25:00"
IOP,0.00047998,"2018-01-22 06:30:00"
IOP,0.00047998,"2018-01-22 06:35:00"
IOP,0.00047998,"2018-01-22 06:40:00"
IOP,0.00047501,"2018-01-22 06:45:00"
IOP,0.00047501,"2018-01-22 06:50:00"
IOP,0.00047502,"2018-01-22 06:55:00"
IOP,0.0004716,"2018-01-22 07:00:00"
IOP,0.00047379,"2018-01-22 07:05:00"
IOP,0.00047745,"2018-01-22 07:10:00"
IOP,0.0004799,"2018-01-22 07:15:00"
IOP,0.00047995,"2018-01-22 07:20:00"
IOP,0.00047995,"2018-01-22 07:25:00"
IOP,0.00047995,"2018-01-22 07:30:00"
IOP,0.00048,"2018-01-22 07:35:00"
IOP,0.00048,"2018-01-22 07:40:00"
IOP,0.00048,"2018-01-22 07:45:00"
IOP,0.00047995,"2018-01-22 07:50:00"
IOP,0.00047998,"2018-01-22 07:55:00"
IOP,0.00048,"2018-01-22 08:00:00"
IOP,0.00047999,"2018-01-22 08:05:00"
IOP,0.00047144,"2018-01-22 08:10:00"
IOP,0.00047758,"2018-01-22 08:15:00"
IOP,0.0004715,"2018-01-22 08:20:00"
IOP,0.00047216,"2018-01-22 08:25:00"
IOP,0.00047556,"2018-01-22 08:30:00"
IOP,0.00047556,"2018-01-22 08:35:00"
IOP,0.00049219,"2018-01-22 08:40:00"
IOP,0.00049219,"2018-01-22 08:45:00"
IOP,0.00049219,"2018-01-22 08:50:00"
IOP,0.00048347,"2018-01-22 08:55:00"
IOP,0.00048347,"2018-01-22 09:00:00"
IOP,0.00048347,"2018-01-22 09:05:00"
IOP,0.00048345,"2018-01-22 09:10:00"
IOP,0.00047958,"2018-01-22 09:15:00"
IOP,0.00048347,"2018-01-22 09:20:00"
IOP,0.00048832,"2018-01-22 09:25:00"
IOP,0.00048832,"2018-01-22 09:30:00"
IOP,0.00048061,"2018-01-22 09:35:00"
IOP,0.00047974,"2018-01-22 09:40:00"
IOP,0.00048767,"2018-01-22 09:45:00"
IOP,0.00048986,"2018-01-22 09:50:00"
IOP,0.00048972,"2018-01-22 09:55:00"
IOP,0.00048973,"2018-01-22 10:00:00"
IOP,0.00048973,"2018-01-22 10:05:00"
IOP,0.00048984,"2018-01-22 10:10:00"
IOP,0.00048993,"2018-01-22 10:15:00"
IOP,0.00048993,"2018-01-22 10:20:00"
IOP,0.0004922,"2018-01-22 10:25:00"
IOP,0.00048994,"2018-01-22 10:30:00"
IOP,0.00049219,"2018-01-22 10:35:00"
IOP,0.00049296,"2018-01-22 10:40:00"
IOP,0.0004955,"2018-01-22 10:45:00"
IOP,0.00050117,"2018-01-22 10:50:00"
IOP,0.00050117,"2018-01-22 10:55:00"
IOP,0.00050116,"2018-01-22 11:00:00"
IOP,0.00050955,"2018-01-22 11:05:00"
IOP,0.00050287,"2018-01-22 11:10:00"
IOP,0.00051001,"2018-01-22 11:15:00"
IOP,0.00051528,"2018-01-22 11:20:00"
IOP,0.00051355,"2018-01-22 11:25:00"
IOP,0.00050282,"2018-01-22 11:30:00"
IOP,0.00050283,"2018-01-22 11:35:00"
IOP,0.00050699,"2018-01-22 11:40:00"
IOP,0.00051051,"2018-01-22 11:45:00"
IOP,0.00051,"2018-01-22 11:50:00"
IOP,0.00051,"2018-01-22 11:55:00"
IOP,0.00050403,"2018-01-22 12:00:00"
IOP,0.000503,"2018-01-22 12:05:00"
IOP,0.00050283,"2018-01-22 12:10:00"
IOP,0.00050115,"2018-01-22 12:15:00"
IOP,0.00050777,"2018-01-22 12:20:00"
